-20113
-3967
2434
24425
3711
-32129
4480
6784
14976
9088
-16786
-2944
-18815
5737
2431
30335
7040
24192
-12673
6784
25966
23937
6527
-921
-21378
-13697
4224
-32640
7296
-1921
-24722
-29311
-31359
20584
-12930
-16769
6528
27264
4992
-15233
25453
-5504
19329
-12953
-12930
-32129
10112
23168
-5505
-1409
-18324
28032
-28290
14951
-10882
-29825
3968
17792
-13697
-7297
2669
19840
19329
-28824
-2946
27263
3200
21632
-2177
-2945
25450
-10115
11389
3430
-18306
-28289
3712
25984
-18561
11904
12653
7297
-14209
4201
-29058
-15233
7552
-29056
-19329
4992
21868
-22912
13185
-1689
-18050
-24961
11392
-28544
-1153
16512
-10644
-30592
-30848
-28568
-16770
-28033
-2177
-28544
-21121
5248
23660
-26240
28287
12647
-29570
-21889
1408
-25728
28799
640
9836
8320
20609
14952
-27266
-22145
3968
-17536
-18561
1152
-4501
-1409
-10882
-1433
-19842
-13441
-2433
-19328
-30593
1152
23148
22912
32128
21352
-25986
-13953
-129
-24192
-23937
1664
11627
7551
-23425
13672
-26754
-15745
5248
-14464
-21633
-7041
9068
-20353
31870
30056
-29314
-14465
1408
-13440
31359
-6785
-28312
29308
-20613
-31130
-11906
-21377
6016
-17280
24191
-897
-22676
-4481
-26496
-19094
-19586
-23425
-6529
-23680
-31873
7040
-17812
-8833
-12674
15978
-18562
-17537
-7041
-14720
26239
3712
5741
17024
32640
8299
-19074
-16257
-3201
-6784
20351
6528
-2708
4992
26753
-21141
32126
-27777
-5505
-13440
30847
-1665
-6548
-6529
17023
21356
-16002
-27521
-6273
-1152
-30849
13952
-14740
30079
-1666
3179
-11138
31615
-7041
-1152
-27265
5248
-21139
-32641
-19842
30572
-20354
-12673
-13953
-3712
29055
9344
17260
-8066
-6020
-30100
-14210
-23425
11392
8577
-30337
16512
-6036
14975
-20865
31853
-9858
-20865
-7041
129
32127
10368
-26261
6525
20603
-13973
-21890
-27265
-10113
2177
21119
9344
32366
-19841
-14978
15471
-898
-16513
-2433
2433
21887
8320
2670
27775
-24193
25711
-3714
-28033
-10881
1409
-27009
12928
-19346
16255
-22402
-7568
-5506
-11649
-16257
4481
15999
12160
22639
-14209
22143
-12432
6271
-3201
-16257
-2944
15487
8576
-1682
15487
14719
-5264
-12930
-8833
-11137
7809
22143
21632
-25744
-15233
24447
3187
895
-385
-16001
19585
9087
6272
31855
-5506
12671
-29838
-386
-7041
-13697
22657
23935
11136
24176
2687
-10882
7027
9855
4224
-13697
24449
28287
10112
-3728
-18049
-15234
-7564
7039
6272
-13953
27265
14207
11648
4207
-4484
-13444
-13453
15743
14464
-7809
25473
26751
13184
-1423
20863
-18562
-27530
11647
8576
-10113
11905
7807
16256
6257
-23170
-18051
-7307
17535
6272
-6529
21121
18303
11136
4466
-1666
-16257
-24714
22911
20096
-8577
16513
11135
-3457
27506
-2434
-28546
-14984
15999
8576
-21121
14721
2175
-9089
24691
6783
-30850
377
22655
9600
-21633
7297
12671
2944
7283
19326
-13954
-7304
21119
15744
-27521
129
17023
-2433
-1165
-11650
-1923
25978
20351
20096
-16001
22657
8063
-10881
-140
21119
-21377
-27013
17791
16256
-19585
4737
8575
13184
31605
-1154
-7553
637
22655
13696
-7041
14721
8319
2944
23669
-25731
-28548
-4740
-31105
13184
-24961
9601
4479
10624
-14730
-4226
640
-19329
30079
14720
-31361
14721
3967
16000
11640
21887
30592
641
27263
17024
-25985
-1920
7039
11392
27767
26750
-4228
5247
-26241
7552
-19329
-10624
-10114
10112
-2697
-26242
-24961
-20096
-22657
12160
-30337
-8320
15999
14464
11641
23678
21630
-4735
3968
22656
-4737
-11904
19839
13184
-2696
-27522
17277
-2943
-25217
26752
-11393
-4736
2943
7808
32633
14206
-15746
-20351
-22913
23168
-31361
-4992
13695
4992
17786
-6786
7550
12164
29311
14720
-24193
13953
11903
4224
28539
8319
-27266
-18044
-129
3712
-18561
-3200
11647
17792
19834
-16772
-14979
-2428
-4737
20352
-12417
-2176
9343
3200
28796
-2178
-1923
-32377
3968
27008
-16257
-1152
1407
3200
12669
27262
27774
8839
-11649
21376
-19329
-5760
16511
6016
25725
-387
2431
-4985
-21377
25728
-8833
2177
10623
15232
-30850
-9346
17278
-24950
-8577
22400
-8321
-6784
18559
23936
14718
11902
-28034
-19575
-641
17280
-7553
-2944
15743
18304
-32641
9599
-18561
-20340
-4225
24192
32127
-13184
12159
12672
25215
13950
-32132
-1142
-1409
30080
-19585
-15744
4223
19840
-4737
8062
-28289
27533
14720
25984
-18049
-4224
19327
22656
7553
31870
10367
14989
5760
6784
-22657
-4480
5503
23936
7808
-900
-25221
-31091
15488
-30592
-19585
-13952
2431
15744
-27518
-3970
-19328
-4976
5760
21888
-18561
-15744
4223
10624
-6014
-16258
28286
-18800
5760
29312
-11905
-9600
4735
11392
25731
30590
-19331
29072
18560
26752
-20865
-13696
11135
1408
-17021
20862
-4227
-19824
5760
28544
-24705
-12416
19583
6528
-18812
-10626
4478
29074
10112
-27776
-18305
-31360
20351
4992
-21372
31614
14463
-4718
26240
29312
-11649
32640
21631
9088
-15740
14462
-25474
-17007
27520
15232
-23425
-30592
19327
7040
-27770
-12418
-29058
-17260
22144
23424
-27777
30336
24959
-641
23429
-21891
-20355
-4974
30848
26496
-17025
28800
22399
-6017
-8827
-30339
-10371
5781
21376
16256
-16513
19840
19583
10368
-13690
2430
-19843
2710
29312
20864
-11649
9600
23935
9600
29064
13695
19328
16023
27264
15232
-17793
17792
12415
9344
26248
-19842
-3201
3736
-25216
18816
-12161
-32384
-24193
3456
-6776
-25218
9342
-7272
-8320
22656
-129
21376
-22913
-8833
-120
20350
-27521
-3944
-14720
22400
-12417
22144
-18049
-1921
-7031
-22914
-24707
9112
-9344
-30848
-17281
15488
18559
4224
-119
6014
-7811
17817
-16256
23424
-9345
25728
30847
13696
-32630
13950
19583
29594
-13440
32384
-7553
16768
-25217
-1665
-30580
7807
27518
-31589
-20608
23424
-11905
19328
-23169
-3201
139
2430
-15746
24731
-1920
-25472
-19329
9600
-17537
6016
9101
-6018
-9088
-22883
7041
-21632
-24193
10880
-11905
-1921
-26740
-27010
-387
-28517
-2176
21376
-26753
128
-16513
-8065
-24436
-29570
-20098
13724
-4224
28800
-27777
27776
-5761
-4481
28301
27774
26751
18077
10369
21376
30591
23680
-23681
896
13455
-28545
6783
1183
-1664
-22912
-14209
13440
-18305
14464
-28018
3967
-5249
3486
11393
29824
-19073
-2945
-18049
10624
-28785
21119
-25729
13471
-8832
23936
-9089
9600
-18049
2432
-4466
-16514
-131
-8290
9601
16256
-17793
640
-16257
12672
28559
-10882
-14209
14495
-2176
-30080
-18305
6528
-11137
-2177
3472
-8578
-29569
14752
-7296
-31360
-23169
7296
-8321
-4225
-10863
17280
-20352
-23134
1921
20864
-14977
-20113
-3967
2434
24425
3711
-32129
4480
6784
14976
9088
-16786
-2944
-18815
5737
2431
30335
7040
24192
-12673
6784
25966
23937
6527
-921
-21378
-13697
4224
-32640
7296
-1921
-24722
-29311
-31359
20584
-12930
-16769
6528
27264
4992
-15233
25453
-5504
19329
-12953
-12930
-32129
10112
23168
-5505
-1409
-18324
28032
-28290
14951
-10882
-29825
3968
17792
-13697
-7297
2669
19840
19329
-28824
-2946
27263
3200
21632
-2177
-2945
25450
-10115
11389
3430
-18306
-28289
3712
25984
-18561
11904
12653
7297
-14209
4201
-29058
-15233
7552
-29056
-19329
4992
21868
-22912
13185
-1689
-18050
-24961
11392
-28544
-1153
16512
-10644
-30592
-30848
-28568
-16770
-28033
-2177
-28544
-21121
5248
23660
-26240
28287
12647
-29570
-21889
1408
-25728
28799
640
9836
8320
20609
14952
-27266
-22145
3968
-17536
-18561
1152
-4501
-1409
-10882
-1433
-19842
-13441
-2433
-19328
-30593
1152
23148
22912
32128
21352
-25986
-13953
-129
-24192
-23937
1664
11627
7551
-23425
13672
-26754
-15745
5248
-14464
-21633
-7041
9068
-20353
31870
30056
-29314
-14465
1408
-13440
31359
-6785
-28312
29308
-20613
-31130
-11906
-21377
6016
-17280
24191
-897
-22676
-4481
-26496
-19094
-19586
-23425
-6529
-23680
-31873
7040
-17812
-8833
-12674
15978
-18562
-17537
-7041
-14720
26239
3712
5741
17024
32640
8299
-19074
-16257
-3201
-6784
20351
6528
-2708
4992
26753
-21141
32126
-27777
-5505
-13440
30847
-1665
-6548
-6529
17023
21356
-16002
-27521
-6273
-1152
-30849
13952
-14740
30079
-1666
3179
-11138
31615
-7041
-1152
-27265
5248
-21139
-32641
-19842
30572
-20354
-12673
-13953
-3712
29055
9344
17260
-8066
-6020
-30100
-14210
-23425
11392
8577
-30337
16512
-6036
14975
-20865
31853
-9858
-20865
-7041
129
32127
10368
-26261
6525
20603
-13973
-21890
-27265
-10113
2177
21119
9344
32366
-19841
-14978
15471
-898
-16513
-2433
2433
21887
8320
2670
27775
-24193
25711
-3714
-28033
-10881
1409
-27009
12928
-19346
16255
-22402
-7568
-5506
-11649
-16257
4481
15999
12160
22639
-14209
22143
-12432
6271
-3201
-16257
-2944
15487
8576
-1682
15487
14719
-5264
-12930
-8833
-11137
7809
22143
21632
-25744
-15233
24447
3187
895
-385
-16001
19585
9087
6272
31855
-5506
12671
-29838
-386
-7041
-13697
22657
23935
11136
24176
2687
-10882
7027
9855
4224
-13697
24449
28287
10112
-3728
-18049
-15234
-7564
7039
6272
-13953
27265
14207
11648
4207
-4484
-13444
-13453
15743
14464
-7809
25473
26751
13184
-1423
20863
-18562
-27530
11647
8576
-10113
11905
7807
16256
6257
-23170
-18051
-7307
17535
6272
-6529
21121
18303
11136
4466
-1666
-16257
-24714
22911
20096
-8577
16513
11135
-3457
27506
-2434
-28546
-14984
15999
8576
-21121
14721
2175
-9089
24691
6783
-30850
377
22655
9600
-21633
7297
12671
2944
7283
19326
-13954
-7304
21119
15744
-27521
129
17023
-2433
-1165
-11650
-1923
25978
20351
20096
-16001
22657
8063
-10881
-140
21119
-21377
-27013
17791
16256
-19585
4737
8575
13184
31605
-1154
-7553
637
22655
13696
-7041
14721
8319
2944
23669
-25731
-28548
-4740
-31105
13184
-24961
9601
4479
10624
-14730
-4226
640
-19329
30079
14720
-31361
14721
3967
16000
11640
21887
30592
641
27263
17024
-25985
-1920
7039
11392
27767
26750
-4228
5247
-26241
7552
-19329
-10624
-10114
10112
-2697
-26242
-24961
-20096
-22657
12160
-30337
-8320
15999
14464
11641
23678
21630
-4735
3968
22656
-4737
-11904
19839
13184
-2696
-27522
17277
-2943
-25217
26752
-11393
-4736
2943
7808
32633
14206
-15746
-20351
-22913
23168
-31361
-4992
13695
4992
17786
-6786
7550
12164
29311
14720
-24193
13953
11903
4224
28539
8319
-27266
-18044
-129
3712
-18561
-3200
11647
17792
19834
-16772
-14979
-2428
-4737
20352
-12417
-2176
9343
3200
28796
-2178
-1923
-32377
3968
27008
-16257
-1152
1407
3200
12669
27262
27774
8839
-11649
21376
-19329
-5760
16511
6016
25725
-387
2431
-4985
-21377
25728
-8833
2177
10623
15232
-30850
-9346
17278
-24950
-8577
22400
-8321
-6784
18559
23936
14718
11902
-28034
-19575
-641
17280
-7553
-2944
15743
18304
-32641
9599
-18561
-20340
-4225
24192
32127
-13184
12159
12672
25215
13950
-32132
-1142
-1409
30080
-19585
-15744
4223
19840
-4737
8062
-28289
27533
14720
25984
-18049
-4224
19327
22656
7553
31870
10367
14989
5760
6784
-22657
-4480
5503
23936
7808
-900
-25221
-31091
15488
-30592
-19585
-13952
2431
15744
-27518
-3970
-19328
-4976
5760
21888
-18561
-15744
4223
10624
-6014
-16258
28286
-18800
5760
29312
-11905
-9600
4735
11392
25731
30590
-19331
29072
18560
26752
-20865
-13696
11135
1408
-17021
20862
-4227
-19824
5760
28544
-24705
-12416
19583
6528
-18812
-10626
4478
29074
10112
-27776
-18305
-31360
20351
4992
-21372
31614
14463
-4718
26240
29312
-11649
32640
21631
9088
-15740
14462
-25474
-17007
27520
15232
-23425
-30592
19327
7040
-27770
-12418
-29058
-17260
22144
23424
-27777
30336
24959
-641
23429
-21891
-20355
-4974
30848
26496
-17025
28800
22399
-6017
-8827
-30339
-10371
5781
21376
16256
-16513
19840
19583
10368
-13690
2430
-19843
2710
29312
20864
-11649
9600
23935
9600
29064
13695
19328
16023
27264
15232
-17793
17792
12415
9344
26248
-19842
-3201
3736
-25216
18816
-12161
-32384
-24193
3456
-6776
-25218
9342
-7272
-8320
22656
-129
21376
-22913
-8833
-120
20350
-27521
-3944
-14720
22400
-12417
22144
-18049
-1921
-7031
-22914
-24707
9112
-9344
-30848
-17281
15488
18559
4224
-119
6014
-7811
17817
-16256
23424
-9345
25728
30847
13696
-32630
13950
19583
29594
-13440
32384
-7553
16768
-25217
-1665
-30580
7807
27518
-31589
-20608
23424
-11905
19328
-23169
-3201
139
2430
-15746
24731
-1920
-25472
-19329
9600
-17537
6016
9101
-6018
-9088
-22883
7041
-21632
-24193
10880
-11905
-1921
-26740
-27010
-387
-28517
-2176
21376
-26753
128
-16513
-8065
-24436
-29570
-20098
13724
-4224
28800
-27777
27776
-5761
-4481
28301
27774
26751
18077
10369
21376
30591
23680
-23681
896
13455
-28545
6783
1183
-1664
-22912
-14209
13440
-18305
14464
-28018
3967
-5249
3486
11393
29824
-19073
-2945
-18049
10624
-28785
21119
-25729
13471
-8832
23936
-9089
9600
-18049
2432
-4466
-16514
-131
-8290
9601
16256
-17793
640
-16257
12672
28559
-10882
-14209
14495
-2176
-30080
-18305
6528
-11137
-2177
3472
-8578
-29569
14752
-7296
-31360
-23169
7296
-8321
-4225
-10863
17280
-20352
-23134
1921
20864
-14977
-11649
-6785
-5505
28305
-13185
17281
-3679
9857
25472
-10113
-8321
7808
-129
-11649
-6785
-5505
28305
-13185
17281
-3679
9857
25472
-10113
-8321
7808
-129
17013
-27531
24431
-23163
-16762
-31362
-6290
9857
15234
14953
30837
-14986
-17299
28806
15496
20095
20079
-23167
-10880
9065
-25482
17015
-14995
-20346
30343
-25219
18799
-19583
15746
14441
19576
-15495
3178
27526
-6007
23423
-26515
-26496
21120
-2969
-137
-3721
-11414
16263
-12662
-8834
2926
20097
5760
3688
25977
-1927
4712
30855
20618
-10371
-18066
-14719
-16510
25448
-8071
-23942
-5788
-4473
30605
4480
-8596
29568
-13953
872
-8327
-14471
18535
23944
-3188
-24962
-30355
16513
-3969
-22937
-29829
32636
29284
21384
11661
24702
-29332
-18816
11649
2664
13180
1916
10851
-22392
-1393
21120
-6036
-2688
12928
-921
14460
-25731
-28829
-14456
-30322
-4739
-25236
25216
-14465
27495
-22403
15230
3938
-26232
-26737
-12418
-9108
-12160
-895
-1433
-15235
-3203
-4768
-31095
-2415
23424
3180
16768
16511
1896
-3459
-28546
-28832
-31095
30608
-8323
15212
17536
3712
-22424
-11393
-2177
-4515
-28791
-24174
30079
2669
-20864
-29822
23401
30847
-3712
-30114
-4983
-14701
-22913
30315
32127
7550
17768
-5760
16770
-5795
-8311
16018
-10627
27500
12416
32384
-22680
22913
12418
8796
5002
-27500
-18049
-18837
-9089
13696
19816
22146
-15486
93
31626
13717
-30081
1644
5760
-26754
4970
19842
21890
-165
15498
8852
15486
23148
10624
-30336
13674
-21629
32132
12890
-16502
-17514
23168
19307
7807
7294
-1688
-6269
-13180
6234
-20342
17046
13951
4460
-27009
8318
-24726
20101
-31355
-19111
-10358
-2155
-25218
-13973
-130
-28802
1898
-15995
-10876
18264
6283
24984
-24448
7533
31615
21120
-1940
-25978
4232
-23720
1931
-9834
-20610
7789
-30593
-19074
-18836
3719
-21625
30551
-14198
24471
14207
-9364
19839
-8577
16493
-28280
-3191
-20650
8331
26521
-27776
4718
-897
4223
-12947
6536
21896
16984
-20598
9367
26238
10093
1919
10878
-25235
8073
14473
7766
22667
921
6784
-25235
18559
12671
-6035
30601
4489
-16554
15243
-7783
18816
-13203
-22914
29053
-19090
30345
8074
19542
-5494
-5225
26750
4718
25471
3711
-2193
3467
-24182
18004
-22134
19610
17792
2415
-26241
-31104
31089
7819
-14966
-1195
-5494
9370
-1153
-16274
12415
-24707
-19344
29835
1675
-5803
-6518
-16232
-19586
-16530
-29570
-12930
7794
12940
-5749
-18348
651
-7270
-13184
-21393
-13186
25215
6515
31372
30603
-21161
10891
-4967
-24193
-10386
-28290
28284
13682
-12148
-29812
-11947
-21878
-4456
-14978
28784
-18818
-15490
19572
-12403
-19059
-19627
32138
923
-16512
23665
-21633
-10369
-396
398
-22131
-27050
-7542
-17255
-24193
-20367
28031
-24706
22390
-25202
10894
10325
28810
-14951
-22913
-19855
17023
15489
-22921
-27506
-9331
24917
23690
26779
19073
370
18303
22911
-10121
-24946
12431
10839
20618
2969
-9346
15474
3711
-17282
3704
27791
9103
11606
19338
8090
29312
5746
6014
32638
-11913
7312
18831
22614
11658
-6502
-15232
-30348
32127
-5250
-27270
5008
-13168
-28585
-15479
-28520
3711
2931
-30338
11390
-25991
-3952
22160
23126
27529
18586
-9088
17780
-13442
5247
-17542
-19056
2961
-1961
-28791
-7527
26752
15733
17791
26750
11132
-18543
20114
8792
2697
-24681
-8578
118
-3458
15487
-17540
10642
14737
12120
14729
26778
31873
17782
-3458
-3202
-22659
-5743
28817
-16039
-14200
-23912
-2945
-29066
-21890
25981
-386
-26479
-30063
-18343
-30584
29335
29567
24183
-27266
8575
-17281
-10606
-2926
-4263
-18296
-18535
-15999
31607
-25218
-19586
-24960
23698
2706
-10149
21896
8855
-25217
-19337
11390
-24708
-23680
-22126
26258
16219
-7801
-13674
896
24184
13438
-17025
-21375
916
660
-19365
-24441
21912
18305
19577
21630
-32131
29314
18834
19601
29277
-28281
-25707
26495
-8071
22398
-18307
-21373
17299
20882
-11428
18823
-29290
-18048
-30598
-17538
-17794
29314
-17005
-3949
4446
-8570
13718
6785
-21125
-17538
-14979
-27260
-31596
-9069
-20898
-5754
25748
-22145
-6276
-2434
-18305
16008
-6508
7317
-20642
-19322
-26731
24705
-21892
-23426
-14977
-5497
-12909
8851
-22944
23942
-23404
11137
7038
-5762
-4739
9096
-9581
5267
32609
-11131
-32110
23935
21373
7294
2942
3720
-20844
3988
-17567
-23419
19604
30593
17534
20094
-24194
25225
17044
-18797
7779
-23419
-26990
27776
-16770
31358
10621
-12407
23188
148
-16797
10629
7825
-26497
-3458
-10883
21886
-29558
31636
-7278
11620
5765
-12654
-22143
10112
8318
-17027
11659
-18285
18066
-3995
-18556
26768
21632
-6016
31614
-25219
-5747
-18796
12948
-1179
18052
-7793
9344
-22911
-21378
-21121
7821
-2156
-21869
-4762
16004
19089
-7807
-6271
-20866
-23939
28302
-26733
-24174
-31640
-31101
4750
-7297
-17534
-4738
30334
-12658
29331
-2926
-18584
28547
-31602
-21376
21122
11134
-24194
12942
-13421
11411
-19095
17539
-18546
-21631
-9854
31870
-388
6031
25747
-27246
-20630
-23934
9868
-31105
-31612
-12418
3199
6034
2964
-23661
-918
-6783
-1908
11905
22661
-24194
-1921
2451
-1389
-22636
30316
-14207
-4213
-5248
-892
23678
-6019
24979
22675
-28013
8813
24449
1162
27775
-25466
-16258
-642
31379
-16750
22673
-19091
-13695
-32629
-29567
4999
-24194
-32129
-32363
-21103
-11888
112
-27775
-1143
-9088
17287
-15234
-6531
-31852
29842
4753
19056
-6016
29320
-8833
-21624
31615
1153
1431
-20077
-9838
2929
-25472
-31351
-16255
-11897
20606
-16258
-31850
19858
25746
15986
-5761
13703
11648
-26488
-12930
-6531
3223
-29039
29072
7795
-7553
-29306
23424
-27768
23678
-1666
22423
-23407
16784
-6029
27007
31623
-1407
6282
14463
383
9112
-12912
912
-30859
27263
-22908
-641
-27510
-386
-642
5274
6033
7824
31350
-9602
-13948
-3200
-11895
14462
31615
-24168
24720
-18289
-2954
-16258
7557
-16511
8076
-13441
23679
-29029
656
-7282
28024
15998
2178
-19073
18572
12927
-21121
-11364
10640
15247
-18311
-7811
6531
29313
21899
25214
-6274
-31590
25743
7054
-26246
-13955
28034
-24447
28556
-17538
8830
-14692
11407
23438
27771
31101
2688
-29057
-15219
6015
24960
-20067
21903
2702
9084
-1412
4993
-28287
-4211
6783
-14464
27806
5518
-32628
13181
-14724
-27265
-22656
1166
-3970
17790
21661
-26739
27276
20094
23164
-8323
-2433
11918
3711
30080
24223
10638
-25204
7551
-7301
7551
642
1935
-11650
21887
-17763
-25460
20876
23424
-2693
-5764
-28800
24462
-15746
5246
-11874
-18804
21387
4481
-29061
12668
19328
4239
-6786
29055
17566
9612
-31093
6786
21115
-10884
7298
-32112
24191
-17025
-19808
-1398
-1399
-12413
16251
30074
24448
2192
-15490
13950
22944
395
-16758
-11644
8827
-30342
11649
-23665
27518
-6273
-97
31626
27529
-10107
-24198
-32646
11138
-1137
-6786
12926
15777