30841
-16257
12648
-8577
25474
-5514
-14732
30324
17774
-14459
-19593
20350
-24217
-6017
6785
20343
27765
-18826
-32145
26502
-136
13951
-23703
-31617
25218
-22152
-14474
28023
-20629
28806
-30600
-27521
-10904
-13953
-30845
25465
8055
-137
-6550
8071
-29320
-16513
23657
-19073
-12669
11898
-13961
-24457
29291
-4986
-24200
5504
-11671
-25729
29060
7803
-11912
27000
-21657
-17273
-15495
28288
-17047
-18561
-2683
-26501
16249
-9608
-19097
1416
-24455
23424
-18582
24191
-3707
-26244
-15750
12411
-21402
12424
11899
2946
18028
-14209
-28281
-5763
27003
-19077
-926
-27768
-29318
-25727
-405
-1153
17032
17278
-17285
-22405
-12956
29064
27770
14721
31596
21887
11912
-31618
25212
-388
31843
-23672
12155
-14207
7533
3455
-28792
-10113
-17283
-31874
4449
-15224
-14470
-29311
-17555
-642
16777
15232
-4739
-28033
-30623
-12664
-23685
23681
13935
-12162
-21623
12929
2431
-19072
-6306
20361
381
-11390
-18066
2687
-31861
12930
13183
8575
29279
-8055
4732
-3966
-17041
-5762
17291
-16510
9856
11137
-5538
-15735
22141
-24445
-23952
-30850
10636
-19069
-3456
-8576
10076
-2679
-3459
14467
-19345
-23426
-5492
-30844
-3455
21634
13149
26762
-4738
-28796
-6031
24703
-12403
18565
26497
21889
-22436
-24950
-29313
-9596
-11405
-14210
6542
-27770
-7293
-20348
-23720
-18806
-20610
-32124
-7309
-23426
655
-15994
-8317
-381
30298
23434
-30849
-17788
-32653
32126
-6002
2439
-13181
29571
-30886
-18550
-8577
3717
2677
15742
-28274
-13433
-26235
16262
27736
-8310
1920
9605
4981
-29314
6799
-10105
-31099
-20347
-27047
-10870
2944
11141
-23434
-14210
-26225
-7800
-28794
-123
-16041
-19574
-31360
9861
23927
-25218
-23920
-13687
-22394
14726
-21417
-2678
21377
-10363
23159
-9090
-13680
-4215
9863
3975
10072
-3190
-23935
-24956
28792
-25987
1681
-21877
-10872
5257
-9643
1675
28290
30855
26489
15999
-20079
-17781
25736
-23929
-25770
29323
-20862
-3962
-23687
2943
-12911
-6261
-9592
-19064
32599
14475
-19327
13702
21371
30846
3474
6797
1162
29834
5974
11147
27522
-19578
-13701
-19330
-9070
17805
28042
-4982
-15019
-5494
-24190
30086
-27781
-19330
11154
2189
-32630
2186
-26794
-26742
-14973
-8570
29821
7038
-6766
11662
22923
13707
-19628
-3702
1924
4231
32126
22142
-7277
-2930
13196
14989
29269
-10614
19588
-24953
11391
3710
16275
5775
14989
2189
29781
-28790
-10876
17543
-28801
7550
5267
-28529
3725
-5492
341
-2422
-26492
29573
18303
6525
-14445
8336
-14962
-30833
8790
32138
6022
-9336
-7039
27774
-29548
-24176
9614
-11379
31061
-27766
-11387
-14200
-8575
12158
17044
-3952
23438
-1907
22613
-28278
-16764
-7033
15746
3710
-28780
-9328
32398
10383
16471
25994
-7035
-20345
-4477
-899
4756
-14447
11663
-14962
17237
15242
29062
25736
-17533
-7299
-25708
-9839
16015
-11891
-9131
20874
28294
-23929
29827
7038
6292
-20591
-3698
3215
14423
18826
31623
21128
12679
-24963
24980
29075
-13168
-30064
-8364
-15479
-30842
11144
25990
1406
17557
15763
21392
27024
-24233
-7031
7815
13192
22919
-899
-26476
-110
-21616
-4720
10071
-28023
31110
26245
30086
-23940
13972
-4205
-2415
-25199
-28329
23177
27784
15753
-28792
-18562
-30060
-12397
-24687
-18287
-26024
12425
-4729
5768
19594
14462
-10348
-17772
-21358
20371
89
-6776
-4216
-29560
-28790
-17027
26004
-26220
-26478
-7535
3417
-11384
30600
-8825
29323
-4227
-12908
-2412
1427
29587
-18343
27272
18313
-10361
-26228
-20867
-14189
-20844
-23917
-2157
-17319
8584
-25208
-29304
-10613
8062
32659
-23916
-15214
6802
4443
13192
-3960
20616
-1909
28030
2964
-25708
-13678
11154
13148
-3961
18569
-12153
14990
9342
-29293
14997
28819
4243
-16805
-31609
-6263
26248
911
4222
27795
-31339
15764
-10093
6236
15751
-3704
26757
-6259
-1924
-19053
30613
-32620
6804
-3235
-12154
-23926
9097
-9328
26494
-18029
31894
-876
-21357
21341
-18554
-22134
6025
-18801
-30338
12179
-27755
15508
-20590
4703
-10362
20361
-25977
6801
23422
-878
-32107
-31340
-11372
-6305
1926
20106
-4217
32401
5758
-15471
-19563
-22124
19347
32096
-11387
20362
24967
-9327
20862
-25455
-27243
-32108
6804
-5279
-25211
-9335
6023
-28014
31614
31121
18837
-621
-21613
-18590
27269
-4471
27783
17043
10878
14225
32149
917
6036
2915
19077
-9846
-32377
5011
-25730
30864
-13420
7316
25748
-14492
7045
20362
-3706
-32364
24702
-8305
1173
-24428
-12141
-19612
32388
-15478
4229
19603
-19844
-15473
28821
28821
10132
18021
25476
-28021
-3193
29845
1663
4752
-9324
-2924
-16748
-5274
21636
23947
23687
-31594
32126
-8561
-17003
-18796
13459
-10394
4996
-18294
-21882
-14699
29310
-16241
-15212
-4717
13203
26984
-27005
-23158
31878
-2923
31614
-30322
-1133
-22124
-29804
-17559
-894
22667
32134
-8810
20350
31373
-1389
13716
20627
-14487
-11390
-9334
17030
24470
27262
-26227
-2413
12180
-7789
-24981
20610
-16758
-24443
24214
-31106
14477
17811
32402
-8303
-17556
2946
11914
-26235
-18282
-32642
21388
-20845
13715
20371
3949
-19839
-10358
-4731
-2154
-16514
11148
-26478
-18030
24721
29806
-32127
31625
-13182
-20330
2685
30347
-3950
-23405
-12142
27247
14721
-20597
-31098
-873
-13698
395
-9838
9363
-28271
-22161
9089
11147
-31867
-14441
-11394
15243
27538
27794
3986
28017
-20608
-32374
-124
10136
18814
17802
-2159
-20846
15249
-24207
14208
1163
17285
-28264
31102
-32375
-31087
7826
-14191
-13710
8320
-26742
-19324
-16233
-29314
12169
-31600
-28271
20624
7028
-28801
30346
-4477
8345
-27010
29064
-13936
-17263
18833
-140
24703
-12150
-24956
-26216
21630
1160
30096
27537
15504
-19083
6527
-28279
8579
12696
-2690
11144
-14961
-6769
-19569
26231
-1922
5258
19587
-23399
-24706
21639
-12913
-1392
-10097
4728
5246
-9592
24193
-1641
-29827
31878
10639
7569
20368
11385
-6019
2441
-11901
20377
15487
4998
-9074
-4209
8847
-29318
-14467
19338
22403
24729
-4226
-25979
-20082
12688
-8562
11643
30589
4745
-5246
-27496
-2178
-22139
-16755
-3954
-26995
124
21117
31368
-2175
7833
5247
-19837
2957
-11634
12687
21373
-25988
-27511
15234
1177
-21378
15235
-11380
24718
-23411
-12931
-8836
-21880
9346
29591
14463
2435
-3701
-8052
-20853
-25729
-19588
20617
16513
-23912
-2434
24706
-19573
-1140
18828
25984
-1669
3465
29569
29848
-1410
4482
20619
-1908
-3446
-20352
-29317
8328
-128
-31337
21631
-27263
25738
-27509
15754
24962
15227
-27001
-3714
-29033
16254
-3969
-14455
-11125
-23925
-27773
4219
-12408
17538
-30056
-27265
16512
-32375
-14453
651
9604
12411
7048
-12160
-28265
31615
-24705
-10872
26506
-15478
-19323
-26758
