640
23424
-26715
26744
-24180
12928
5997
20846
2417
26474
7296
21372
-13660
13688
3979
-13700
-9621
-31379
-21137
17257
17536
-641
-26203
32372
-6773
-12930
-26773
1133
-24720
-13975
12672
28798
-24922
-397
27532
7038
29291
13677
-19346
8809
-5761
5245
23463
-17292
28556
-13956
-13718
-22420
-31377
-10136
-11137
-11904
-18521
-24464
-4980
9343
13162
-26260
-18834
21864
-4993
-23683
-16216
-13200
-32371
-899
30570
24684
3950
8552
-6017
4478
27817
-2961
18317
4989
-27030
13676
19823
22377
10112
129
16297
-28821
-10611
24959
-28054
-10389
-6802
-26008
4992
-22659
-12375
-13203
2446
126
3690
6764
-14994
27496
-5505
-21378
8363
-7828
-13426
10621
-16791
32619
-12946
-29336
640
16768
15786
-663
5263
13695
11114
-14229
-27794
-8088
-20609
-11652
-8790
-30102
655
-4996
32362
-1429
-18578
7529
1408
-19329
-29781
-27032
18575
-899
-8599
-20373
-19346
14698
-15233
-9345
-30805
5992
-13169
28287
-22422
-9877
-1939
17512
-10625
-15748
-32084
18792
27791
-3204
1386
-21909
1135
-23447
-24449
24448
25004
14949
10640
-1922
26730
-6293
-14994
5994
-12417
-7298
23980
-15515
19344
3199
32107
-1940
15982
9578
-21889
21117
2221
-27291
4496
-387
1643
22892
15214
7274
-11137
-21376
-3668
-18847
31888
8575
7275
-26004
-10130
22123
-7041
1150
-15956
-11934
-28272
22142
-30101
-5780
20591
29034
-17793
-12163
8877
-26269
-19312
-20611
30059
-13716
5231
31338
-27265
-29312
4012
9313
-13680
-28033
-21653
16493
25967
28012
-18305
-2948
15788
25186
-22384
24702
-32404
-26259
3439
-6293
-5505
-28802
17580
-14240
27280
-387
20844
-17811
8304
-14484
-21121
-15488
-17749
-8609
-7280
5248
-916
30574
-15760
-1429
-14465
-23428
428
9057
29584
-1155
25965
-21138
3184
-16276
-12161
-29313
-26965
-7074
23696
29054
27246
-10129
-23183
21103
-4481
-9089
30123
-2210
-5744
17280
-6291
7535
-15760
-25747
-10113
6525
14763
21088
-32624
15230
32110
-31121
-11920
-29330
-17793
-16256
31914
8542
23696
-22657
27502
1392
-20623
-24722
-16769
4991
-1623
9822
-32368
29055
27503
-19344
18033
-5009
-13697
29053
-1623
8543
9616
-31107
28527
27760
-27023
1904
-17537
10113
-6232
-3492
14736
-24705
7024
-400
30579
3697
-16257
27262
-20312
-24483
6032
1407
-7312
-24719
-10638
-5263
-11393
1150
-3928
-12707
-2417
-22403
10608
-15759
-20109
13171
-17537
21377
-14425
-25508
4496
-21121
-25743
-30094
-21133
-21902
-13185
-19331
12199
4190
16783
21374
28531
25716
11637
-4492
-9089
20351
-4186
27229
25999
3455
-28558
-28557
11637
-12173
-10625
1153
-3419
-18852
-27249
-7552
30067
-17549
28788
-1421
-5505
8061
-2139
5983
-8818
-19842
24435
17780
-3468
18549
-8577
-10881
-21084
-4260
-11378
-22913
3444
-17292
28790
28278
-4481
7296
-3165
861
6287
30336
-3724
-21387
-29578
9334
-24705
-10116
18084
16991
14478
15486
-26251
8054
-14475
631
-23681
-10112
-12382
26460
3470
-2433
-16779
10614
31352
11129
-14209
-11649
-4703
25182
-4979
9856
10358
14967
22647
-26505
-16001
-15491
32161
-16290
-30579
-18050
29303
-21641
4985
-6279
-12929
-24191
-5729
16990
16525
-5761
-392
1658
5243
22651
-10369
-642
-14434
17503
-13428
-1409
-29832
-7816
-27784
-10118
-24705
27006
21406
-9889
11404
12159
5241
-28295
-5254
-23941
-22657
-13183
20637
-27553
16268
19840
-23687
1658
20859
-30852
-27009
23934
-10340
9824
-30325
-29057
-32390
-11398
22651
-23939
-21889
15743
24732
31584
20619
30846
10363
-21126
-1924
1664
-9601
27265
-871
97
-2934
4737
8060
-28549
2940
-1667
-13697
22653
-21862
-16798
-22134
-13186
-132
20348
20604
-13698
-14209
18304
27033
14434
6538
-20353
3709
-7812
-12675
14720
-18305
-9344
9624
-14751
-20343
28801
-21123
21629
27774
28290
-20097
-7043
14487
-11677
14729
4479
-26752
10880
-17025
-126
-25473
24705
-8299
24418
-14456
-9344
-2946
-29826
-8577
1923
-27521
-16513
24469
24164
-14456
-5760
17024
-26497
-8322
1923
-25217
-25219
24212
-24731
-12665
-19586
-25216
11136
-23424
14212
-18049
-31359
-5230
4965
12423
-17280
20609
31104
17281
11909
-22913
27519
-11631
-11674
-7546
-24960
26242
-27519
-26496
-11899
-30337
-13698
19601
-14745
20102
14719
-1662
-1151
27266
-25723
30079
5506
13968
9063
24710
18049
8067
11650
4483
8327
-20609
29566
24975
23913
-32123
2688
-9597
-382
17026
3975
-16769
17791
19086
16489
-19836
15743
15236
19587
22404
8329
-23169
31105
23949
18025
-25468
-3455
4231
14470
19077
-8053
-21889
17278
-17268
22635
5252
22144
23686
-1916
29316
1930
-19073
-11392
-20085
10091
-12413
-15232
19078
16261
-635
-19062
-21633
-31103
-28278
23404
24707
30337
-8569
28550
-10619
-24951
-21377
-6787
-5751
-18067
-15998
22143
-17017
-635
1158
32396
-19841
30337
29832
29805
16514
-10112
2952
-2682
-31865
-18803
-7809
-25984
31623
-1682
13442
-16767
17801
-14201
14214
-29556
-11649
14206
-9850
-6544
18817
18815
10377
-633
-9081
-7028
-6273
-1919
-27515
-17296
-3456
4481
19081
25480
31879
-9844
13184
-29825
9349
7794
-23936
-11648
-12662
6281
-11129
24206
1920
-13442
6532
25459
-11649
20863
397
-31349
-21110
-23663
-23169
12930
7811
-22158
29567
-22655
-17013
6538
9609
-25456
-17793
-6786
-20350
2165
16511
-10881
-25204
-4726
-13432
656
-15233
32639
17025
9845
10878
9344
-30068
-2678
17034
27792
-14721
-639
-1409
-32395
-6275
28290
1677
-26741
7818
23442
-16769
15998
-12929
25463
22141
16768
25742
140
15498
-9583
-12417
22656
31870
2936
-21636
-14976
4494
-8309
-13941
-12654
-7297
19585
-32643
-24456
-28292
19586
-5746
-31860
32139
-22637
-13953
15486
28029
-8326
21116
7040
14479
2701
32651
20370
4224
-22143
-18053
-2694
-21381
19585
-21617
-3188
13453
21140
-16001
-8576
-11398
-10885
17019
-28031
-111
-21873
-3699
10903
-7041
-17538
-28806
-18051
-3462
-30336
-22640
-9587
-18292
-26987
-4737
16514
15225
-29827
5242
7042
-4464
-1907
12685
-11115
2944
-897
-21384
-12162
-1671
-2687
23441
-882
-11892
23957
-8065
-29058
-13193
20352
-4232
-32640
-25967
399
4494
15511
1920
9090
-8330
15744
13945
25986
2706
23183
10894
-25450
2944
-13442
28278
25218
2937
-3968
5011
5776
32653
20630
6016
-26241
19317
-8062
376
-4224
-4206
5776
-3442
30615
4736
22146
-31628
-20350
-15241
8834
28307
-24944
-1138
-362
-6529
-22402
1140
-380
17271
21120
16276
15761
21135
14999
-17537
19840
1651
-8059
29046
-8320
19349
-8558
30097
-19302
-1665
7810
9842
-17275
-4235
-13950
-4716
30609
-3185
-10344
7552
25214
-29327
-13945
-30347
-17536
15509
-13167
-29553
3737
