-23402
-8068
-25988
-13178
24201
-14456
-17276
-20615
-30343
29825
31383
-385
-31106
6536
-15223
22153
-10617
28538
-21383
-25982
3991
8576
24445
-378
12425
-5240
2953
6010
13943
-18816
31895
16768
-7044
-11386
-12664
12936
-20343
1658
8056
-18302
27798
-31360
31612
13958
-19320
-7289
907
27513
29558
-127
-27243
-18048
30331
-8060
2951
-30586
22156
-904
23412
31616
2198
28800
-18566
-16764
-5242
7301
-4980
-16776
-26251
20866
8596
-31873
-16006
-9085
30342
-11387
14990
-25736
28531
18817
-25195
17025
9081
-6526
901
-23932
29071
3704
11634
-5248
-23148
23681
889
-25214
-10620
-19069
13712
-2953
20851
-21374
4243
18817
26744
16001
-11133
-4990
11409
-28297
23408
-31360
-11630
12417
14454
14720
16003
14722
-25966
10359
11888
6785
30866
-5248
31350
-1665
12930
14722
16275
6775
29552
27522
-17776
22657
-16267
-25474
23936
-12929
-31852
2935
-6291
13696
-31087
8577
-11148
-18818
-5503
-27775
-19564
-11914
1391
19585
17295
29569
-25740
15229
21375
6783
20117
-25738
19310
-9599
-7024
20097
23924
16509
-19329
22912
-22890
11638
18284
-23937
30606
20608
-9613
1405
-24961
4479
22167
14966
18541
-28799
13711
8066
3700
25724
2174
28030
-32617
2166
876
18817
21134
4482
-26254
-11654
3965
17789
-14952
-17547
-31126
11392
2957
-25727
-29583
-19079
-19076
-18053
31897
-25995
-10901
1666
2188
-8575
-32143
18297
13692
-32388
-7527
-18827
4202
-27264
10636
-10879
-9872
-16776
21883
26490
-24678
23669
6505
1920
-9334
-18047
-7056
24440
-31622
11129
-15718
-19595
29290
-2431
-21624
15746
-21392
3447
23161
11385
-14693
17013
-665
6272
-15224
-11903
8303
29814
20089
-17288
11676
3701
19048
24448
1161
-9087
23151
19574
-29319
-3975
5020
7797
7273
-23167
-7034
10625
23663
20853
-3721
8312
2461
9333
-13722
-21377
10119
20610
21614
22645
-4233
-18313
-12644
32117
-11673
-5760
7302
17538
-18322
4469
27767
2935
4764
-29323
7784
30593
29317
-1407
19054
3444
-23946
14454
-25443
4469
13414
21119
-7292
-5247
27757
-23949
-27787
19061
-100
-1676
31591
-5248
-12669
898
-26259
-19598
-30603
2166
-17252
1397
-1434
-18304
-20862
3202
-404
-9103
-3724
24181
14750
-2956
-25755
27007
30338
-12159
1133
-18319
12148
-21389
-23395
11893
2407
-31871
20353
1922
-21651
5233
-26253
-23694
-25187
13941
1382
18048
2176
-11391
9068
-30608
-9102
-12942
10399
17013
25189
-28289
18047
16769
-4757
11120
-9102
-23694
27293
28789
-12186
-20095
29823
24962
-1684
-6033
30578
13170
4766
18549
31589
-24961
-4226
-1919
30060
-8593
3186
17266
15518
26741
-15259
12672
-14467
-17023
-19092
27503
25713
-29327
30620
-11915
13671
18305
30844
20610
-4757
28014
21616
-11152
-26211
-21643
13925
19583
-20356
-6015
1387
26734
17009
-6799
19870
-25483
19046
14976
-28805
-5247
-24724
-29586
12656
1905
23964
11382
13927
-896
-7303
26754
-9366
12909
-19858
24942
6046
10358
28005
12927
12923
-31871
-26773
-7571
25968
-21904
19868
-3211
3943
-20096
29560
11650
8044
-6036
30574
-27026
-24933
-10890
9063
27008
-26250
-22655
25451
15212
8302
29038
29340
-20874
-9371
-12930
-10120
19842
3692
22125
-17042
-29585
-16230
-14986
-14489
1921
17015
31618
2924
27500
366
24430
-16998
12663
22631
-9857
-22155
8322
28011
-27285
-32403
-5523
14747
2167
-8090
-1666
19061
-12671
-24981
-9877
19565
14445
-10855
30071
4201
1921
-13965
17282
-1685
-2198
26988
28524
-19559
-25225
-7065
7551
1141
1666
-7061
-20117
31853
31598
-20840
-32393
19048
9087
19571
9346
25452
-21397
12653
25197
29847
6008
14442
-25472
-22670
-22398
-404
-11414
-28821
-29077
-16489
-1929
31592
-28034
24434
6274
18028
8811
24172
-14484
27030
21624
-2455
-27777
-24975
-6527
28013
10603
17772
9325
-25963
-9352
16491
-31616
-28559
-5246
-17811
32619
-32660
-27795
-30827
19577
-7319
-24706
9840
19586
-23443
16491
-9365
-11157
8853
-23431
-23445
-31872
1137
8066
-15506
19563
11628
-17812
14228
-28551
-4757
-2177
-28561
16258
-30867
-9622
29803
32108
31380
-21639
-19606
10878
-3986
-4223
32365
-918
-19349
16748
12433
-6535
5485
29312
366
19330
-23186
-10134
24171
-10388
26769
30074
21101
16767
17006
7554
-16274
7019
-8597
-18580
17298
-25222
-4500
29566
19053
-10367
12143
8555
-661
-14484
-4466
6011
-28305
-31616
11116
25730
-19857
-3990
20331
-2197
-19569
19579
-29586
-14978
-12949
-22143
2927
12139
-26517
2412
399
-30853
-10642
-6274
5484
16002
31088
-23445
-28053
16235
8333
-24452
-29071
-24192
-16277
13186
7537
-7573
9836
-19603
-31604
30076
21872
-30594
-3990
-29823
-12688
-11413
-27285
-405
-29557
-25732
27505
20095
-9110
-26495
-11919
18284
27244
-20628
-7542
-4740
-5774
1664
20841
-11903
12146
-15765
-16533
-10901
-20342
6781
-11919
18046
-30358
-32639
20594
-15252
-2452
8302
-15481
24445
-28813
-14977
11368
-17279
-21902
24940
23659
4716
-15482
-6275
-19084
-5249
-27287
-24191
-18061
16749
25964
24941
25223
1662
-23437
11902
-10392
-29311
-15245
24941
-12692
-21139
16773
-28034
12662
14208
1384
-22911
28532
29037
-9108
28269
-19069
-18050
1398
5759
-4249
3714
11636
-12947
10093
-14483
12164
11135
-3723
-24962
-30616
23169
629
-13970
-19859
-15506
-5759
-19073
30840
-16000
7784
19841
6006
23918
-1171
-7826
-19839
-28033
-9097
-18306
4456
22401
-6795
-22674
-21139
10863
27008
-12673
14712
-19586
-15513
6273
-31370
22127
-26514
-30609
-4738
16000
-26246
22912
3175
-29567
2679
13935
4462
-19089
15487
-8320
-21383
32126
-26521
8577
10103
-10641
23663
13680
-12419
-6528
-19846
10623
-26777
8321
-21128
-21648
-30097
15728
24955
25473
-25732
6272
19559
-26751
-392
29296
-29841
-10641
15996
-23935
17531
20606
-29849
19329
2425
19313
28272
24177
-4999
-24191
15229
-14465
-4250
-895
31098
11122
12144
5744
-14984
-28542
31358
13696
-25754
-1151
-22663
-18319
15984
-28815
14714
-12926
7805
-27778
20839
13697
8827
-8334
-17039
-22926
8054
-8062
-14465
128
3431
-23167
31355
-27790
-19344
-11407
-24714
17027
12928
17791
-17305
14977
21628
-25741
-5007
30323
-11147
23171
31359
4990
8551
641
-26756
31604
-16014
7027
115
-10621
-32382
24704
8295
23425
-21379
17268
-29838
-28557
19571
19332
11650
-5250
-9370
11393
2173
-32652
14707
-13709
-21134
-10109
-895
-17794
-17049
-6784
22398
-16523
22132
-652
-6033
-32380
-5244
30848
7271
14977
30079
-6027
27251
-9356
-17040
12933
-14461
32126
-20377
-29311
-19329
-25482
29300
-11916
19567
-16763
12421
-32129
26216
9089
-19328
-20105
-31371
10103
-8852
-1147
30087
32384
