-13168
10622
22912
-18015
-6016
22144
-17793
-28289
-385
15744
-24944
30590
-18819
10913
-11136
-32384
-16769
-14721
-13185
-6017
30610
23935
14976
675
-5248
22656
-6017
-24705
-2177
-2177
22417
-15490
1407
-5216
2945
-32640
-8321
-22913
3456
1920
-6255
-3202
17278
-23647
9857
27520
-9345
-24449
-897
-17537
-18543
-10370
27262
5025
6529
20352
-4481
-22145
10880
-3713
8851
-31361
27263
-22879
3457
19840
1408
30079
7296
-17281
-31597
-25729
24702
-26206
8577
10880
-8833
27263
-15745
6784
-14957
-9345
1153
5540
18049
11392
-2689
-30337
4992
2432
-31597
-27521
31359
19874
1921
13184
6784
31103
3712
-11393
-365
-28545
-27266
23971
1409
15488
10624
22143
12672
13952
-8301
-10881
-32127
-14686
14977
18560
13696
21631
16000
13184
11156
30079
31359
-15453
15745
18816
6528
25471
12672
2944
404
-24705
31103
-21342
20865
21632
-897
13951
28288
-12161
-23405
10111
-14209
-32607
14209
27776
12416
6015
28544
-13441
-9068
17536
29567
-29022
-4224
25728
4480
8831
32384
-129
5781
-32128
27265
20131
12929
28800
10112
-130
-27520
-6273
8084
-13697
-24961
-24928
3457
28032
5504
639
10112
5504
11924
18048
-14209
-3167
12673
19840
10112
2431
21888
7808
-23916
-24704
-21888
-13919
22401
19584
13440
-10626
-29312
-11393
-22125
10880
29312
12192
385
20864
-897
-4994
-28288
8832
26516
-27264
-641
-26465
13185
13696
12672
3455
-21376
-5761
-19309
18816
-29055
-28769
-384
-2689
8576
-130
-23168
-3713
-10094
-385
896
18590
1665
128
9600
-4482
-25472
13696
-30062
7296
2175
-10595
19329
4992
11648
1151
-21120
16000
-30830
8576
19328
-29539
6273
-3713
3968
-5506
-11648
9088
19859
-4992
-15744
-31842
13185
-2945
4992
-2434
-9088
11136
27795
14721
-31104
-25444
13697
384
1664
2175
-15744
-8065
2963
12673
31362
1949
13185
-1153
7040
8831
-23424
2176
9106
25728
21120
23964
7809
3968
14976
-12674
-18048
-2689
26770
18049
18817
-21349
3201
-1921
9600
-1154
-640
-8321
26001
21376
5505
20634
10113
-2433
640
2687
-7040
-9345
-10095
1665
21888
-29030
385
8576
13440
-1410
-18560
-1665
-23408
-29568
-3968
24217
2177
8320
16512
9087
-2688
-5761
-625
31616
8576
-15209
-3968
11392
2944
-1154
-21632
-2689
-24431
-1919
15233
-16488
641
-5505
5760
6527
-12416
15232
16784
3713
-10111
-29033
15489
16512
14976
10623
-2432
1664
22927
4481
22656
23702
-13952
12416
4480
3199
5249
-897
-6001
-30335
21889
24982
-4736
11392
9600
-11394
-2688
128
-16754
19073
-23934
-28267
-3712
14720
12160
1151
-15232
2176
24206
11905
-6784
8852
-13184
12928
17792
1663
2177
3456
25485
4993
16001
-19309
-4480
9344
13696
2431
-2176
-8577
27021
-31359
5763
-18285
-5760
2688
896
-13186
-11392
-16769
-14964
-10368
-31361
-24175
-10112
-129
16768
-11138
-4224
-10113
-22132
-16511
-20607
23185
-12160
13952
-897
-9602
-3200
-8321
32140
-13695
17539
-26992
-13184
11904
14464
-4226
-1408
-14465
17035
-21631
-21120
-11633
-12928
6272
26496
-18306
1665
-4737
6283
22145
-2944
17038
-19072
7552
21888
8319
2945
-10625
-31862
-19839
-15230
-27250
-28288
-3969
7808
-3714
-16000
-4993
138
-13695
-13440
14477
-27520
3456
14976
-11138
-13696
-5761
31113
31873
23170
-15477
-20864
-5761
6272
-12674
-3968
640
-16760
32641
-9343
-24181
21888
-3713
17280
-16002
-8832
-9089
27528
24449
29312
-20598
30848
6272
16768
-3714
-2176
2432
390
-14464
-25471
-7032
30336
4480
22144
-9858
-1152
-9345
-23673
-25471
-10111
-21623
25984
-8065
11392
-1410
129
-2689
18310
-14975
11648
-23930
27776
-8065
12928
6015
-7296
-8577
-13692
27009
-7295
902
-24448
2432
19584
8063
-14976
3712
-32380
28545
22656
1670
27008
-5761
15744
2431
-4480
-2945
24452
-8831
-29311
16517
24192
-7809
18304
-8834
641
-7041
5507
2945
26753
-22397
28288
-9601
25216
17023
385
-5249
-31613
1666
-13184
-31614
7552
-6273
-27776
11647
-4224
-9345
642
-29055
-17535
19330
12672
-9345
32128
15231
-2176
11392
10881
16513
16257
-26240
-641
-7809
32128
11135
-6272
384
-18304
10113
-13185
8576
11392
-10369
19840
13439
897
-641
-25472
31873
386
-10369
6272
-14977
20352
14719
-17280
8064
-15233
2945
-14720
19838
2688
-10369
13952
21119
-24448
4224
19583
-25215
24449
-28034
-2433
-18561
14976
29567
-17024
8064
-6786
-20863
-32126
17277
-10625
-12673
6784
20607
-24192
8576
-6274
-9855
-31870
-23683
-1153
-13953
13184
20095
-27520
-10625
-22915
-26239
-10368
2172
-16001
-18817
5248
14719
-21376
1664
-10371
-5503
1411
-19590
-17281
-23169
16768
15743
-7296
-1409
-27011
19074
12418
12155
-23937
-18561
18048
-29569
-25472
-10369
12411
2177
-10880
26233
-23681
-10625
18304
28543
-12928
-9345
17530
-8832
3713
7288
-23937
-23425
28288
8831
-28032
3968
-8838
17025
-29824
-393
30591
-27009
19072
-23937
25728
6784
-32646
15745
16258
3447
-17793
-16769
14464
27775
-14208
10112
-2952
-18048
-16768
-13451
28031
-19841
9856
17791
-31616
6528
-17288
-13440
25983
14453
-30337
-29313
16256
28031
-19584
-6273
-5512
24961
-24958
-23691
31359
-25473
13184
30591
-22144
-5249
-3208
-21375
31361
-23180
21631
27775
18560
19839
-29824
640
-17545
24449
-22911
-5005
-28545
-32129
21376
32639
30848
11392
13686
-15744
16514
15987
-19073
-26241
27776
-23425
-4736
-9345
-8074
25729
-19327
6259
-28289
-22657
16512
-31105
-16768
1408
32118
-25983
25217
5234
-27521
-16513
6272
-11905
26752
-4225
16757
-6016
-22143
26993
-13697
-16001
19072
-14721
-24448
-4737
-8844
14465
1408
8560
20607
31103
27264
-10881
25472
7040
-24717
32384
-12417
4463
30847
-18561
29568
-21889
32640
-1921
3443
13696
-21376
-14226
22399
-22145
13696
-9601
-31872
-7809
28787
-9600
-23169
-1938
21887
-30849
3200
-28033
19840
-5249
-24973
-8064
15745
9838
-29825
-28801
13952
-11649
16000
3968
31090
12160
-20352
25197
14975
-27265
13696
-14465
-32384
-14209
24946
-11136
11136
10093
12415
-27521
7040
6016
32384
-2945
-3472
20352
15744
13164
13951
-31617
6016
15744
32640
12672
-18319
-3200
15233
1388
12159
-9857
10880
8576
27776
1152
9840
-20608
-14210
-1686
-130
-18561
640
2944
14208
-1665
-10896
-2176
15233
10091
6783
-29569
-2689
14208
10368
9344
24432
-1152
31616
-32150
-130
-31617
-1409
11136
8320
-1153
10352
3457
-19840
25450
-6018
-28289
640
21120
16768
-8065
14191
-23168
-13695
15978
4223
-22913
1152
12928
18048
-1153
1136
16257
20865
31082
-12162
26751
-6529
26496
-1153
-7297
