6770
8071
887
4485
-4970
10899
10386
20379
30598
-14210
-14737
-4984
10612
26498
31893
8850
-7282
-26472
6791
-22400
-29329
-18806
-30093
32128
-12395
-367
1168
31641
14727
-29568
25454
-11126
15731
15490
15254
-26478
-10096
-10599
647
21376
-3731
-30068
4467
12162
20630
1683
17040
1945
17286
640
-31891
-8051
-17550
-11904
-2410
22931
30608
22937
-30586
28543
31852
-8307
-22414
4995
-3946
13715
19601
-2408
8071
12928
1388
28303
-911
-21119
30617
-22379
-10350
26779
-25724
2685
11883
-25968
3953
-30079
23959
21139
25490
2714
-1659
-16001
-14230
4753
-30863
-25214
12951
-19309
-22639
-24679
-23931
-20097
-30358
21650
1137
30592
-7529
30099
-12144
4506
9605
-6018
-2199
-9325
-4240
129
5783
9875
26257
26778
-17276
-29314
13161
4500
-13712
-19070
12183
15507
-11887
-20839
-29053
18558
-23447
150
8560
23936
31895
-26477
-13936
9369
-12925
11902
-7576
31637
1136
-26495
1943
4755
-26991
-2919
-30589
-29059
-25752
22934
-145
27266
-18025
8083
-18800
-31591
-24701
15485
-27288
31127
29039
-18560
20631
-30573
20114
-9319
15747
6013
12392
664
-30097
12162
-10088
-6508
27283
3227
-5247
22906
1896
-3177
-7058
13186
11415
8595
8337
-1129
18306
18045
6760
28057
-24466
20352
-3690
-16238
31121
14745
23682
32636
-5017
-11879
-5266
3458
-106
30610
14993
13720
28289
-25477
22888
-30566
-11922
-28287
-28010
-28014
3472
1431
8577
7548
30568
-17253
-146
27264
-19819
20114
-31600
30103
31616
-24453
17256
-26213
8815
386
30869
12178
-20337
19350
-18305
4731
-11416
-6756
-1426
-2432
28309
3730
-12658
19349
31359
-26502
-18840
14237
-17810
-11137
405
-21871
28815
17045
20607
-31878
-28568
-9828
-21394
-7551
-28012
13457
16783
-11115
3199
20858
14697
15262
-27794
-6273
8342
-25198
16528
12182
3198
20856
14953
-15459
-17810
-18304
-18029
3472
2958
-1133
-25217
3195
-25239
-612
-6290
-7039
7059
3472
-24179
6035
2174
-29062
23402
-610
-3474
8831
16275
-16753
-4467
13460
19326
-22663
21354
7582
-5778
22145
19346
25999
-9331
29074
-22659
-9095
-18838
-355
13167
-16511
22162
1935
-19572
-24943
12669
-9607
23147
-13921
-2194
-8833
9617
-32626
-14452
9873
12924
10361
-29845
-98
32367
-15231
-368
-4723
9869
-12400
-28036
12409
14700
20895
-12945
32640
16273
-11123
16780
-7792
23933
7545
-23700
-14688
-21649
-5249
1424
12173
21131
-2161
6524
-24968
23149
11167
112
-24191
-17776
-2163
9356
26001
32635
23415
-31123
-14177
-18321
32640
22159
-25460
-25206
-18035
-26501
-11655
-21650
10400
-3729
13440
2958
-26741
-8054
8334
20091
12409
-8850
-32098
-30352
-29055
19086
27787
-119
9358
-13445
-28040
-19601
-14945
-5520
-14465
9613
18827
29577
10380
-28807
9080
-3217
10912
-32144
-25216
18060
18570
29833
-29812
-13447
-16521
-14224
-28258
28017
29313
-28020
14986
27784
-13686
13946
120
-28815
-18016
27505
8319
30603
22921
17032
-15222
29049
-17801
-23694
-7522
-25487
27776
-20342
32392
10889
25995
1914
10872
17267
27038
32370
-21120
-19574
-28792
-16506
-21368
-11400
17016
18548
-31585
26994
9086
-26230
-8312
-10362
-20088
-17032
-26761
-8588
-26467
-21646
17793
3976
-15738
-20346
-23161
-22152
-3976
29557
-28003
11123
-385
1416
27270
-30843
23687
19064
-5256
3191
-10594
28019
23678
-29305
-22907
-1404
22918
-21384
16248
-23177
2461
3700
-13952
17542
3973
4741
-32635
-2441
-32648
12408
12957
15988
16767
16006
-27004
-29053
-11645
3704
11896
-29575
-26724
-28812
-31361
-8828
-18045
-2429
22148
-3466
-22665
-7047
1947
17269
12929
9349
10627
-14974
1667
6776
26232
-18054
-29285
-29323
-10626
-12156
1667
1922
-9343
-4745
1400
17532
-32102
-10379
-9345
29571
130
17282
386
22135
-2185
-132
-20839
-23178
-31872
-11389
-20862
-6270
-17535
-17803
12151
-2947
-26215
-23690
-11650
-5759
-896
27009
11904
-6538
-20104
10367
30617
27511
18304
3713
18816
27775
-16002
-6282
-21128
-30593
-23144
120
-1664
16257
-20609
2432
-19329
-9354
-5001
-17024
6041
120
-17282
-17025
-386
4479
17278
27509
-3465
-3967
10134
-17544
-21120
-22402
21374
17022
22397
9078
-19592
13187
-26218
22137
-1921
-9602
2686
-31875
-23685
-24459
22648
20100
28823
-6279
-20098
-16515
3965
9598
13180
-19083
21624
1669
-7021
23418
896
6013
26236
14972
25211
-16011
-24200
11654
14485
-32134
-17794
32380
-1157
-2181
-4231
6005
-21896
-10618
29332
-17798
26238
-26500
23676
16764
-24966
31605
14968
-17785
21650
-17285
-23168
29563
-3718
5755
-3208
6774
32378
-6008
28818
-7045
-30338
-18310
-32134
30331
25720
32117
2170
-1655
20369
24444
28031
23930
-21383
27258
24440
-30602
-15239
2186
19600
1405
2944
-17799
18297
-27270
-14217
-21387
1658
7052
12689
26493
-28547
-17032
-3208
-8584
31349
4469
7801
-5492
6798
-6275
-28033
-15497
11128
-19591
-28042
18293
-4999
-17267
9613
23166
-3969
-20873
-28553
29303
-32397
-8075
6267
-15218
5774
-12930
-7299
22647
14711
-23944
-21387
-16523
4730
32399
-9589
-32129
-19841
19062
-24458
32375
-26253
16757
14970
14224
-22134
-9601
-19074
-3467
-6538
-3722
-8078
10101
30074
24209
-7542
-11649
-30851
4981
-22923
2678
10354
-7307
-15237
1170
27784
-6016
6528
-3724
22389
1654
25202
-6282
-32132
-16494
-18296
-9344
26750
21620
629
-23179
1138
19061
7547
7060
-19065
19841
-22402
15219
29812
-26251
-30863
-12428
11387
-30060
6790
-7295
-29824
-2702
-10125
1653
-16016
9845
-13701
-18283
-28026
24194
28542
-28814
30323
-140
3184
-15755
-13957
-27754
-31099
-22654
-7554
-25231
-21902
-21132
1648
-21643
5244
-5738
-2942
28291
17280
-30606
-8590
21876
-658
32630
28028
2457
30340
8068
-17026
-656
-21134
9588
-14483
20597
-3973
23961
4482
1924
12927
113
-22159
15220
-23698
14198
30332
16026
-16256
13445
-12417
-31376
-24719
-31886
-15252
887
31102
-9062
-10111
-7036
-7811
-11665
625
17522
621
-12170
11134
-15717
30590
-26491
26751
-18065
-912
-12942
-19604
-5258
-30339
29596
-14722
27270
11903
3183
22128
-32143
12396
32630
-6787
18333
19582
-30586
28798
30062
15984
7538
5228
5238
-644
-867
30331
23687
-30081
30574
-15505
113
17003
30839
-31106
11935
21883
3464
-29058
-5267
-5265
-30864
-31638
-19082
5502
2719
10619
32391
18558
-16275
8303
-6544
-12438
31095
26750
12448
10360
-18296
-3201
26733
5231
17776
16234
-25225
22399
-13407
-23431
393
-21123
13421
11887
22383
-6295
-2953
14463
10658
2680
-6520
-1666
-14740
21614
-11409
30825
-20360
1152
-10590
22133
5002
11392
-32660
8814
31343
-3991
4985
-2432
