19599
-23912
-16249
24704
26519
-23426
6272
16776
16778
-25207
4497
-10343
-19065
-640
12440
-27009
20862
25736
27786
5001
-8049
-8296
7815
21376
26007
6784
30846
-25977
22409
-13944
14225
9883
18823
28544
12439
4992
-20868
28294
26760
24456
-8560
-19303
-20601
-3457
-14954
19072
-1925
25222
17544
-22649
17809
20378
5510
-8065
19350
29568
-13446
-8316
13959
23174
1938
19355
-4219
-5762
22678
-29824
634
6532
-10874
28038
-20847
10906
-3451
-24962
13205
8064
5242
-32381
18566
-32123
-16239
-615
3462
-13697
-10348
-32383
-10375
-6270
14725
-24700
9874
1691
-1916
-8322
17813
11137
-30344
16258
-2684
8836
-29038
10651
2949
-3458
-24172
-10112
-5001
-28031
-3965
31619
18065
-24423
31620
-4483
-19822
17025
-29321
-26752
22147
7042
7570
24474
14981
30845
-9838
-7040
32374
384
26242
-19071
-7791
11930
11652
-19843
-4463
5761
886
20863
-383
-30335
3985
-2408
-14206
-21380
26000
-17023
10357
-25731
12416
-13953
7826
3994
-31613
27773
-1648
897
25204
6526
-30848
15232
30353
-10343
-10366
-3972
3216
24961
7284
-12932
-16001
-31873
18065
20889
-23166
14460
-13427
18561
-30605
5500
17022
13693
-24687
30362
-2941
-30339
-10609
-16255
-3982
12668
1407
3711
-11888
13463
-25471
-16516
-1652
-639
7795
-27526
-9092
10620
11665
19864
32385
7548
19597
-20607
-8335
4474
32380
26748
-17776
24983
-4480
-29829
-1397
-12415
-32143
22393
-24709
-8070
22160
-19561
-30592
-30085
32651
-10111
1393
-23176
-19589
-10885
-28528
3734
-12417
14459
-25462
-12159
13168
-7049
-13958
22138
-18800
-8553
-4224
-5510
-10870
-20351
24688
-10889
-2182
-22150
-9841
26262
-4994
-31622
-19063
-2687
-29329
-27530
-9607
-5255
30095
-14954
8063
-5767
-19064
4226
20591
-2955
-31112
2424
3214
16788
-18306
9338
29062
-21375
4463
9333
-21641
17014
8334
22164
18558
4218
26503
29826
-658
-4492
25975
25719
16527
-6508
26750
9082
-8314
-17791
-4499
-15244
-19593
-5001
-11379
9875
-4227
-9863
-13692
-1407
-27795
-18829
17526
-10891
-6003
19602
19581
-8328
31108
14466
6766
9331
-14219
-30859
14989
22930
30333
26489
-24957
-3199
-28052
-27022
-16267
-30860
-12660
12178
893
27769
4739
-9599
-21395
32626
26741
-32139
-15476
401
31356
-8328
-27006
898
-5524
-14223
-10125
-32653
-30069
27280
11645
-31623
-31359
-20351
28012
28529
-23948
-1165
16268
-15984
-27525
-19080
-32127
5762
-17812
-14992
32115
29043
-10613
-9073
-4229
13689
-3457
-29311
-16532
31088
-7054
-32142
-18294
-23154
-3973
-18567
-8065
3714
-8084
-31888
16499
-15758
-24694
-3187
26235
-904
-10883
11650
-32148
20591
-20879
21874
11146
-5492
21626
10360
29821
-19071
-32405
-6290
-6032
15729
8329
-1140
20347
-19080
21629
9602
17004
5487
113
14193
-28279
-5749
19579
17528
-11396
1410
-14996
-5010
-27792
7281
29577
-32628
-2439
-15497
17020
-22655
18027
19054
11888
-16272
-4729
-9846
-10887
25464
30330
-6015
-149
-10899
-32401
-12689
-32121
6538
-21128
-2185
-30343
15490
5739
2157
-11154
-32401
24200
32650
-7303
-5001
13690
-16767
9068
-22675
-26513
17520
15239
-5240
-22152
-24969
-29064
11138
-15252
32365
-1682
15727
-23162
19847
-18823
26488
-11145
-32382
9836
-12948
26734
-28306
-123
-19065
7801
-29064
1400
-8575
-26004
13677
-13714
-9874
-19068
-25979
-21641
-6537
1398
7298
2924
-17557
-24467
-26514
-16252
9861
10872
-21641
-3468
898
23916
-12693
8557
19565
-17020
-29820
29303
-5001
-19339
-13951
30316
4460
8302
26991
-10366
-28797
31608
11640
-11661
29058
-30100
16235
-28564
-27283
-22397
18052
11895
-20361
-23949
16258
-4757
30571
7277
19309
-2175
25985
6007
18552
-7310
10114
23660
12395
-20116
-23443
-2943
-28032
-1675
-8585
8818
-24190
21613
5995
30828
5998
-15231
8834
-25226
14456
-5263
-383
8300
4203
-12948
-25747
16000
-22145
-2442
5241
7025
-20094
-403
27755
16236
-30868
-12928
18816
-28554
31096
-9104
26754
8046
1643
18284
31340
-385
26238
12662
8312
-15761
7042
1390
107
-17045
-5013
-21378
-8579
6774
27768
23151
20610
-17810
22635
14956
-32148
-5762
21885
10870
26232
24430
13442
15982
-6038
9323
29035
25982
-10116
-3211
32376
-12434
-13439
-14994
-27029
7020
-16788
23933
-2693
19318
-19080
-4755
130
-30353
-1174
-149
23917
-13187
28539
24693
377
-19091
-7807
-28050
17771
-10389
-10900
-20612
3194
5238
-22408
22125
-13183
18800
876
-31124
17005
9596
22394
-27787
-1672
-10389
4226
22640
-27541
27244
-13203
25212
-5767
23414
-14727
6509
-1151
-22672
11628
-4244
8046
26234
29047
4725
-5767
24171
8066
22129
364
-15765
26220
-4230
2936
-7819
13177
-9109
-10367
-6031
24684
20844
-28819
28282
-5257
-7307
-28295
17259
23937
4721
-17813
-16532
-20626
19833
-3723
-26251
2938
-11414
-22655
-12942
-13460
-17812
-12947
-12168
19317
6005
2426
-3480
-18303
13938
-1173
-23701
16491
11130
-26506
24950
14458
-14230
20097
-654
15981
877
-16531
-7305
-23692
-3468
1402
-16024
-8575
-9358
-20372
-1173
31084
2424
-15501
-26763
20346
20841
-16767
-21133
21613
-9364
-21395
-32393
30579
18038
-25222
-20632
-6784
25204
12142
16750
24175
-13194
10866
-22923
-28549
-17304
4738
-24971
-30354
-22675
3183
-1930
3443
25717
-134
-24728
-32127
11381
-31890
-8339
-5010
31350
-25999
14710
31099
13928
14209
18294
-11154
-9107
10094
31861
-2960
-7563
-16261
2920
29313
-3978
-1682
9326
12399
-25739
-16785
32117
30843
-16537
7809
-18570
22639
29294
-2195
21620
-27537
-13963
8572
22631
-31359
26231
-13969
2927
111
11124
-14738
-19851
2172
-20122
-20863
13432
-5265
-27026
23663
31860
15215
-17291
-9093
-4249
21889
-28041
24688
14191
4977
14195
-1683
-8075
-24196
13671
31105
-6536
-2192
3184
13169
4468
19567
-30346
-12165
-6042
-12160
-23943
-6799
-20111
882
-6542
-13203
-9097
-29826
-20121
-23167
-3463
28274
-29839
-32398
20850
15213
-5770
8062
20839
-17791
-21894
15986
12145
-14734
14450
-10132
25718
13693
20071
-30335
-28550
25970
16241
24946
10610
1132
2423
-16003
11879
23681
-18565
-25229
-13455
10098
15985
-30869
-31369
8574
-2970
22145
-10372
-11149
-911
-7822
7282
-7061
23158
-6531
-20121
20865
16508
9332
-26510
-8845
19057
-22421
4985
639
-32153
-13440
-16515
-1932
-1678
-3982
-24719
-2454
-23945
-19586
-12697
8833
16510
9845
28019
-11660
-3471
-917
2424
-24194
17769
-17024
639
-24714
-30092
10358
-2959
12907
23928
638
-2457
3968
19072
27511
-29579
-25226
-15249
16745
29561
13185
9576
-22399
-3200
15735
7541
15989
12400
25961
13945
8576
25448
-3456
-6272
-5257
-24203
-25994
-21653
-30355
31856
31593
22647
-24706
8808
28287
-18560
24951
6764
-6547
-2450
-17816
-3721
-2946
3176
-7041
18050
-3977
-19093
-148
15727
9065
-23176
17279
18280
-16001
27010
-29832
-7830
-16788
23151
29801
12408
30847
-16279
-28801
6787
-3975
8555
-13972
-21394
-19608
16505
-1665
-8344
7040
20612
-647
-15766
28524
-17297
21353
-1415
-12928
-25750
20607
-17020
24187
-27542
18028
-8850
-8344
890
-16512
3691
28287
12166
14716
-8854
20332
-11411
-23449
-20102
-16767
22378
5760
-6522
-30596
30058
-6805
15215
22121
9595
-13439
-21396
-23937
-21881
4478
22378
-5269
-15507
2920
26747
1922
-3477
-30849
-21369
24958
15722
-4245
-5011
6504
-9094
-1663
25452
-26753
-14456
1663
-7319
29547
31086
-26776
-12421
9346
-916
-3458
-29560
-25217
21098
-18325
-13971
30312
-28037
30850
-26771
7551
-6775
-28800
-31638
5740
-26259
22376
21372
-18558
-13203
7039
-1654
15233
4714
24683
14959
-10391
13949
3203
14959
-29570
27274
-4735
30826
7788
-2195
-20376
30076
-12158
25455
-5506
-5493
-18302
-24470
-10901
-2707
10345
-27011
-29821
6512
-11650
20620
-26493
-30870
7276
-16018
32617
21118
-3965
22641
-2690
-1908
-4476
-17558
19052
17517
-23447
5502
12933
21617
25471
-6259
6789
-9110
19564
-10386
-7063
8062
-29564
-27022
-13186
-2675
-13435
-30869
-8852
14190
874
6783
4996
-31885
-21122
-16242
-15738
-1941
-30355
-2450
-12438
-28034
-5757
25204
-12162
-28273
22407
-3477
-20371
16239
-3222
12927
28804
8565
-18306
20879
2952
620
31597
-14993
4972
-28545
2693
-11915
30334
-10609
-15736
-5012
22638
12655
13676
-14976
-23931
-2186
-3202
15505
-20599
-15508
1646
27504
6253
29568
26757
-10633
-27778
7056
-20599
-22931
-18578
-21137
16494
-5759
10630
-7049
-25986
-26480
19594
366
5999
-19345
28013
-1664
15493
23160
1151
-30063
-18294
-659
-6290
-21648
-15763
12930
16263
-7815
5503
-28527
-5749
15982
-24977
1393
-14739
5250
-27770
-27782
-18562
-7278
-13172
-3986
1904
22641
-1938
-11390
21638
379
-24450
24466
-16500
16495
13680
25458
-29584
23939
2695
-8580
11902
-23150
-13171
7536
13169
-3983
-4241
6019
-1146
20092
-21122
6035
-16243
-1937
6257
-22927
15728
-8574
391
-29060
31614
-366
-2163
15216
-28815
6002
24945
21635
24711
126
23934
-15982
-3186
-31887
-27534
10355
-13200
-22141
-5498
5758
23166
-8557
-14706
-25231
-21902
-6541
28274
-8828
-31609
-23169
18814
-5229
-25713
15986
-17038
6004
-7309
-29563
-11129
27008
-21891
31635
-5233
-5518
-29581
30579
12403
23685
-120
-2944
-22658
-29036
-25968
-6798
-14221
-26251
25461
28293
11912
10371
-8067
31892
20881
-20365
-17548
-12939
20341
19845
10888
-21374
-20355
-29292
32401
21108
-4236
28277
-9355
-24955
2952
3459
-31362
31380
28049
-20364
28533
12406
-10891
22662
-16249
-12925
5502
28820
17298
26741
12150
-23946
-28553
-21370
-23928
-1916
-9347
-23916
29330
18806
-27018
29047
12408
16518
18311
-26491
1918
18580
32658
-6282
-2954
-27785
-2184
-13946
26504
30342
-10883
-4205
3731
21879
-4745
27511
19833
-28537
10376
2951
126
-11628
25235
-28553
11896
3961
-11142
21383
-12409
-10617
-8323
4500
26259
-30344
-392
-27015
27770
31624
30857
31113
21886
14741
-24428
-14215
-15751
19577
-30342
-6009
-15736
-20344
11390
-11628
-8557
-29063
634
-23686
7804
-25465
14728
906
-5763
-20845
-12653
-29062
-23686
-17286
29309
19848
5768
-13942
-11907
4500
28308
-19589
-21637
-3206
-25476
20616
4488
-13942
11134
-5740
-22380
5243
18043
-10117
22142
21640
18056
-27509
17022
-16494
11668
-3716
28796
-27012
-30081
-2936
-633
909
11390
21139
11925
16253
8573
-6788
-24194
27784
8584
27788
-28034
27283
29844
3454
26749
-27010
14208
-13175
2696
-4978
23934
-31341
22677
6783
-31618
-10626
-21119
22921
31367
6543
-14979
7827
4501
29055
-5250
-11906
6787
8586
-12152
17552
-11906
16531
-15467
6528
24703
29824
23684
18058
15752
22929
6270
-14702
-7019
-5248
20096
-31873
-12157
-28278
648
28048
17790
-24686
17045
29569
-10624
-23169
-26493
-1655
-23161
-25456
-24194
-6511
-14956
-127
29057
1410
-20347
-30582
-12921
31122
7294
-31087
-15723
-31613
-28030
-28287
3973
-3447
-11385
-3439
-27522
-9583
28821
23939
12418
20098
-18042
-18295
-19065
25234
18814
-8816
-16492
-5757
18051
8067
-11386
-11126
-19321
-22125
19838
-16752
-15467
14469
-27773
-14719
-634
20618
-25721
14482
-10370
-22640
-29036
-29819
19588
-28796
26761
-22390
-29050
13460
-18819
13456
1685
4998
-14460
-16253
-9080
-374
21128
5269
-7042
8336
26261
15239
-29307
18820
13705
-12662
-18554
-29292
-4482
-32113
25748
5255
-26235
-12412
19082
-21110
-5242
-4204
-23170
-30834
12948
18312
-122
22405
17546
-15478
31366
22933
27262
-11890
-4205
29320
18567
-17531
3980
-25462
15750
-32619
-24962
-2675
-13677
-4728
21127
11655
-16755
27531
15494
12183
5246
17037
-5997
32137
16008
-25209
-17011
-12151
4998
24983
29566
23949
-14957
-10358
-18296
-10872
19086
-13941
-31867
-31337
-26242
23948
24723
-31350
2953
-21624
655
27019
-6523
27287
-27778
-4213
12947
-19829
-10871
-29304
-21362
-21366
-10876
-13674
4478
16780
27026
396
11146
12169
7056
-12662
29318
20120
4735
25739
-6254
-1141
-25462
-17783
-31088
-3703
-20859
-1897
-31874
14986
-17262
13965
26763
13449
-15472
24714
-7548
-14697
-21890
-19062
-13167
31885
-20341
-17526
-24688
12938
-20604
4248
-30850
-14455
28049
14990
-885
-9589
19602
-21110
16004
10393
21886
-16759
22929
-7538
17292
-6263
658
-119
20100
27031
-3202
5768
-20337
-30834
27020
-12917
2195
-28023
21891
2457
-6274
-31097
6544
-31857
3725
7819
21651
23690
15236
23704
-19330
-15737
-9329
15760
28045
-2421
-9069
-12919
-8317
7832
-12162
-20346
-6002
8080
-28787
1164
18580
-29047
-17534
3224
8318
-8827
-27506
-20080
22926
-23157
29843
-24183
14212
21656
12415
-32122
31886
-16751
-10610
-7028
17557
-17271
-26493
21657
1663
-5243
27534
13457
-22386
27533
8086
10377
-2686
7065
-14210
22404
-12659
-14446
-24433
2189
-8299
8073
-28542
17304
20863
-28028
-1908
-11630
-31089
2190
-29290
-13432
-5759
24728
-6274
13187
3980
9619
3728
-3698
-17514
31369
4994
19865
895
6275
-29812
30099
-29040
21390
11158
-29560
28801
17304
10111
-24702
18827
-8557
-16752
24975
8855
8073
-32383
-10600
-7810
-19838
17803
3732
-3696
13966
-12649
-4216
14210
-10345
-9090
14209
-18294
-30572
28817
-2930
10136
-20345
-4480
-15210
5247
14209
-14711
-26988
31633
18576
-7272
28808
-2432
15512
-24193
-2433
19593
-5740
-1391
-19057
3480
-21626
-17280
-25449
31103
-22657
-11384
19599
-23912
-16249
24704
26519
-23426
6272
16776
16778
-25207
4497
-10343
-19065
-640
12440
-27009
20862
25736
27786
5001
-8049
-8296
7815
21376
26007
6784
30846
-25977
22409
-13944
14225
9883
18823
28544
12439
4992
-20868
28294
26760
24456
-8560
-19303
-20601
-3457
-14954
19072
-1925
25222
17544
-22649
17809
20378
5510
-8065
19350
29568
-13446
-8316
13959
23174
1938
19355
-4219
-5762
22678
-29824
634
6532
-10874
28038
-20847
10906
-3451
-24962
13205
8064
5242
-32381
18566
-32123
-16239
-615
3462
-13697
-10348
-32383
-10375
-6270
14725
-24700
9874
1691
-1916
-8322
17813
11137
-30344
16258
-2684
8836
-29038
10651
2949
-3458
-24172
-10112
-5001
-28031
-3965
31619
18065
-24423
31620
-4483
-19822
17025
-29321
-26752
22147
7042
7570
24474
14981
30845
-9838
-7040
32374
384
26242
-19071
-7791
11930
11652
-19843
-4463
5761
886
20863
-383
-30335
3985
-2408
-14206
-21380
26000
-17023
10357
-25731
12416
-13953
7826
3994
-31613
27773
-1648
897
25204
6526
-30848
15232
30353
-10343
-10366
-3972
3216
24961
7284
-12932
-16001
-31873
18065
20889
-23166
14460
-13427
18561
-30605
5500
17022
13693
-24687
30362
-2941
-30339
-10609
-16255
-3982
12668
1407
3711
-11888
13463
-25471
-16516
-1652
-639
7795
-27526
-9092
10620
11665
19864
32385
7548
19597
-20607
-8335
4474
32380
26748
-17776
24983
-4480
-29829
-1397
-12415
-32143
22393
-24709
-8070
22160
-19561
-30592
-30085
32651
-10111
1393
-23176
-19589
-10885
-28528
3734
-12417
14459
-25462
-12159
13168
-7049
-13958
22138
-18800
-8553
-4224
-5510
-10870
-20351
24688
-10889
-2182
-22150
-9841
26262
-4994
-31622
-19063
-2687
-29329
-27530
-9607
-5255
30095
-14954
8063
-5767
-19064
4226
20591
-2955
-31112
2424
3214
16788
-18306
9338
29062
-21375
4463
9333
-21641
17014
8334
22164
18558
4218
26503
29826
-658
-4492
25975
25719
16527
-6508
26750
9082
-8314
-17791
-4499
-15244
-19593
-5001
-11379
9875
-4227
-9863
-13692
-1407
-27795
-18829
17526
-10891
-6003
19602
19581
-8328
31108
14466
6766
9331
-14219
-30859
14989
22930
30333
26489
-24957
-3199
-28052
-27022
-16267
-30860
-12660
12178
893
27769
4739
-9599
-21395
32626
26741
-32139
-15476
401
31356
-8328
-27006
898
-5524
-14223
-10125
-32653
-30069
27280
11645
-31623
-31359
-20351
28012
28529
-23948
-1165
16268
-15984
-27525
-19080
-32127
5762
-17812
-14992
32115
29043
-10613
-9073
-4229
13689
-3457
-29311
-16532
31088
-7054
-32142
-18294
-23154
-3973
-18567
-8065
3714
-8084
-31888
16499
-15758
-24694
-3187
26235
-904
-10883
11650
-32148
20591
-20879
21874
11146
-5492
21626
10360
29821
-19071
-32405
-6290
-6032
15729
8329
-1140
20347
-19080
21629
9602
17004
5487
113
14193
-28279
-5749
19579
17528
-11396
1410
-14996
-5010
-27792
7281
29577
-32628
-2439
-15497
17020
-22655
18027
19054
11888
-16272
-4729
-9846
-10887
25464
30330
-6015
-149
-10899
-32401
-12689
-32121
6538
-21128
-2185
-30343
15490
5739
2157
-11154
-32401
24200
32650
-7303
-5001
13690
-16767
9068
-22675
-26513
17520
15239
-5240
-22152
-24969
-29064
11138
-15252
32365
-1682
15727
-23162
19847
-18823
26488
-11145
-32382
9836
-12948
26734
-28306
-123
-19065
7801
-29064
1400
-8575
-26004
13677
-13714
-9874
-19068
-25979
-21641
-6537
1398
7298
2924
-17557
-24467
-26514
-16252
9861
10872
-21641
-3468
898
23916
-12693
8557
19565
-17020
-29820
29303
-5001
-19339
-13951
30316
4460
8302
26991
-10366
-28797
31608
11640
-11661
29058
-30100
16235
-28564
-27283
-22397
18052
11895
-20361
-23949
16258
-4757
30571
7277
19309
-2175
25985
6007
18552
-7310
10114
23660
12395
-20116
-23443
-2943
-28032
-1675
-8585
8818
-24190
21613
5995
30828
5998
-15231
8834
-25226
14456
-5263
-383
8300
4203
-12948
-25747
16000
-22145
-2442
5241
7025
-20094
-403
27755
16236
-30868
-12928
18816
-28554
31096
-9104
26754
8046
1643
18284
31340
-385
26238
12662
8312
-15761
7042
1390
107
-17045
-5013
-21378
-8579
6774
27768
23151
20610
-17810
22635
14956
-32148
-5762
21885
10870
26232
24430
13442
15982
-6038
9323
29035
25982
-10116
-3211
32376
-12434
-13439
-14994
-27029
7020
-16788
23933
-2693
19318
-19080
-4755
130
-30353
-1174
-149
23917
-13187
28539
24693
377
-19091
-7807
-28050
17771
-10389
-10900
-20612
3194
5238
-22408
22125
-13183
18800
876
-31124
17005
9596
22394
-27787
-1672
-10389
4226
22640
-27541
27244
-13203
25212
-5767
23414
-14727
6509
-1151
-22672
11628
-4244
8046
26234
29047
4725
-5767
24171
8066
22129
364
-15765
26220
-4230
2936
-7819
13177
-9109
-10367
-6031
24684
20844
-28819
28282
-5257
-7307
-28295
17259
23937
4721
-17813
-16532
-20626
19833
-3723
-26251
2938
-11414
-22655
-12942
-13460
-17812
-12947
-12168
19317
6005
2426
-3480
-18303
13938
-1173
-23701
16491
11130
-26506
24950
14458
-14230
20097
-654
15981
877
-16531
-7305
-23692
-3468
1402
-16024
-8575
-9358
-20372
-1173
31084
2424
-15501
-26763
20346
20841
-16767
-21133
21613
-9364
-21395
-32393
30579
18038
-25222
-20632
-6784
25204
12142
16750
24175
-13194
10866
-22923
-28549
-17304
4738
-24971
-30354
-22675
3183
-1930
3443
25717
-134
-24728
-32127
11381
-31890
-8339
-5010
31350
-25999
14710
31099
13928
14209
18294
-11154
-9107
10094
31861
-2960
-7563
-16261
2920
29313
-3978
-1682
9326
12399
-25739
-16785
32117
30843
-16537
7809
-18570
22639
29294
-2195
21620
-27537
-13963
8572
22631
-31359
26231
-13969
2927
111
11124
-14738
-19851
2172
-20122
-20863
13432
-5265
-27026
23663
31860
15215
-17291
-9093
-4249
21889
-28041
24688
14191
4977
14195
-1683
-8075
-24196
13671
31105
-6536
-2192
3184
13169
4468
19567
-30346
-12165
-6042
-12160
-23943
-6799
-20111
882
-6542
-13203
-9097
-29826
-20121
-23167
-3463
28274
-29839
-32398
20850
15213
-5770
8062
20839
-17791
-21894
15986
12145
-14734
14450
-10132
25718
13693
20071
-30335
-28550
25970
16241
24946
10610
1132
2423
-16003
11879
23681
-18565
-25229
-13455
10098
15985
-30869
-31369
8574
-2970
22145
-10372
-11149
-911
-7822
7282
-7061
23158
-6531
-20121
20865
16508
9332
-26510
-8845
19057
-22421
4985
639
-32153
-13440
-16515
-1932
-1678
-3982
-24719
-2454
-23945
-19586
-12697
8833
16510
9845
28019
-11660
-3471
-917
2424
-24194
17769
-17024
639
-24714
-30092
10358
-2959
12907
23928
638
-2457
3968
19072
27511
-29579
-25226
-15249
16745
29561
13185
9576
-22399
-3200
15735
7541
15989
12400
25961
13945
8576
25448
-3456
-6272
-5257
-24203
-25994