19599
-23912
-16249
24704
26519
-23426
6272
16776
16778
-25207
4497
-10343
-19065
-640
12440
-27009
20862
25736
27786
5001
-8049
-8296
7815
21376
26007
6784
30846
-25977
22409
-13944
14225
9883
18823
28544
12439
4992
-20868
28294
26760
24456
-8560
-19303
-20601
-3457
-14954
19072
-1925
25222
17544
-22649
17809
20378
5510
-8065
19350
29568
-13446
-8316
13959
23174
1938
19355
-4219
-5762
22678
-29824
634
6532
-10874
28038
-20847
10906
-3451
-24962
13205
8064
5242
-32381
18566
-32123
-16239
-615
3462
-13697
-10348
-32383
-10375
-6270
14725
-24700
9874
1691
-1916
-8322
17813
11137
-30344
16258
-2684
8836
-29038
10651
2949
-3458
-24172
-10112
-5001
-28031
-3965
31619
18065
-24423
31620
-4483
-19822
17025
-29321
-26752
22147
7042
7570
24474
14981
30845
-9838
-7040
32374
384
26242
-19071
-7791
11930
11652
-19843
-4463
5761
886
20863
-383
-30335
3985
-2408
-14206
-21380
26000
-17023
10357
-25731
12416
-13953
7826
3994
-31613
27773
-1648
897
25204
6526
-30848
15232
30353
-10343
-10366
-3972
3216
24961
7284
-12932
-16001
-31873
18065
20889
-23166
14460
-13427
18561
-30605
5500
17022
13693
-24687
30362
-2941
-30339
-10609
-16255
-3982
12668
1407
3711
-11888
13463
-25471
-16516
-1652
-639
7795
-27526
-9092
10620
11665
19864
32385
7548
19597
-20607
-8335
4474
32380
26748
-17776
24983
-4480
-29829
-1397
-12415
-32143
22393
-24709
-8070
22160
-19561
-30592
-30085
32651
-10111
1393
-23176
-19589
-10885
-28528
3734
-12417
14459
-25462
-12159
13168
-7049
-13958
22138
-18800
-8553
-4224
-5510
-10870
-20351
24688
-10889
-2182
-22150
-9841
26262
-4994
-31622
-19063
-2687
-29329
-27530
-9607
-5255
30095
-14954
8063
-5767
-19064
4226
20591
-2955
-31112
2424
3214
16788
-18306
9338
29062
-21375
4463
9333
-21641
17014
8334
22164
18558
4218
26503
29826
-658
-4492
25975
25719
16527
-6508
26750
9082
-8314
-17791
-4499
-15244
-19593
-5001
-11379
9875
-4227
-9863
-13692
-1407
-27795
-18829
17526
-10891
-6003
19602
19581
-8328
31108
14466
6766
9331
-14219
-30859
14989
22930
30333
26489
-24957
-3199
-28052
-27022
-16267
-30860
-12660
12178
893
27769
4739
-9599
-21395
32626
26741
-32139
-15476
401
31356
-8328
-27006
898
-5524
-14223
-10125
-32653
-30069
27280
11645
-31623
-31359
-20351
28012
28529
-23948
-1165
16268
-15984
-27525
-19080
-32127
5762
-17812
-14992
32115
29043
-10613
-9073
-4229
13689
-3457
-29311
-16532
31088
-7054
-32142
-18294
-23154
-3973
-18567
-8065
3714
-8084
-31888
16499
-15758
-24694
-3187
26235
-904
-10883
11650
-32148
20591
-20879
21874
11146
-5492
21626
10360
29821
-19071
-32405
-6290
-6032
15729
8329
-1140
20347
-19080
21629
9602
17004
5487
113
14193
-28279
-5749
19579
17528
-11396
1410
-14996
-5010
-27792
7281
29577
-32628
-2439
-15497
17020
-22655
18027
19054
11888
-16272
-4729
-9846
-10887
25464
30330
-6015
-149
-10899
-32401
-12689
-32121
6538
-21128
-2185
-30343
15490
5739
2157
-11154
-32401
24200
32650
-7303
-5001
13690
-16767
9068
-22675
-26513
17520
15239
-5240
-22152
-24969
-29064
11138
-15252
32365
-1682
15727
-23162
19847
-18823
26488
-11145
-32382
9836
-12948
26734
-28306
-123
-19065
7801
-29064
1400
-8575
-26004
13677
-13714
-9874
-19068
-25979
-21641
-6537
1398
7298
2924
-17557
-24467
-26514
-16252
9861
10872
-21641
-3468
898
23916
-12693
8557
19565
-17020
-29820
29303
-5001
-19339
-13951
30316
4460
8302
26991
-10366
-28797
31608
11640
-11661
29058
-30100
16235
-28564
-27283
-22397
18052
11895
-20361
-23949
16258
-4757
30571
7277
19309
-2175
25985
6007
18552
-7310
10114
23660
12395
-20116
-23443
-2943
-28032
-1675
-8585
8818
-24190
21613
5995
30828
5998
-15231
8834
-25226
14456
-5263
-383
8300
4203
-12948
-25747
16000
-22145
-2442
5241
7025
-20094
-403
27755
16236
-30868
-12928
18816
-28554
31096
-9104
26754
8046
1643
18284
31340
-385
26238
12662
8312
-15761
7042
1390
107
-17045
-5013
-21378
-8579
6774
27768
23151
20610
-17810
22635
14956
-32148
-5762
21885
10870
26232
24430
13442
15982
-6038
9323
29035
25982
-10116
-3211
32376
-12434
-13439
-14994
-27029
7020
-16788
23933
-2693
19318
-19080
-4755
130
-30353
-1174
-149
23917
-13187
28539
24693
377
-19091
-7807
-28050
17771
-10389
-10900
-20612
3194
5238
-22408
22125
-13183
18800
876
-31124
17005
9596
22394
-27787
-1672
-10389
4226
22640
-27541
27244
-13203
25212
-5767
23414
-14727
6509
-1151
-22672
11628
-4244
8046
26234
29047
4725
-5767
24171
8066
22129
364
-15765
26220
-4230
2936
-7819
13177
-9109
-10367
-6031
24684
20844
-28819
28282
-5257
-7307
-28295
17259
23937
4721
-17813
-16532
-20626
19833
-3723
-26251
2938
-11414
-22655
-12942
-13460
-17812
-12947
-12168
19317
6005
2426
-3480
-18303
13938
-1173
-23701
16491
11130
-26506
24950
14458
-14230
20097
-654
15981
877
-16531
-7305
-23692
-3468
1402
-16024
-8575
-9358
-20372
-1173
31084
2424
-15501
-26763
20346
20841
-16767
-21133
21613
-9364
-21395
-32393
30579
18038
-25222
-20632
-6784
25204
12142
16750
24175
-13194
10866
-22923
-28549
-17304
4738
-24971
-30354
-22675
3183
-1930
3443
25717
-134
-24728
-32127
11381
-31890
-8339
-5010
31350
-25999
14710
31099
13928
14209
18294
-11154
-9107
10094
31861
-2960
-7563
-16261
2920
29313
-3978
-1682
9326
12399
-25739
-16785
32117
30843
-16537
7809
-18570
22639
29294
-2195
21620
-27537
-13963
8572
22631
-31359
26231
-13969
2927
111
11124
-14738
-19851
2172
-20122
-20863
13432
-5265
-27026
23663
31860
15215
-17291
-9093
-4249
21889
-28041
24688
14191
4977
14195
-1683
-8075
-24196
13671
31105
-6536
-2192
3184
13169
4468
19567
-30346
-12165
-6042
-12160
-23943
-6799
-20111
882
-6542
-13203
-9097
-29826
-20121
-23167
-3463
28274
-29839
-32398
20850
15213
-5770
8062
20839
-17791
-21894
15986
12145
-14734
14450
-10132
25718
13693
20071
-30335
-28550
25970
16241
24946
10610
1132
2423
-16003
11879
23681
-18565
-25229
-13455
10098
15985
-30869
-31369
8574
-2970
22145
-10372
-11149
-911
-7822
7282
-7061
23158
-6531
-20121
20865
16508
9332
-26510
-8845
19057
-22421
4985
639
-32153
-13440
-16515
-1932
-1678
-3982
-24719
-2454
-23945
-19586
-12697
8833
16510
9845
28019
-11660
-3471
-917
2424
-24194
17769
-17024
639
-24714
-30092
10358
-2959
12907
23928
638
-2457
3968
19072
27511
-29579
-25226
-15249
16745
29561
13185
9576
-22399
-3200
15735
7541
15989
12400
25961
13945
8576
25448
-3456
-6272
-5257
-24203
-25994
