-3719
23426
21648
23678
17023
-30304
5761
21376
-19329
-25217
-11656
19330
8850
15487
-31362
13218
-1152
17280
-11137
-13953
25718
-27520
1682
16767
-19585
8353
-6528
29056
-1921
-14977
-17801
-23422
3217
27518
9599
15009
641
30592
-13697
-14209
-11915
-28799
-29294
-25217
7806
13985
6529
23936
7296
27775
4212
-32128
19603
-14977
-8321
12706
19329
23168
-12161
15999
29045
-28286
-23149
-14721
11392
-26462
9601
11136
-15489
32639
20081
-15234
6547
18047
-29570
-18015
7553
28288
-129
17023
-9615
-12928
-25196
2944
20353
21924
-384
23936
7552
25983
25202
24706
22931
16767
12159
20643
-5504
14464
8064
27007
-8081
28544
-16493
-12161
-11906
-22366
11137
20608
-9089
22911
3184
19329
19347
10367
28031
30369
8065
23936
3968
19583
16496
10626
-32364
13696
-6273
12706
-4992
18560
12416
10111
-11155
-129
-18540
-641
384
-15198
22657
20352
1152
12671
30574
-29567
-30828
2688
-14720
-24414
641
10880
-385
4479
-7571
30081
28052
7040
31615
17569
-128
24960
6016
20095
-6549
-11393
-29037
-11649
17791
-13409
10113
24960
6528
14207
-25237
-26241
-9838
-4994
-23682
-12131
9601
17536
-1153
1407
11116
10369
-28779
26241
-16768
-3679
5505
9088
6784
-3458
11114
-12929
26772
23680
5761
23456
16513
7552
384
-7554
-28309
-2943
-19053
16256
-23680
-19040
1153
17536
1152
-130
22377
27520
-6509
27776
-24193
9376
4481
4224
10368
-3970
-5528
3968
10132
-21632
-23936
-12386
14209
-5249
12416
7039
1130
-895
-17773
25472
24960
9119
-128
-3713
4992
2431
-5529
5760
-18541
-14976
9600
17310
7809
7808
-2945
-4226
14696
32640
-17773
6529
-25214
23454
10369
4992
14208
4223
-25752
25985
-8046
-18816
22144
-24675
7041
10880
1408
-5506
7013
2173
27280
2431
-20354
-16999
3201
4736
-2689
-8578
-13721
-2432
30866
-9600
23938
-31076
10625
1152
4224
-1666
-25497
9345
-31087
-20352
1152
-19045
1409
-5505
4736
-7298
-2715
15743
-15216
19840
-12929
17562
13185
7552
3968
-8578
29031
4481
23441
8833
-4991
12954
9601
14464
9344
-11906
-13978
-18304
14225
-1920
9856
15258
-6016
8576
11136
-2946
12133
17535
-14704
-6272
31361
-10088
4481
13184
9856
1407
6503
-28543
-12401
6273
-22399
4504
-5504
-8065
14720
13951
-18331
-8577
-7025
13697
-9857
-21098
3969
9600
6528
7039
12645
-30337
-14705
14721
-10367
13206
9857
9088
3456
4479
-31387
17791
7819
32382
28029
-19567
-19072
1408
17536
8575
-31899
-19073
19855
-23935
29825
-29803
-11904
17280
15744
-386
-16283
-4737
-32626
9601
14210
19092
4481
8320
17536
-9090
-1946
17281
7310
24193
23169
-20332
-14208
13696
14208
-898
18277
-9090
22413
-128
-9601
-9327
2177
2432
9344
-2178
-29594
24192
-10868
25217
4994
9874
-3712
7808
9088
-6018
1383
-26240
16781
-22399
2433
24465
-11136
3456
-2177
-17026
22629
-4226
-25205
16001
-2944
12688
-9600
12416
16000
4735
9575
-23168
-6518
25217
25729
9103
-10112
10624
12160
-9346
3431
1920
3211
-1407
23424
-23410
-19840
2944
30848
11135
-19100
-13444
11144
-29569
-22913
-18038
-22144
-5761
11136
1663
14952
4481
-20086
26498
-24702
12941
31104
-7041
7040
5503
23143
20351
24969
-21119
-12672
-15988
-26752
-8577
6272
-12162
-410
7039
30088
-4480
27265
-14710
-25216
-3201
23424
-13954
22889
-13696
-17273
-4480
641
-5239
27520
-9089
15488
-13698
-18584
-11906
3465
-16511
2177
-24436
-10624
5760
31616
-16002
29288
17023
25735
-14719
30594
-23416
31360
8064
18560
-9858
16490
-18048
-10874
-27519
19329
12680
19840
-8065
7040
-8066
-4248
-27010
-20347
-2687
-28287
-31353
25728
-5249
16256
6271
14442
-9601
-31867
-1151
11395
-21882
28800
-20609
20352
383
18282
-23426
12930
-22401
12414
-13183
20608
-9601
19328
4223
-10135
-28546
-27005
-26239
-16511
24452
31360
-4481
30080
12159
-2453
18560
-30078
11905
-30335
-24958
6528
-10625
19072
4479
16748
-22145
-9597
23682
-19839
-14206
-385
-8065
23680
11391
-30869
10878
-1406
4738
15490
-24191
7040
-8577
-32384
12159
-24723
18560
-22911
-895
2435
32129
1920
-16513
19328
14207
-31891
12415
4480
24449
-25217
-12418
384
-11393
7296
11647
27245
-32130
5504
-23679
-24191
-22402
-2433
-12673
21376
12671
-14737
20352
-28033
-20095
-21631
15230
-11393
-22145
15744
20351
14191
-27778
-29313
6274
-31359
13694
-7809
-29825
10880
21375
-18322
22141
23930
20094
-27011
-9097
-1921
-7553
20096
16511
-17807
-29568
26749
-18303
4993
1916
-20097
-10625
16256
7039
31088
27774
637
29057
23936
1915
-7041
-23425
17792
-32641
-11407
15743
-2181
14977
-31870
-3463
-3969
-23169
18560
27519
19059
9856
-28805
-30591
-23681
32120
-30849
-18817
10880
20863
-655
3966
29563
15233
-27776
6776
-22913
-11393
21120
19327
884
-11905
18043
-26495
4738
4984
-14721
-13441
20352
28031
-11660
-16257
12411
8322
-26239
-4745
-15489
-28545
17536
-32129
-9357
4734
22393
-18048
-11135
28534
-32129
-21633
4224
28287
-23178
17792
22905
4993
17282
-20363
-24193
-24705
10624
25471
-651
17022
26741
29822
-3717
26736
-30593
30335
14976
22399
27510
-16002
-32648
14465
1410
20084
-27777
-24449
10624
14463
-6280
31360
-13448
10370
-12926
-27788
17023
26751
17280
25215
4472
31358
-2185
-28799
22913
-23949
-32641
-28289
25472
-29313
-14984
-16258
-6539
-5248
9345
-4751
-19073
-19841
-29056
-24705
-6022
-26496
-21386
-11903
4737
-18319
-30593
28543
20352
-20097
-13959
26238
28534
27265
22401
31089
-22657
-19073
19072
-25985
-134
28799
23413
27521
2435
-9872
21119
-32641
18560
-17537
-8836
15232
-21132
6273
11904
-10385
25983
-14721
22400
-12417
-7557
11902
-20877
3457
-30080
-11410
18047
-20609
16000
-15745
-19332
11391
-14224
17278
-28546
12138
22399
-10113
15488
-11905
-12930
-3969
7029
-8063
-18559
15471
-31617
-18305
-1921
-12417
-20611
12158
19571
14977
-15486
-2195
-31105
-20865
10368
-15745
-27008
15232
-29326
-6784
-7295
24173
5503
-19585
6784
5504
-12416
12159
6258
-26240
9599
-660
23167
-24449
-2433
9088
19584
-31618
22641
-24704
29568
-31125
28031
-12161
13696
7040
-1662
-30848
-11920
-15232
4225
5740
17791
-17025
9088
2432
-29822
-23938
-32143
21377
-27520
29035
-4994
-17281
15488
4992
23426
-13186
-27791
-3967
-1917
-10645
8575
32639
9344
21376
11653
22400
16752
15489
13441
-21398
-1154
-10369
-9601
17280
-11901
-13955
12397
21630
-26499
28518
1663
-18305
1920
18304
-6523
-30081
-9618
-26240
-10624
27497
-10114
31103
18560
12928
15495
7552
30575
14209
-1153
17001
-386
-20865
8832
20608
