5505
13952
-13697
-8065
1408
6528
-897
9342
29604
-17289
-6272
28032
-12417
-18305
-7297
-3201
16768
3200
-1628
-3978
-7808
19328
-10369
-16257
-5761
7808
8832
-16002
27301
-7819
-7040
24960
-5761
-17281
-2433
-1153
6784
-6532
32166
-13451
13185
29056
-17025
-22657
-5505
-11905
2176
16256
-7258
24434
-11648
25984
1920
-25217
2944
-3713
-5505
-15491
-18265
-13711
14721
31104
-15233
30591
-7297
-10881
-3201
-29571
-13912
31857
17281
18048
2432
25983
-5505
-11393
5248
-24448
-9048
-21138
9089
25472
-4993
24959
1152
-10625
3712
-30339
-16983
28270
-1152
19840
16512
24703
5504
-7041
13440
30078
17834
26477
-2432
3200
9600
30591
16256
3456
-15489
-15744
-21079
-18582
7553
13696
-10369
22143
17536
8832
4224
-9604
1195
23404
129
24704
-2177
17535
6272
6528
-18305
8831
17067
22122
9857
19584
11904
15487
19840
-3713
-8833
-10113
-26197
32104
3969
21376
128
12415
15744
-2689
-4481
-21636
-12117
22633
-640
18816
5504
4735
27776
-7809
-897
11904
13484
-12442
11649
27776
4736
17791
-32640
-1409
-10113
3199
15788
-5786
-1152
12160
11392
4991
17792
5504
-6785
-20868
-1620
-9114
25473
23680
5504
8063
24192
7040
-20097
-6272
-21844
2659
-128
14720
7040
-130
31872
1920
-13953
6526
-10324
868
7809
12416
-9089
-2690
29312
-1153
-11393
15741
4781
-12444
13697
10368
3712
6527
-24448
-1921
-13697
-28544
29868
31841
2945
12416
10368
-10626
25472
5760
-17281
13949
-25172
9571
12417
3200
6272
-3714
-30080
6528
-20865
26238
29612
-23199
10113
-2945
-3713
-9090
-18560
7040
-9345
-28800
16300
-27809
1921
-6529
4736
5759
-16256
9600
-10369
3709
19116
32609
6529
1408
10368
-9602
-9088
-4737
-8065
17279
-5205
5985
7809
-8065
10368
639
-8576
2176
-8577
19840
4523
22367
3969
7808
5760
-11906
-18048
14976
-11649
7549
18091
-12705
7041
1664
1920
-6018
-16000
-1153
-13441
29824
1963
2398
9345
-4481
13440
-642
-2944
-8065
-12673
-25473
-24406
-25250
9857
8320
-6529
-8066
-11648
-7297
-2177
-8068
28842
8031
-128
14464
15488
-14722
-19584
-7041
384
6017
-21591
8797
-4992
7040
8832
-1154
-6528
-1409
-9345
-19842
12713
-18338
2689
9600
-897
8575
-17280
-17025
-21377
-21891
-4439
-32674
6785
14720
8832
11903
-9600
-4225
-19073
25217
5800
-28324
-8576
-1153
14208
7551
-4480
-5249
-19585
2942
18856
-4770
-12416
6528
-4225
14975
-7808
-7553
-10369
-2434
-14169
-24739
-15488
12416
13696
-14466
6273
2432
-18305
21633
29350
-5540
-14720
9088
16768
13183
-18304
6528
-7553
-31107
-30554
12382
-8576
13952
14720
-8322
-1408
-6785
-14465
20351
26277
-17828
-2176
12672
2176
4223
-15488
-3969
-4225
-26240
-1116
8797
-18048
12416
-6529
-2690
-22144
-14465
-10113
-7300
-7516
21088
-10368
1152
-129
-8066
-4736
-2177
-17281
-9089
32163
27229
-8576
6016
6784
-7554
3713
-9089
-15745
-4481
31906
-1954
-21376
10880
11904
-130
-24448
-10113
-28289
32381
-31070
-17057
-20864
7552
19072
-12674
-4992
-2433
-11137
19329
1697
18525
-16256
384
27008
-6018
641
-11137
-12161
11647
-26720
-23458
-25216
1920
16512
-386
-13440
9344
-17025
20350
-12385
7519
-24960
5504
9856
-13954
-1664
3456
-32641
-23679
-8291
26718
27776
-10113
4736
-20866
-10624
-4225
-23681
27518
5534
-18081
-32640
640
21632
3967
-25728
4992
-10369
-9602
24733
24672
28544
8832
21632
-898
-1920
-8065
-10113
-25471
-16485
31328
-31360
2688
-30848
-12418
-8320
-3201
-24193
-22659
-26213
-13982
31872
-11393
13952
-12930
-384
-4737
-3713
-12929
20122
21857
20608
-14209
13184
-9858
-15232
-2433
-21633
9857
-25192
21857
22912
-6785
28800
5759
-4992
12672
-20097
-7043
-10856
32099
-28800
-7041
25984
3455
-9600
128
-10881
-14720
28311
-3230
23424
-11137
21888
-8322
2945
-4225
-24705
30592
6806
-13470
28800
-10113
25728
10879
5761
8320
-24705
-19843
918
20580
17792
-11905
32384
639
-4736
-2945
-23425
18049
11668
-17820
1152
-4225
32640
10111
-8064
-641
-24705
23679
31891
8294
8576
-10369
23168
6783
-14464
128
28543
28030
-17774
-30362
9344
-4481
19072
7295
-3712
3712
-32641
-18303
-24431
-15514
-8065
-14721
10112
12927
-25984
-2433
-29825
4991
-26224
27240
-2945
-9089
21120
18303
-25216
10112
-24449
14207
-12401
-4504
-2177
-14209
12672
16511
-9088
128
-19841
-17279
-7026
10857
-15745
-19073
1152
-31105
29056
8320
-22913
31614
-14195
-27542
10112
-21377
14208
17791
-13952
6528
-21377
18048
-22900
15722
-11649
-24449
15744
16255
-20096
8320
-15233
29057
-25461
13675
-14465
-31361
10368
24703
-29056
-1921
-25985
-899
-4982
2925
-20609
-5505
23168
-32641
30848
-13953
-17537
18305
-17271
17517
28031
-21121
18304
23679
-17024
640
-32385
1153
-3704
-13715
-22145
-10625
27264
17791
-25216
896
-23425
1150
24200
-7058
-16001
-22657
22400
-29057
-30592
2944
-15489
-26495
-15738
23663
-14977
-23937
20352
29311
-28032
5760
-9857
640
-10875
625
28031
-15489
3968
10879
-20096
-2433
-11649
-22402
-31355
2162
-24961
-26497
11904
13951
-21376
-10369
-8833
11650
-1917
7026
20095
-15233
20352
-23681
-14464
-5505
-29569
23167
8835
17779
32383
17023
17536
20607
-31360
-7809
-23937
25983
-13950
28788
-24961
23423
-28800
-21633
28032
8064
-17281
16770
24193
-23180
-26753
-29569
-30848
-13697
-29056
1920
-7809
-31874
-17280
-30346
-32385
-21633
26240
-24705
-14720
-9089
-30849
4992
-22913
1143
-23169
-25473
9344
-24705
30080
-3713
-15233
-18047
29566
-30089
-20353
-21121
18816
-24705
25728
-8321
-3201
21886
17534
23161
22399
-22401
26496
-7553
31104
4992
-5249
-10624
1405
32377
29567
-21633
14976
-9857
-31104
1920
4992
-1664
28284
26234
17279
-31617
20608
-13441
-32128
-13953
-5505
-643
-4229
24700
22911
-16257
14464
-15489
32384
-15489
-1665
-15999
18810
2171
27263
-20609
7808
-11393
25728
-7809
-8833
26752
-15495
-30339
20607
-32641
14720
-2945
23936
-5761
-7809
22910
16249
-19074
19583
-29057
9088
-3713
25984
1408
-8321
27010
-8073
8831
-130
-31617
13952
8576
16512
7040
-5249
15231
19575
32384
29567
-16769
15232
14208
27520
5504
2944
-642
-28298
-23679
23167
-25473
15232
10112
13696
1152
-12929
-30590
-28555
-26751
-3458
-23169
-8065
10880
12160
4736
7808
7551
-30348
-15997
4991
31359
14720
16256
7552
-7041
1920
32640
-1933
-32636
3711
-21121
-8321
-31104
28032
1152
-3201
4226
4467
-27516
-6274
-24449
6784
22912
13440
-10369
-641
-18562
20338
-29563
-7810
27775
9600
19328
9344
2944
-1409
16513
-28559
-4474
