28043
-18306
25710
4208
4467
2668
-6794
-10115
-11929
22911
28811
4222
-17301
17005
-4752
25193
-9096
-4994
3177
-30337
-11381
16254
-8597
25197
-14226
-2712
17783
11647
11112
-17281
-12661
-132
12907
109
25199
-1688
27256
-1922
617
-2689
-29300
-29314
6763
-8596
24687
16233
22137
-13185
-31127
31615
8077
-3203
14443
-14228
22126
-21144
4986
-25728
25193
-22145
9869
22653
-20374
21612
9583
13672
15481
16768
10602
30591
-26739
23679
-14486
26220
8303
-24984
-15238
-29056
17514
19071
3470
-387
-21142
10860
28013
19047
32634
10114
-4758
21632
7310
-12420
24682
-5781
15726
-8089
-17541
29826
18283
-6273
29326
-9345
20074
-4501
-9362
-15256
-28038
9858
-19092
12671
14735
7549
30314
-21653
25709
-6553
20859
-2175
19564
30591
12943
-30082
10602
26731
-27026
7784
-9605
23938
-15763
-18306
-23409
-2690
-23190
3692
-12435
9576
-25220
-12670
7790
-26242
-26225
4478
22634
-13973
-3475
19817
13948
-27774
-14482
-10626
-8561
-22146
25194
-25493
4462
17257
-12420
-2942
32623
-22402
26000
-16514
-26006
11884
-8595
5737
-3972
18307
8559
-642
17296
-9860
-6806
31084
-1682
-12183
26493
27011
-13712
-11138
5520
11135
29802
-3221
-22161
-11926
6526
-8572
-2702
-1922
16272
24447
-7062
-30868
-11411
-663
13949
-3196
11378
30847
24976
15741
15467
30572
9326
-21655
-31618
22404
24690
-19330
28304
12927
26475
-25748
-20370
-6037
-11138
-17276
-4749
24702
-20592
30334
6252
31085
2927
-22166
-20353
-5244
4980
-21122
17552
3198
5228
-25235
10864
20075
14208
-6012
-3979
30334
5009
1920
-20884
-5267
-4241
26220
2433
1670
-650
-30594
-1136
4222
-17556
4206
18799
20844
-15488
-12155
-15498
-10370
32400
-10371
-3988
24174
11377
24428
1409
-28539
-16777
-26498
-13680
-22657
-2707
22383
-26256
17260
27265
-17019
-22664
-12930
-625
-11395
-147
-658
2160
-2707
-32639
-20858
-15751
22399
29328
9855
20334
8815
6770
4719
3459
1671
1147
383
-29296
23423
13679
12656
3441
-5266
12674
-10618
28538
-29826
-6257
31613
-2194
15472
-30351
-10129
23427
-6266
-7558
-26754
11664
-19329
31087
-22672
-23950
6001
899
-17274
9597
14206
26512
17023
5232
21873
-7311
-11153
24707
15495
29308
-21890
6288
-15747
21104
9841
-23694
3697
-10621
27527
9341
28286
9360
9856
-14736
-9359
29811
16754
-24189
-634
-2690
8062
13456
3711
23921
-23182
-16014
22897
132
-3706
383
25982
28815
28286
882
-12174
15732
-18318
24708
-25209
-16000
15742
20879
20864
17778
-26509
4468
20083
29828
-30584
12929
-25730
23695
-18818
13171
12916
-3724
-24717
-18299
5512
-6783
-31106
-13170
-2946
13939
-3725
-22411
-29578
27525
-12665
10883
-18563
14479
-13952
13428
-6028
-7307
-907
-1915
-21881
-13949
-3203
-14706
28286
21364
17269
1653
-22156
7045
31879
-28030
-18562
3726
29311
-3980
-14987
-30601
-22409
-13434
19336
-892
-19331
13454
-7809
-13963
20342
19317
-12427
-20603
9608
-12157
27006
-17011
17790
-18570
-27018
-11657
-4745
-2170
-6009
15493
-6531
-31347
13440
1399
-31369
-29832
-25479
22407
-4473
-27257
-16003
30093
-15233
-11145
17272
-6025
-15239
-377
-18808
26759
3966
-25716
-16002
7032
-26248
3962
-29318
15495
-2936
-17272
-17026
22412
15744
-8584
-6024
21881
20859
7560
-2424
-17272
18814
18828
-32641
1914
-2951
11385
17276
25992
-23928
-20343
1918
-12661
-1922
10106
20090
-27014
-17028
27528
-5241
-6262
-4995
31883
-4480
-30342
-9862
5755
17021
9864
-20856
-18805
-19075
2187
11647
-389
-20869
380
11646
25481
31880
26507
7038
26250
7552
-7045
14204
-1668
16767
-10360
3208
4493
18302
-6263
-8320
125
-12676
-18820
14208
-24952
-20856
-32627
11646
-9847
-7553
-5763
29309
20861
11904
22153
11144
-19315
20094
18569
-29568
29822
-16259
-9090
8321
-16247
-11385
-8306
4990
-5752
27777
-9346
-23426
-1155
-31358
31369
-6520
-11633
-5762
20616
29567
1920
30847
22399
9347
-15223
-24184
-1392
-27778
9864
-11648
25728
12160
9600
15747
18057
-22905
3729
4734
-14201
-4736
-6016
30592
-27521
900
-12919
648
27792
21886
-10618
-24705
1410
6785
-6528
-5499
7050
-21113
-7279
12926
-12410
-9856
-28542
-26495
-128
-8571
2442
1928
16018
3454
31110
-12417
-31869
-26494
27009
-5500
8330
31367
-7791
-21122
-25723
-2433
5764
11907
21123
-30073
-25975
7559
-27501
16254
-26491
-13439
-19068
-27517
-4990
-122
-6262
-23417
-30061
32638
28548
29568
15237
5252
22659
-5241
11914
-5754
-15725
-20610
-13437
30080
902
-16764
3460
-7545
19595
-17017
5781
-12162
1412
-22399
-17786
-13948
-2173
-16759
7052
-32632
-17260
-18050
2435
-32385
30343
-3707
-7293
22410
30858
-16762
-31340
-23170
-22654
-4992
12679
14726
14214
13963
29321
18822
-24939
-27266
22914
11905
-21112
-634
-9339
5259
1163
-10106
31381
-28546
-16255
-25729
21897
-29817
-17786
-11380
-29557
23942
-1899
31358
23169
24961
-375
-20857
14215
-7795
17035
24454
14743
7038
14465
14209
6538
-24184
-30329
25485
-31606
6022
22678
-22658
31872
-32129
30346
-9592
-17272
32398
13450
14469
-31849
-23426
-11905
13953
-11638
12681
7049
-15473
-7286
-10875
-22633
17278
28287
28800
25995
-7799
-4473
-12146
-3190
-31610
6807
13439
6783
-12161
18316
31370
22153
31631
-10102
-10875
-23657
-18818
1663
28033
-18036
1931
-30839
21904
-30838
16517
21400
28798
126
16256
-29555
-30837
-631
32400
-32630
18821
15511
-6530
13437
-4481
19597
-9589
4491
27025
-13431
21892
-22120
-24706
8573
-15231
25742
12172
-23158
-20591
-6263
7556
-18537
-30082
-25988
-641
-10354
20876
18315
-5742
-7287
14212
-21864
-20610
380
31616
-17266
27788
21388
-21612
13450
18052
28313
19582
13180
-8319
-1905
-13683
27531
12435
31114
14468
20888
-17794
17787
-12673
25488
-19059
-16245
20883
-7031
-10621
-14697
-6786
-30086
-21119
-25456
-15731
16012
-6765
-3958
28804
-26472
-6786
-26502
-27774
6289
27534
28299
148
26249
11140
6296
18047
-2439
-20353
-32111
-11890
-3956
-20331
13705
25731
25240
3455
-21895
23938
-10863
-3186
-25971
26773
16265
14210
-15976
-4226
20857
25473
13970
-17521
-32627
-19563
32392
5762
27032
639
-16776
7296
-23406
-29809
-16498
5783
23945
3714
-5736
-11650
-15752
21634
11923
17040
-7794
5015
31625
20354
-2152
-14722
-21641
5761
10899
23952
-20851
-27754
10120
-30079
-23145
25983
-28553
20353
-25965
-20336
2447
-28009
-8057
-896
-32616
16255
11127
-8575
31892
22673
21647
30615
-20856
-28799
-27752
639
-1163
-11648
-18540
-21871
-17266
-3434
12168
31617
8344
-2177
-8075
4993
-5228
-11887
2448
-4712
-4729
11393
-10856
24191
