32405
10386
5776
-28776
15239
-16768
14231
9856
-23938
-9081
-31083
2962
13712
12185
-10617
-24192
-2922
-15233
31613
30855
2454
-9838
-12913
3992
27526
2176
11926
-31616
-30851
-18298
1686
26258
29584
-8551
29831
22656
-6507
30848
3452
-15995
21142
-23406
18321
-14438
27527
7296
11671
19840
27771
-10107
10391
29587
28560
-11368
13190
13439
23957
-17536
-8582
-27516
-16234
12947
20113
-32359
19334
-1410
24981
-16000
8314
-21629
25751
10643
7313
29594
14727
14720
-13419
12417
20601
-18813
-26473
-30573
7569
-1383
1414
-32641
3476
-25471
-3464
22146
-1386
-26221
5010
10138
24708
11390
11156
8833
-28553
30849
-24937
22675
-2927
20890
-7292
25470
-8045
-1152
-24713
6529
-16233
19603
13969
17818
-23164
9854
30354
2945
-25994
1408
13975
24723
15250
7578
-29820
-23683
26258
-5504
30070
-23937
-25961
-31085
4753
-19048
7299
22397
-20336
7809
-28555
22654
-26217
18579
2706
28825
19587
26236
657
-29311
-1932
-387
19351
-8814
-3440
22169
-1662
125
30352
14977
-4237
-28803
20375
15251
-17263
-30567
-21886
20349
-24689
-28287
-23180
-19332
13463
-13166
-1904
-22120
15235
8829
27790
11906
-3470
-23173
-22378
-24174
23696
19608
-23678
6269
-29299
-1663
25970
-13190
2199
-23918
19344
6808
-31615
380
19085
-24191
-9358
31610
406
-12655
-624
-8808
-13183
32635
-21108
-6271
24433
21881
662
23954
19088
12183
1153
24443
29324
-15999
23921
22905
-10091
15250
-19312
12184
7040
29819
28043
-31359
-31376
5496
11157
-13679
3729
30359
11904
21626
-7030
-21375
5744
-30601
-3692
-16495
-11377
25750
2175
-27782
-20343
-4479
-1425
887
-29548
18577
6031
-8044
-17793
-18310
30344
3970
-27793
-12683
-13933
29840
-625
18070
-15234
-7559
-22648
-27007
-29330
28021
-24941
-1393
32142
13717
30335
-5510
-29305
8322
-17042
12405
-29037
-1905
654
-8813
2174
6778
13190
31362
20334
17012
-20078
27023
-7794
22932
-28546
-24711
26246
-29311
-5011
30324
-20590
-25713
-25972
-28782
23933
-22151
4228
1410
1902
-26509
-8815
12687
18061
-21103
28797
-8072
-23933
14978
-32403
-26766
11409
-17778
1165
27281
15997
-29319
-24701
-13183
2157
-24206
-10863
9358
11404
10897
-27779
10617
22146
18306
-24467
-4751
17808
-6003
9100
1681
-16516
-16264
26753
1922
-9108
12145
11664
9613
-18804
25745
-13188
-3720
9858
-15487
-31124
29809
25999
-1652
29835
1679
-11909
-9096
-19841
9346
-17044
9072
-17010
8332
-3702
-15218
27004
23673
-19585
15746
-5269
3184
27790
-9589
23690
-26994
14971
7801
-16770
4226
-2965
-13713
-17011
30603
24970
27534
-17287
24952
4990
-1919
7788
-146
20877
395
-9335
29068
9339
15992
12669
130
-20117
1391
-628
-31094
29832
-1909
-7558
17529
29820
8834
18284
31854
3212
906
-20856
-12148
18298
-7561
19324
2434
-24725
17518
5515
1929
-9080
-24437
-18567
-29576
-21381
-10111
-22165
26478
8587
-18552
647
6794
-10375
18808
16762
-6271
28267
-23699
11658
23432
-7545
-29558
-13704
20087
-26503
898
28523
-2196
27017
30343
-19833
10890
31865
-1161
-22663
-17279
7019
23917
-6776
20871
7046
-17785
12665
-32392
3192
-12158
-11157
-12948
-21881
11910
-21883
-30073
18040
-2953
15735
32386
-4757
-26516
-13689
-3963
-3706
-25977
31608
22391
632
-1151
23660
32108
23431
23941
-23420
8838
23928
-23177
-30859
17026
4716
-29077
-1403
19076
18821
9094
11384
-649
-14219
-17791
-1429
-11669
-19323
19588
-12157
16259
18040
30584
-30348
-7551
-21651
7020
-18556
-22141
2179
-11389
-14474
-24457
-2957
31618
14700
13163
-13949
-31614
-12157
21892
-7306
-24969
3700
4738
25964
-30613
-20349
-32126
31106
-16000
119
-7817
-20622
5506
8045
14699
-4478
-31615
-32383
10369
23926
-5513
-26255
17282
7021
-11926
-17279
-17536
-14976
27264
26230
-31624
-27535
-26238
13932
10091
-22655
-28032
4482
15233
17015
-10376
28786
20866
7278
-17813
-21120
-23425
-19329
-1154
25206
-18568
-19345
12162
32109
-3478
9088
7807
29311
28542
21366
10872
-5265
-5759
-26770
18283
-12161
639
23934
29564
4982
-393
22126
23170
-14994
-14486
-21122
-6275
-23170
-3716
-395
-17032
-26770
-14975
-13458
19819
-16515
4221
5246
23164
-31627
10361
13934
-21631
-4499
2923
-29571
-8580
-9092
4475
20853
-3208
-21140
3458
1135
-26006
32380
13436
-16260
14715
1654
-17800
23405
2946
22127
5483
2172
-25989
-19588
-18055
-17035
-19848
32108
-6015
-30609
20331
-15237
-7558
-26757
-29831
19062
-31623
-29332
23938
-24209
7019
12922
1402
-19590
1657
24693
-6535
-5781
-127
4464
-6549
5754
-13191
-30342
12920
-8844
31865
18795
-18303
3953
20332
2682
-29831
-1159
9079
16502
-22919
11882
-4991
-17807
-23957
-24456
-25736
32634
-24457
-11403
2170
13931
24449
27761
29804
25976
-32392
-21640
-3979
7797
18554
-5527
-21887
370
31084
31607
-4745
20088
-27275
17525
-14983
-4760
-14207
-12430
18796
887
7799
2169
-22156
-17035
11386
-31895
21889
19315
4973
-14986
5495
-11401
16500
-27787
-29062
-29592
-23167
-18317
-660
-16523
6518
19063
-32141
-10635
-29318
31592
-29311
-30093
7277
1653
-25995
1911
3187
-2955
-2182
-21911
-22655
-3981
18542
9589
-22923
14710
11122
-4491
-17285
26984
-20607
24693
-26770
14196
17781
32118
-13967
28789
23418
24680
28545
-16011
-28306
-14733
30068
-3211
-10128
20854
11643
11112
14721
12918
21871
24435
116
-15244
-1936
374
-6277
15207
24961
3190
-4242
19570
9587
24437
22129
-23179
-25477
24424
23681
-20618
-21905
27250
18035
14709
-13969
-11146
27772
3944
10625
10104
19056
4466
-15246
-29068
-9617
28534
25980
-12185
26497
-22920
30320
21105
17778
23668
-2706
-10378
-16260
4967
6017
-23176
-3216
19313
1906
-27278
9326
21367
893
-15002
29057
13945
26737
-7569
4209
18291
-20370
15734
-12676
6504
29825
3448
21873
-10385
18033
-23693
-2707
-1418
16254
-10392
-25471
18042
-6798
2672
3185
13170
-11156
-17289
3966
11367
25985
9339
-23694
4207
29552
17266
-10132
-29066
-13443
-8858
31617
4475
-17550
-14738
880
-21390
-30356
18296
30078
2152
-5504
636
-9869
-20882
-4497
-9615
876
30071
2686
-9881
22913
-22660
-8333
1134
-20625
24434
21355
888
14718
-26521
17025
11133
25716
-20627
16751
-27023
-3990
16248
32126
-11417
4481
-10627
20085
-26259
-30097
-11408
-24983
-27273
-30338
-31385
25729
22655
-19595
3437
30830
6258
-26774
1912
3199
25704
-9600
29311
30838
-12692
31854
-28815
32106
11896
4223
-152
129
-24962
-10890
-18836
25710
-29328
-22167
-13192
-29568
-30872
30081
9345
-28553
1132
-1427
-12688
17514
-18313
26751
-7320
-28288
-7040
-1417
