-4225
12672
14976
9599
16804
28023
27275
-24450
10604
-14739
-17025
10368
11136
-22404
-2395
3191
31883
-32132
-23189
16749
7040
-2177
2944
19584
16294
17780
-117
-898
13931
-9364
-385
-15489
-5761
-26498
10662
-9613
-28276
31614
16235
109
896
-5505
1664
12925
5288
-22670
-14452
-14212
-4758
13676
2944
-5249
-897
-9088
24744
-27794
7565
10367
26218
13164
7808
-7297
-2177
16509
-13656
2160
28301
-30083
-22422
-2197
10624
896
1920
15230
-11095
4717
-27507
-8324
2922
-16277
8832
-5249
-129
-896
-27479
-21653
16270
27519
17002
364
13952
6528
-22145
4477
25514
18797
-31602
30333
17002
3692
14208
7552
-7809
19839
-598
-1429
-17522
-8067
8298
-25749
8576
896
-1921
23168
-25942
-21655
11151
10111
19818
-19861
18816
-1665
-2945
-12932
-15189
25194
11407
19069
2922
-6037
17536
128
4480
-641
-17749
360
28815
12158
-3735
-31893
-31616
3200
128
-26753
-5205
-9370
7312
-5762
-16022
6252
17280
-8833
-10881
-18820
-15444
32360
-11633
22653
32618
-4757
25472
-4993
-20097
24192
9644
-13212
2448
12159
-31638
5484
22912
640
-20097
30334
-2900
20835
29584
-15746
-8086
14444
-32640
4736
-6785
22653
-340
9317
-10865
29821
-23958
5996
-31104
1664
-4737
-25728
-27988
-5534
29840
-7810
2923
-30868
28800
8320
-7809
-8067
-26708
-3485
26000
-5506
26475
1389
-28288
-7553
-19841
-899
-30804
3427
-32112
27773
-13717
-15508
-19072
-1409
-12929
-19840
32684
-14496
-3440
11135
13676
-13459
-21376
3968
-5249
-20100
30124
-4255
-28528
18558
18796
8814
-15232
7296
-16769
-18306
13228
16225
23440
13694
20332
6254
-6016
13440
-6785
21120
-3925
7263
-31856
1920
14445
-19346
-11648
-897
-10881
-30596
-27221
15201
27280
-6275
-5779
-2450
-18816
6272
-10369
30079
-16213
7006
1681
-1155
-7315
-9106
-18304
-7041
-14977
1920
-16726
-1186
27024
29055
-6803
23407
-6272
-7297
-6017
16509
16811
17247
19600
3966
-12434
-12433
-8320
-3457
-12417
-6784
-8023
23645
18064
28799
20591
17264
-17024
-7297
-12161
4991
-14167
10078
28304
26751
-21137
-9104
-15744
1408
-21889
27517
-10839
-10402
6032
-31107
1648
8049
-16768
-5249
-16001
9601
1961
-15779
19600
-14465
17776
11121
-15488
-8577
-13953
20350
-19544
7518
9872
10623
-6544
7026
-384
-3457
-11905
18558
18344
-10147
-9585
-14979
-2704
-6543
-5760
-1665
-21889
20865
10919
-7076
-29297
25216
14450
-22158
-7040
-1921
-3713
-14212
25511
-12451
3728
-32387
-29838
9843
-4480
7296
-6273
13695
-15450
-29602
23695
4735
29810
22899
2177
-2689
-6529
-21888
2470
-24227
-24689
26240
28531
23156
-10112
-15745
-5505
12925
25253
5726
-26994
-31106
31091
-22924
-16256
-21889
-10113
-3969
-13660
8285
-32370
-18562
-28044
13941
897
-6529
-17025
11904
12451
4190
-30066
5760
-908
4726
-9600
-18305
-10369
6013
-28509
10847
18574
19582
-11403
25462
-6016
-16001
-11905
1409
22946
23901
-4467
-6785
29046
-31370
-6528
2944
-22913
27775
12193
10335
-25971
-26753
3191
31607
-8064
-11905
-13697
3710
417
-16289
25741
-31874
22647
6008
-7808
2176
-16769
-25728
13216
-7842
-14195
-20866
18808
32632
-4736
2688
-18561
-11906
8863
-12192
-18804
1408
-7816
30073
-9088
-6785
-10881
-12418
18334
21089
-2421
-4482
22137
-6535
-20352
-3969
-8065
-20351
-4196
-30113
1676
-1920
1658
25466
-4992
-3713
-17537
10366
-17764
14434
-23669
19071
20859
123
3969
2944
-18561
4223
27038
24161
6540
-20610
13948
-13189
-7040
-13697
-14977
8065
-29030
24417
-7286
-14976
-25220
26748
641
-1921
-13185
-30595
16026
-12958
26250
-22145
32125
1917
6785
-4481
-11905
-22912
-28776
2146
-28023
896
14461
14973
-3712
3200
-9345
-20864
32663
-25758
-26487
-12928
18046
-1411
-12416
-8577
-15745
30844
-30569
-2716
-17527
27261
895
26750
-15744
-2433
-20353
13697
22933
27748
26760
-20096
30079
2943
-1152
-5761
-15745
-7553
25748
5477
31368
16769
25216
-6529
-11392
-3457
-26497
-11395
-365
21350
-16249
-2178
4994
-27776
3457
6272
-32385
-12671
-9326
-12443
-29049
-2944
32129
-6528
-12416
-897
-27265
7551
-24687
3943
-19066
10880
-28030
-15743
-16000
5760
-18305
-10882
401
-25752
18822
1664
-8318
5762
-13952
12416
-19585
6018
-28017
31079
-3451
8065
-13181
24706
-20096
3712
-28289
26494
17039
4202
23173
1664
-18812
-20861
-23680
8320
-25217
-24705
1422
21098
-15740
6527
28036
30851
32384
3456
-23425
26752
31373
-32149
-17275
6784
-5756
32387
-30080
-4737
-10113
16510
18828
11116
-24701
-29313
19590
4229
-22144
-5249
29567
32128
16779
-9877
27779
-9344
-6010
16773
-19328
-14465
-25217
9089
-15735
-23444
-9342
-12671
-32376
23430
-18560
-5761
-25985
3710
32393
21358
-3199
4224
4232
-378
-13440
-14721
-11905
-31359
19336
32110
25218
21377
-5752
23431
-22400
-8065
-3713
-23680
8071
23407
-13695
22913
-13431
2440
-30592
-4737
-14465
3198
-24442
-7312
-9088
15231
394
11400
-16512
-1921
-14465
-13183
645
-13968
-8064
18817
-14198
29064
-27008
-17025
-1153
24447
-30844
23922
7296
17025
-9589
26505
-23424
-4737
-16769
31357
-18812
26741
29057
-6787
18058
23177
-19840
-3713
-19329
28802
31618
26995
25983
19074
-20341
30858
13440
8832
-13185
-16258
1922
28277
-20866
15744
14476
4491
-14976
-11137
-17281
-16769
6785
-19595
22910
30079
-18292
1675
-13696
-14465
-31105
8834
-21889
9078
-22147
-29566
5774
-20341
-30848
-4993
-13441
24446
19583
13432
16253
30848
-31602
14988
22656
-4481
-7297
-16512
25982
31352
-15236
-11392
-7283
2444
32128
6016
-11137
29569
12413
12409
-22660
26498
-22897
9101
18816
-12161
640
-17027
-1412
6779
-9349
-12417
3216
30605
-21888
384
2944
-17535
-1926
-27781
6267
-12928
-20081
6797
-23424
-5761
-2689
-25730
13436
10623
30333
3200
8336
16525
30080
-4993
-9089
-21378
7290
2942
-25222
-385
-20080
30862
29824
-7041
-1665
-2943
-6536
3454
-6791
8322
21905
-14706
30848
1920
5760
-14977
-2185
-30593
-19591
-26751
-20079
12943
13696
128
-14465
-17794
-29065
-18560
6777
-12161
-10095
12431
27008
15488
7296
20098
20086
22657
-13704
25474
-29294
-21361
12416
11392
-11393
-14210
-30859
-29566
21880
-18816
4499
19344
10368
2432
-897
-29057
-31628
16259
-14729
19329
-15470
8592
11392
640
7808
-639
-653
-14462
-30857
24194
-25197
-26736
17024
-1921
640
29054
21363
28037
-5258
1665
9364
10129
19328
-1409
-1921
-20354
-14989
-27768
7544
-30337
7315
3984
17536
-3457
6272
5506
-32399
-1658
7030
-24446
-13420
-22895
11136
-3713
6016
24190
20081
-18552
-22667
-18304
-21611
17554
