-2945
-26241
-1665
11904
12928
-19841
-3676
-7560
-25717
-15747
-10625
-13953
-4993
12416
14208
-7810
-17244
-1163
-15221
-15490
-129
-25985
-129
3456
14976
-21636
7078
1911
-23925
-14980
-3457
-24193
-4481
-8833
13952
-18816
8614
-4494
19084
21374
-1921
-28033
-5249
-13185
-8833
-8579
-21337
-22669
8333
13182
-1921
30079
-4225
-3713
-7041
22909
3240
17265
-20340
-7812
-641
23935
10368
-7809
9856
-6528
31912
-4755
-32371
27007
-19585
32383
-4225
10624
2944
19837
-22871
25200
-16499
28285
-7553
-32385
5504
6784
9600
-23170
-10327
-23699
-24947
11901
9088
20351
14208
-3201
-3201
-23936
-22359
28779
28302
-7042
4992
16511
5504
2176
-9857
4989
-19030
-31124
-10354
12157
3712
21631
6528
896
6016
-642
23211
15211
14479
17533
-897
13183
20864
2176
-13953
10368
30891
30057
32655
23679
128
16767
16768
4224
2944
-16772
-4437
-24983
16015
13181
3200
9855
-31872
-21889
-6017
-641
-14677
7271
-25969
-19842
6528
12415
30592
-7297
-641
30079
10412
21095
3984
22655
8320
22655
24704
128
-13953
-24452
-28756
871
-9073
-29315
8576
20607
32128
9088
-8577
24960
1709
21605
15504
9598
7808
-1410
17792
19328
-18305
22654
-7764
-11164
17040
-32642
12928
-4738
24448
-13441
-15745
-26243
-16724
-14748
14736
-2436
1920
9087
-31360
-1921
-17537
-8064
12716
32098
27792
-29825
-3457
9087
-30848
-3457
-26497
-9347
-23124
-12702
-20080
17278
7552
2175
-15744
-7041
-21377
15230
-31828
-18590
-21616
7294
4992
-3458
-25472
10112
-10369
-14208
-5973
-27040
-15984
8064
10624
9087
-30080
2176
-13441
3453
2733
-26527
-6000
9086
7552
-1922
-19328
-8065
-15233
2175
-6741
32352
-27504
27774
10368
2943
-19072
9088
-12161
-10881
27307
-2466
32400
-10113
14464
895
-30848
5760
-4225
-14468
14508
25441
-24944
29821
6272
8575
-17280
640
-14721
7296
-1366
-21666
23952
-386
9856
-11394
-7296
-3457
-6785
-3713
28330
-23202
-25712
-1665
4224
-11138
-20864
-1665
-18049
-5764
11179
23135
30352
9853
3200
-12418
-14208
-4481
-15489
-10112
17578
2909
24464
-30849
12672
-386
-8320
-897
-19841
127
-17239
16222
13712
-24705
13696
-12930
-17024
-3969
-12673
-11395
-19543
-12962
11664
11133
-2177
5503
-19840
-3201
-23681
22145
18344
-9380
1168
-22400
7040
895
-15744
-2433
-11649
10622
-24152
-32673
8592
11135
12416
3711
-15744
-2689
-13953
-32642
-9049
-10403
-28273
28030
14464
3199
-128
6528
-2689
-11392
935
-27811
-19057
-3713
10880
-8578
-8320
-129
-17025
-32131
-10074
31070
-19825
11391
-2433
7551
-14976
-7041
-16001
29823
10918
5725
1679
2431
12416
8063
8833
-6785
-9345
-18304
11173
-4004
15759
26496
13696
-3714
-11392
-6785
-14721
-3972
9381
4191
-6002
-12931
12672
-11906
-18560
-8833
-13697
29568
-32092
9566
-16498
15999
10624
-5762
-10880
-12417
-16513
-20097
6563
-28067
18574
5760
8576
-3714
-9088
-22657
-13441
13949
-17502
21087
-20595
18302
10880
-2434
-2176
-6785
-17793
897
28321
18013
-28787
-21377
22656
-7298
-9088
-12673
-10881
20095
-5728
-10914
29069
4480
20608
-12674
-17792
-18049
-9089
-20355
17056
32095
-13684
8318
5760
-1154
-9600
-3969
-18561
-1919
15007
-29858
-24692
-8576
4480
-11650
-2688
3968
-15233
-31106
20638
21088
32396
32383
3200
-8066
-6528
-7297
-10369
-12418
-25699
-23968
-14965
-16002
24448
-10114
-6016
-4737
-21889
-22911
-29540
8800
-7029
-20352
22144
127
-5760
-2945
-16513
11134
-8293
16482
27531
25983
14208
-3970
-4992
4480
-13697
29567
-31078
30817
28298
-12673
18304
-898
-9088
-9601
-16257
11137
30105
-28831
13194
4481
16512
8063
-2944
-8833
-21377
-15235
9113
-29085
-5751
31359
28800
12927
-16256
6784
-17025
-3968
-4457
-926
-20599
-27264
23680
12927
11137
2432
-16257
19840
-32106
27491
11657
26241
20096
-1922
-9344
-385
-14465
-18051
28054
20836
-14968
30847
19072
12671
10625
-7809
-3201
2945
-8812
-17309
10120
-9600
-26496
13439
-9856
-6017
-23937
-28033
-22893
-22171
-1401
-4480
21120
17535
-3456
2176
-17281
382
-29037
871
21127
24703
-27008
19071
-1152
-2945
-29313
-19071
-18799
-31898
-13178
-6016
4480
11903
-21120
-3713
-26753
-2690
18065
-15001
-15738
9856
18816
17791
-18048
7040
-25473
2431
22416
-26264
-5243
29566
20352
9343
-11904
384
-23425
1410
8591
21352
-19323
7809
9856
17535
-20352
-5249
-32641
2430
-11890
-20374
25221
-23425
15232
23167
-24448
-129
-16001
-23937
-15987
-14486
-18044
-17281
10880
15231
-23168
-11137
-25985
-7039
1164
-11926
27524
29825
18560
22399
-22144
-3201
-19585
12158
29835
-3220
11907
-7041
4736
18559
-23680
-6273
-18561
-3968
25226
-17300
6787
-22144
22656
-30337
-10880
-2177
-13697
7553
22409
20333
-894
-11135
23168
30079
-16512
-2945
-13441
6014
-4472
7023
24194
-897
18304
20607
32128
11648
-3713
-15999
8071
25710
-32383
-17792
21376
13695
28544
-1665
-13441
26496
17286
112
20097
16001
16256
31359
-29568
1920
-6529
28798
-20859
12657
32640
-25985
11648
26239
-24704
-7041
4224
-4479
-7804
31345
-23424
13697
15744
13439
-18560
-22913
-3457
22911
17028
-22925
26240
-15232
10880
30079
-18560
3712
-21889
16511
1923
-3981
7807
-22145
26752
21887
-31872
-7809
-18561
28546
-27007
-1421
-20866
-28287
13440
-20865
-26240
11648
-8065
-19586
25985
-4491
30334
-385
22656
-17281
-12672
5504
-22401
3968
14208
-27786
-19587
2432
18560
-28289
-14464
-5249
-20865
17282
639
-3978
30845
23170
15232
-12929
24704
-2689
-9345
12670
-22146
889
-30596
-3969
16256
-18049
-23168
-3969
-12929
1153
15229
-23431
19068
18816
26496
-1921
-26240
-10113
-897
19329
-28548
-19079
19580
-9343
28544
-17025
21632
-2433
-8833
-2947
-133
-6277
23931
-2177
9600
-10369
-30080
640
-14209
-20863
123
19580
12667
22657
17792
-11137
26240
-8577
-8577
-22656
10618
19325
-5254
-4223
12672
-7297
27008
-8577
-8065
28798
-24967
23934
-2695
-26496
16256
-1921
-22400
-10881
1664
15746
10872
-16258
-25479
-6783
5760
18816
20608
-2689
-641
-27777
-9609
1408
23417
20097
896
13440
18816
1920
-10881
-6530
6007
8577
-2184
-1665
11392
13952
21120
9600
9088
14210
-21131
15745
-30344
-24446
17792
4736
16256
-641
6528
-16770
26741
7299
5496
20865
11648
6784
4480
1408
640
10880
-140
-29565
-19593
5761
-2433
18560
13952
896
-1921
-4991
30323
8068
15223
18050
12416
21632
20864
-9345
-9089
27774
15731
-7547
-11402
-3456
-1153
23168
10368
11648
1920
13953
-2703
-10106
-11659
-3456
7040
20352
2944
-2945
1408
-14463
6513
-28025
5238
-24702
