8322
-27287
-9346
-25729
7296
15232
20096
13696
-7041
-20349
11138
-24472
-25474
-24449
2432
19840
-4481
-4481
10112
-18815
15488
-12696
-14722
-30593
8320
19328
-4993
4480
12928
9599
29570
-24216
-9346
-24449
10624
25216
2688
7296
10112
10115
-8832
6760
-13698
-24705
384
32640
-2433
-17025
-5505
-1920
-9600
12392
-27266
-26497
17280
-25984
-11393
-3969
-7809
-11905
9602
13672
-12162
-21889
4224
28288
-8833
-4993
-8065
17027
27520
5736
-16258
-28289
2432
32128
-27265
-7809
7040
10880
26495
17256
-23938
-27009
6016
-28288
-25473
-3969
8064
-4224
-18815
13672
-21890
-28801
17280
-22656
-21121
2176
17024
-30077
-7551
8809
-31618
27519
18816
-16768
-15745
18560
-7297
26751
-641
13160
-18818
-28033
6784
-18304
-19329
10368
14464
-32383
26240
2920
-27266
-21121
8320
-19584
-21633
9088
-13441
-10366
-30592
24680
-21634
-24449
12672
-18816
-17537
-2689
10880
19327
1153
-1944
-18818
-16001
4480
-22400
-25217
-7297
640
30338
-27007
11625
27262
-21633
3712
-17024
-13953
2176
4224
-18303
-8578
10857
-28034
-8577
1664
-11904
-19841
-129
-8065
25215
22144
-21144
-25474
-16769
3456
-19584
26495
5504
896
10883
6785
12394
-15746
-13441
5504
-15744
29567
8832
-3713
16257
21375
29034
-16770
-19841
4992
-19072
30335
-2433
-1409
-31873
30848
-20631
-13442
-19329
-13953
-11136
-27009
11648
3712
-2174
11904
-16534
-16770
-20609
6016
-3712
-29825
3200
-1409
-13441
19071
28523
-21634
-20097
-4993
-10112
16767
7552
-1665
15232
-29058
-6550
-13442
-28033
2944
-5504
-31361
19072
-3457
-5246
26495
11372
-17538
-19329
-18817
-1408
25727
21888
11392
-10882
-21890
-15764
-18562
28543
-11137
-384
-28033
24704
-4481
-8320
-19330
14956
-4226
-27009
-8577
-8320
-22401
12160
11392
16770
30845
-17044
-17026
-24705
-12929
6017
29823
2432
13440
-30850
21374
-28818
-386
-17793
-9089
3201
18047
15744
16256
-20607
20096
-10897
-6786
-12929
896
-5760
21631
1408
12416
-19071
-4739
8560
-10626
-23681
-3201
7297
-32385
-2689
7552
-25986
13696
23921
2687
-4225
-24449
4225
28287
-2689
9600
29314
16512
1905
-15234
-2689
-5505
-3968
9087
6784
19328
-30336
-10883
25969
-9090
-2689
-8833
14209
18815
3968
10624
9599
29311
21363
2943
-6785
-20097
13953
4735
6272
1920
-16766
23678
-24718
-1154
-6273
-9857
26241
15999
14464
9856
-24193
-21636
-24462
11135
384
-8833
18817
19071
11904
9600
5760
-24705
-23692
-3458
-1409
-26497
25985
24447
7296
21888
-23934
14206
-11660
-2690
8064
-17537
5761
26495
11136
11392
8575
30845
-15244
-1410
10624
-13441
28033
4479
7296
12928
-3456
-31872
28023
13439
6784
-11649
10625
25215
16256
17280
-18047
8830
21367
11135
10624
-20609
23425
3455
9088
14464
23934
-14980
19830
20095
11136
31871
11649
1919
640
18560
17537
-4737
21369
19071
1920
-20353
10625
17279
2432
5248
16001
-7045
31351
22911
18560
-29569
4481
19839
1408
8576
22142
-13698
29562
27007
19584
-16001
9601
9599
2176
10112
10114
-30850
27002
24959
18816
-7809
-1920
13183
9088
21376
-28288
-25986
4733
24447
17792
-13697
15489
9599
-3457
14464
-25730
-16002
11902
29567
14208
-18817
13441
4991
13696
9088
-10878
-23169
4223
27519
21632
-20097
-2688
1151
7808
-4225
-29825
-19587
-3201
31103
11904
-27521
-7808
1663
2176
4992
12415
25470
13951
27007
20864
-11905
6785
-6274
16512
8576
19842
-18050
-128
-32641
-31104
-14721
5761
7807
11392
7296
-19842
10110
-30590
-25729
24704
-9857
-9600
7551
6528
10368
-2433
1663
-4991
-24193
17792
-24193
-9344
18047
10112
20096
-23423
-24706
-7548
-27009
16768
-18049
-9600
-6786
1152
4224
7806
-11395
-16508
-3201
22400
-12417
9089
7807
20096
9856
-4480
13182
25220
-6529
17792
-15745
6785
9343
17280
13184
15489
-387
28551
-11649
21632
-10113
-8832
10111
-897
640
10878
-14211
14983
3968
17536
-13953
13697
20607
12416
2432
14465
-14722
-13178
-10113
27008
-1153
4225
14463
6528
9856
-7809
-30594
-21111
-12161
26752
-3713
641
3967
11648
2688
11390
-7553
-21621
-4737
25984
-8577
-8576
7551
10112
-897
-1919
-29058
-15222
384
29568
-15233
-9088
24447
13440
-7553
639
-29573
-31863
-2177
16000
-21377
-3712
4223
6528
-8065
-642
1407
-20340
6784
28288
-22913
1153
-898
14720
5760
-639
29053
15499
-2689
21888
-27009
-3712
13951
15232
6784
21886
-4227
32141
-641
25728
28031
3201
-3970
15232
-6785
-29825
-4994
-11124
24448
21632
-22913
-7296
11135
8320
13440
-17279
1406
-19570
4480
13952
-31105
-10112
2431
18816
8832
4222
-11906
20623
17280
14720
-25217
-17536
15999
10880
-1153
30848
-13186
-29553
13952
30080
-16513
-9856
9855
-2689
896
9089
-5764
-6256
-385
32640
-22913
-20864
17535
8832
128
7806
25471
-10861
22144
27008
-4737
-27008
20095
15744
11136
-32639
-32385
13971
16768
19840
-20353
-11648
10623
14208
16512
3200
-22915
5012
-27776
32384
-22657
31872
20095
18816
15744
14718
29310
14996
22144
-30336
-25473
20864
26495
13952
17024
-1663
13696
-13162
21120
19072
-27777
17792
30847
-2689
19328
25727
27518
-17514
17280
24960
-23937
32640
29055
-6785
-11905
3199
-14465
29334
-27520
6784
-20097
9600
28031
2432
-1153
11138
4479
-21610
-15744
11392
-5505
26496
18303
28032
4224
31614
-18562
15256
-2944
25728
-2177
29056
-21889
2176
7552
32383
10110
-14443
-12416
24960
-10113
20352
-9089
3200
-6273
-10367
15230
24985
-13952
31104
-21377
29056
27007
-3969
640
12670
4734
-16487
8065
-32384
-11137
27008
-30593
-5505
9600
-30848
-9856
-23653
-15232
21120
-12929
29824
31103
12672
5504
129
-31362
-10598
-14208
29312
-8065
13952
-31105
-6017
17280
1918
12927
19355
-2944
32128
-8833
7552
-21121
-10113
4224
-21119
-25473
-13925
-7808
-31872
-14465
5504
-31617
-2945
9600
-11136
3455
-22883
8577
27264
-25217
16000
-27521
6016
3456
12158
12159
30621
3457
17536
-12929
-2689
-9601
-3457
11136
-9343
-20354
-30820
-12160
32384
-18049
17024
-12929
6016
-385
30591
-10371
-23650
-9856
16000
-22145
16768
-23937
8320
10624
-2946
-30081
26014
12673
-31104
-11137
12416
-9345
8576
13696
-13951
2944
13728
-6528
32128
-18817
1152
-27265
-129
5248
31358
-642
13471
-4224
28288
-24193
11136
-24449
8320
12416
23167
15743
-32610
-3712
26240
-9345
3968
-20097
1408
-3201
-12671
-898
13728
-10880
27008
-26241
13696
-9857
-9601
1408
-9859
29822
-12385
1665
32128
-17281
-5761
-4225
-12161
2944
28032
3712
-4705
-1408
13184
-24449
-6785
-10113
-6785
14976
-2944
