-14466
31094
3701
-23947
-23955
23941
22661
-24195
-20113
-32639
-14975
-10377
-651
18294
12654
9350
-5241
32127
-26257
-18303
18818
17784
10614
-14730
30061
-25978
-888
24703
-4242
-13184
15747
7289
29814
14455
-23700
-13434
-1401
-27523
-2962
-20863
29571
12410
2936
12920
14441
-19322
-32374
-16001
-3219
-16512
-12412
-1670
-31624
9337
-6040
30599
24715
-14722
26222
-20607
-1404
29819
10105
28793
17256
-3193
2955
-6787
6253
-8064
13958
24188
-9351
29049
-17819
13960
3726
20864
-15763
-21888
-27257
12925
15482
22650
-18075
-29816
28557
-25474
-3988
-26240
20359
-10883
19835
13435
25188
-29560
-27251
-28546
3693
-25216
16776
8575
-28036
-14724
-5535
-28536
13968
12160
20589
129
2953
13951
-17540
10877
2403
-12664
-8562
-2179
-11156
-24704
18313
25984
23421
-18563
8545
-16760
1936
-2946
-7317
9856
21642
18561
29054
27519
-23969
-25207
-30318
-8321
-19604
-16256
-31606
-22143
-4994
15487
7264
-26231
10897
-6275
-4500
-13952
-4982
-15486
-11393
-29568
13661
-6775
8339
-27521
15980
18304
-21877
-2942
-9601
-3457
25438
3466
9364
-24193
19564
-12161
17036
-2429
-29823
-17534
-10915
2442
-28526
-14467
22380
15744
28301
-21115
-4990
-18301
-26022
24714
-27755
8320
8812
17792
27277
16517
-1150
20099
-25765
-22390
-8299
-27777
-12949
-11393
-25459
-24187
-14462
-18045
-1189
-25206
-20332
26750
14700
-12417
-6259
-17018
-26748
-10875
13657
-26230
24215
27776
-7317
31103
19087
-26233
17284
25476
-1703
-24438
17046
-5250
13421
13952
-4209
-16760
-5243
-13178
-8616
-24694
4246
-23682
25196
3711
-15984
-24183
-11642
26759
21591
9099
-12648
-23424
2413
-10369
-9584
20873
-21114
20615
-14504
-7542
-11370
-22658
-16019
-641
-20592
-3703
12679
-27258
24152
-2934
-13673
29823
16236
-8834
-30319
-15222
18056
-2169
27223
4747
16537
29824
-6292
-1922
-14447
-26997
1673
4234
23127
-11126
27287
-31618
9069
10623
6546
-23668
29321
6282
24405
18571
24217
20864
24686
29055
29842
-8052
-8823
-19063
15702
13707
-2663
11904
11630
26751
-17519
-7028
12170
25994
9814
-13942
14744
25470
-23697
9344
4498
-8051
15755
23179
-28588
1419
32666
-23168
-10642
30079
9875
-1395
-7798
21130
-30378
14731
13722
-641
16495
3711
-21102
6030
-10869
14220
-14507
-1398
-14696
-8834
31855
-3458
9363
9871
16525
-10867
-26540
-3958
11163
-8320
28271
-18818
27028
27791
-13428
1677
14679
-5238
-13927
31359
-7825
-17026
-5229
3984
16013
-29044
26197
-21366
18585
11903
12400
-3202
-18029
-24176
-27762
-11378
-30891
-10102
-23653
6529
9840
-15746
-7788
2449
7310
-11890
-26282
-25974
-23143
25215
4721
-10114
-17005
22417
-31601
11920
-15276
13450
-11111
-25217
2418
13439
-1644
9874
-19825
-19313
-8875
29322
27291
21377
20850
-7554
27796
8337
25742
-32626
-28584
22666
-4456
5247
16753
126
-29805
27282
-9841
2448
-9643
-5751
2970
29312
-26509
-5250
11156
21906
30095
-23409
-12713
2186
-31334
-11392
23410
20862
14996
22930
10896
31119
-11945
-6263
23448
3711
13172
-13698
29076
-26477
-10351
-28014
23126
-17271
27802
-10880
-31628
-13442
6549
-15469
32401
-31343
-16041
-28791
-5479
19840
10102
23167
-31852
12436
-10607
23442
-169
21897
10648
-31617
-31115
15742
-14701
5012
8082
3986
16216
8073
-10343
32385
-30090
-7810
-21356
19604
-9582
22675
22361
-21112
-32360
-8321
27767
-8066
20884
-26476
-5486
-16493
-5543
19080
-11625
-24193
10103
1150
-2925
-32620
-24685
10643
31834
19592
8345
17281
-11145
23934
-32364
-19308
31122
31121
-1189
32136
-6506
-28033
30329
7807
28051
11413
4500
27027
20315
-12665
7575
3200
25721
24190
28051
9109
-13677
-27245
-16037
24199
-24169
14465
1146
-9346
-17261
-6508
-6766
-30574
9821
-32377
-32619
-28289
-10630
-12930
15507
15509
-17005
-1902
4701
-890
14486
-11136
28538
382
-15726
-27243
32660
-2412
-17827
11911
32406
-21631
-4997
29054
-17517
11414
-364
-30571
-10658
-24698
-8813
23167
30843
-11139
10642
31125
-5741
28563
-30625
22150
917
20609
-3717
-9347
-9327
2709
-2669
18067
7521
20614
20628
-1664
-12675
-31874
-30831
19349
28820
28051
19553
-29051
26514
-2689
-12162
-14978
10897
21141
-31852
7059
-19615
-30331
1428
-29567
5758
6526
-20847
11669
-10349
12947
-18845
16261
2194
-31104
-2690
-12675
11409
661
31124
2708
100
-10108
8849
-13185
-19841
11390
-15984
20117
23700
8595
-29596
-124
-23406
-9343
-18049
-4739
28560
-3180
-27501
16531
6758
28548
-1137
11648
-5760
30078
17040
23189
-16748
-13933
3430
12164
-8817
-32384
129
12670
-17265
-13676
-31852
31891
10599
20356
-9840
-9599
20355
14975
-31602
17300
-7533
17044
-15000
29059
-26227
-24193
10371
-1154
2702
17812
-23404
7316
18025
-3966
16782
-18048
5506
-18819
-19314
11412
17300
-32621
-5527
-13950
31118
-28799
-20861
32126
30861
-27501
-31341
-8302
-6550
19842
-21621
22143
25477
-386
-26228
-3181
10132
8852
-20373
4226
-1908
22913
30341
-14210
14733
17299
11411
-10350
21101
-13183
-23669
-5504
-29050
-22658
-28532
7059
-11886
9107
2926
30337
-28279
26495
10886
-2691
-30581
13203
20883
29842
-31378
12417
5003
29569
25991
-12930
28811
-18286
-4974
1170
-11153
-4736
13193
-17536
15752
14719
21899
-31342
16274
18065
-12688
-19584
-12921
12672
-9081
-31362
28810
-6511
-26222
-21359
31345
28288
29833
-7295
5512
-5506
7818
20369
-31855
8592
5491
9344
27526
12928
30089
28287
4233
26769
-7791
2706
-23949
-31617
10886
19072
-633
-387
-23416
-12400
-23407
14225
-21644
-22145
-4986
-12159
-24951
21374
-11640
19856
3729
-21872
-5259
10111
14980
-16769
12170
-27778
12935
14992
-20079
29841
20342
-12930
-29308
-19584
20875
-10370
-32633
28047
-16752
-3442
-31625
-25986
31108
-22143
-24181
-15746
-17786
-29554
3983
-27763
2681
-3459
-19583
-23937
-11637
-19330
20101
-8050
2448
-3698
-22408
-6275
-13182
27777
31116
-21634
7558
-28786
7055
-17267
9595
-9091
-8575
27521
-11380
-18562
-10620
-28531
-23154
-19315
-26501
21373
25983
-27777
-1908
24702
24964
-31603
-28530
-13427
-31108
-7556
-10112
-28799
-17268
19326
13700
-31604
-13427
27021
-11139
-3716
-2690
-23424
6797
6782
-32381
20876
-6515
-31603
-17794
4732
-27523
640
-17010
-7042
11907
13708
26765
-25973
25983
3708
1151
130
-15218
11135
16002
-3958
-31604
6283
19073
-29829
5756
20352
10127
2943
31873
30346
-20597
8331
5506
29819
-10629
-25472
-24178
12670
10881
-24182
-21109
1675
-28542
17019
19836
4738
15760
4223
-128
1418
8843
17290
27011
-1670
-22919
2688
8848
6271
-3201
-25975
24459
-25206
6277
-24454
1658
19841
656
-16002
