3456
13440
6528
-26754
-24975
-17015
6005
25216
-18796
28049
1408
-129
9600
-6270
-13713
-2680
9844
19330
12181
-3439
5248
2688
19072
-24703
11887
29578
-397
9859
3734
-26990
-12161
-6529
11904
-21633
-31634
-15989
-398
8577
3990
26258
640
-8577
-3201
18563
-20627
3212
-1678
3714
27542
28562
-6529
4992
-6017
25728
-19092
-18547
-30350
7042
-24682
23187
-6529
-11137
384
10368
23404
-16498
30321
22144
-12906
13459
-25217
16768
-8065
4227
-15765
4751
-28559
-22910
10135
2195
-17025
9856
14464
6784
22635
31888
30321
-7808
22679
19859
-16257
-7553
5760
29313
-30870
32401
-17808
-12416
407
26259
-20353
8576
-2177
7299
5994
25234
3441
3203
3991
31379
-23937
15744
8576
32127
3946
-18797
-11152
-17280
-5225
-27245
-21633
6016
-13697
13186
-13719
16788
22128
14209
-14953
22931
-17537
-2433
7296
17026
-3480
-32620
6512
-27774
29847
-28781
-13185
-8577
-5505
27775
-3992
-18026
9584
29568
26007
28051
-14977
5248
12928
-11134
-18072
-26218
29551
-23423
8855
-13934
-18561
5760
-11649
27777
30312
-1386
-28817
14210
26263
7827
30079
15232
1664
12927
-9112
-26728
4463
4480
3223
17299
27263
19328
-6785
4739
32360
-9577
2415
31106
-10602
-23150
29823
-8833
1152
25728
25704
23193
7279
-25727
-10090
-11374
27775
13696
3968
-9089
30824
-26982
-6290
27520
-2411
27794
-30337
2432
-6273
3715
17768
19354
20335
-3455
18070
-25710
-25473
5760
-12673
23679
21864
11163
-4754
14721
-12651
-27502
27263
19840
6016
27264
-29592
1436
-28818
28544
14229
-6255
30079
25984
4480
29058
-28568
-5990
-21650
-8831
-16491
-12655
29311
15488
4480
-9858
-11672
2973
-4242
32384
-26476
16273
-32641
19328
7808
19841
4457
26269
-30866
-21120
26772
-21360
15231
11392
13440
-12159
10601
8861
-25234
-14207
29076
2961
14975
11648
5760
-18306
22121
5022
-27282
-3456
24723
16784
31615
9088
14464
-6271
-16535
1694
-25746
-17280
-31598
-23409
23167
14208
6016
641
-6039
18078
9327
10114
15507
-28273
16767
7808
7552
-17538
-22934
-1890
-9618
-9857
-26222
-21617
25215
7040
10368
32130
-23446
32670
-8338
20353
-3695
30606
19327
7552
1408
10624
24683
-22370
18031
1665
-24943
-26482
8319
9856
2176
15231
-1429
-21089
17263
-11137
-8816
5006
16767
24960
19072
-28286
5740
-5730
-12177
-4479
15248
-29299
12927
6528
4992
29055
-9620
-11361
-17809
-15232
912
21133
24703
16000
14720
13952
-32659
21408
18287
-27008
24719
31628
17279
10880
9856
31106
-11155
-610
13424
32129
-5746
26508
5247
13184
16512
29054
-24466
-4705
10096
-14209
24718
-17781
31103
8576
27776
-9344
7535
16288
30320
24448
16269
4491
11903
2944
12416
-30591
-18321
15262
2929
-31615
24973
27018
-5762
-1665
15232
19582
-15504
-6753
11633
7039
-17012
28042
9855
1152
7296
22145
22897
18591
-912
12672
-24693
-31607
3967
-4481
13184
385
-3471
16286
-18831
7553
28811
-4728
12927
1664
10880
16766
-24974
-10849
-3471
-22657
27786
17032
15231
-1921
10880
17026
-19341
-611
10610
-3968
-9335
-9593
2175
5248
18304
-20352
9844
19358
2162
17793
-20087
1928
-3714
6784
20352
10879
13941
-3682
31858
-12674
-21112
-7546
12415
9344
10368
-25470
-3211
1694
19827
12417
-8313
5254
895
13952
8576
11391
9591
-23907
-10125
-16001
12935
-10107
127
1664
-641
-17281
21368
-31843
-5261
26239
-29306
-6268
11391
8576
4224
21634
-6792
10139
-31372
2433
-26235
25476
8575
10112
19840
17278
-20359
23964
24436
21119
-29819
-15229
9087
6016
8832
14976
-13190
-30820
3957
-9346
12676
-18814
16767
4224
12416
31105
28027
31898
-1419
8833
-7037
-29822
-11650
12672
16256
9854
22908
22682
6262
23934
12419
13954
17535
11904
12672
13185
28285
27290
5750
-1665
-3455
17793
11647
12160
8320
-14976
-4483
6552
18807
-27520
7554
10369
17279
4480
7552
638
-15745
-15463
-31369
-23682
19585
-6529
18559
7808
8576
-24447
26496
29592
24952
9344
5760
27519
15231
13952
7040
-21633
13441
-31593
27768
-22913
4736
24959
14975
4992
-2177
18814
-17534
-10601
377
11390
-10882
28286
14207
7296
-3713
-6271
15747
6550
-21895
7040
15998
-14979
8575
17536
3968
-6786
-10621
-14955
-19591
3455
8574
-644
11391
11904
3200
8575
28805
-11115
19066
-16002
-17540
-32644
4223
12160
-9089
-13183
-25211
-14190
-21894
-4736
-4484
1660
-2946
16000
3200
9854
135
16531
-13446
-7042
28540
4988
4991
10112
2688
24192
21128
-2414
21627
19071
-17030
-32134
19839
9088
-641
-24191
4233
-25200
16252
14977
-27526
13434
12415
640
-6017
6014
26762
31122
-19844
9343
11386
-23175
20351
6784
6528
-16000
-27254
-8304
-6020
32639
4729
-19080
21631
1920
7552
-7552
-28533
-30579
-30851
-3713
-22920
15225
1151
13952
20352
-7299
4749
-16497
2174
-22659
-30601
12408
4479
2176
6272
-8063
28557
14221
-1155
-12673
7287
2423
20863
11904
13184
-9601
-4979
-12147
-12162
-14721
-10890
-4490
16255
16768
-27520
17022
-12145
-9588
10879
8830
-30602
-31626
31615
-3457
15744
6274
10384
12938
30847
13696
-11147
-17290
30335
6528
-3457
15487
28049
19593
13952
-28033
26741
15478
15999
6528
-3969
21887
-17262
-31862
30080
23422
11892
-5772
28287
14720
9600
-1663
14227
28807
-25215
-22913
20340
-8076
-20865
6528
1152
12670
6036
12167
20609
10878
-25997
-30860
-19841
1920
2688
4224
30613
-378
-5247
10110
-22414
-17293
21887
-6529
6528
-24191
32661
6789
19074
2688
30322
1907
-28289
3200
640
-9091
7063
11653
-15742
31357
13938
-398
-30081
128
896
-7040
30103
-30844
13443
639
19313
-29582
29823
3712
10112
-10112
17560
-3711
-1661
10879
1393
6258
-24961
2688
-7297
20606
19609
32130
-11389
-3459
28273
-17294
-32129
-1153
9344
-10111
15002
4480
-22396
-25473
8304
-7568
-21889
3200
2432
640
-13670
-7809
10629
-15746
-3217
15473
-10369
-12417
18816
10622
924
5760
-22395
-7043
14447
-19600
-18305
-4225
9600
-8319
29852
10365
11398
29311
-3986
-24464
-16257
8064
6784
-12930
-24675
-27268
-6010
-9602
-7570
13936
-17793
7808
13696
-7554
24990
14205
-3962
-7811
-12691
25711
-9857
2176
12672
-22655
415
16505
-3449
-27521
-147
11631
-24193
7808
10880
8830
23200
18042
24456
24190
622
-31121
-19329
-8065
128
-10369
-2144
-7816
21896
14974
-9876
-15762
6272
-7809
-7041
-14975
-4704
-18314
-6008
6528
14958
12144
-10881
8320
4480
15742
-28510
16247
13449
2942
-12948
-25234
-5249
-4993
9344
-27264
2723
9078
-21623
-12674
24684
15726
