-1666
-29569
21120
3200
12672
12160
6272
-1663
30064
22152
-1922
-13953
5504
16256
8832
8320
10880
4735
13168
10378
-10114
-18305
15744
12928
5760
-3713
-129
-10366
1391
8074
-6786
-16513
10624
30336
128
-20097
8576
23681
6254
6796
-10370
28543
1408
23680
-15489
-11137
-5505
-15233
-29331
18829
-7298
-30593
9856
12160
-7809
-6785
2944
12675
-3988
-628
-10370
-25729
5504
27520
-12673
-14721
4992
4480
21868
-4210
-3714
-31873
-9601
26496
-24961
8064
2176
-29568
1644
13968
-11906
-28801
11904
-25472
-20865
11904
15744
-32125
-3222
1424
-22146
32383
16256
-32128
-17025
-129
-9857
-28545
11627
1426
-14722
-27265
11648
-29056
-29313
12672
-897
-20863
17002
25491
-30082
-18049
10880
-22656
-30081
8320
11648
3971
32361
19859
-29058
-23169
6528
-17536
-25217
4736
-1153
25727
25449
-3692
-12418
-27521
10880
-19840
-25473
4480
9856
16770
14185
-32107
-14722
-21633
7808
-22912
-21121
-7553
7296
7554
-21144
-28011
29054
-20865
6784
-22144
-20097
-13185
13696
22399
-20376
23959
-17538
-17537
-2177
-9856
-27265
3968
640
-18046
-30872
-15209
-15746
-15489
8320
-5760
32383
16768
-385
641
19048
21400
-21634
-9601
1408
-19072
22399
12928
-5505
-24705
360
-30311
-11650
-13697
1408
-13440
29055
2944
11904
3715
-19609
6041
-27266
-19073
1920
-2432
29567
11648
-897
896
8552
25242
-27010
-27265
-4737
-2432
26239
12672
-19329
-3201
27240
-3942
-11138
-20353
-3457
-4992
-21633
128
-1409
-5758
-31128
13979
-27266
-25473
-10881
-8832
31103
11136
-1665
-5506
21864
-30309
-7810
-19329
-6785
4481
-32385
8832
10624
31872
-15000
18589
-20866
32639
896
-2944
25471
-129
8320
14466
-27032
9628
-1922
-27777
-1409
-8576
27263
13184
4992
17790
10857
-11107
-3970
-18305
-3201
4737
24447
22912
12160
-31615
25705
-18019
-13954
-17025
-2689
11905
21119
9600
9600
-25215
29801
23709
-6018
-16769
-7297
5249
22399
9344
20096
-18050
-19863
-2402
-4226
-14465
-11393
897
18303
14208
3200
3970
11626
22430
3199
-7553
-12673
2177
17791
8576
16256
-31360
28010
-6755
-4994
-6273
-8833
4225
10879
17536
-1409
12927
15467
21919
127
-129
-18049
7297
12159
11392
14464
-14462
18795
7071
-9602
128
-28033
14209
1919
9344
6272
-11137
-29589
4255
14463
-5761
-6785
15489
11135
9600
18560
3456
-25492
24480
895
1408
-7041
15233
18815
9600
4224
-18558
-5012
-21601
3199
9856
-7041
22913
16255
20096
24960
11391
-28051
31648
18559
1408
-16257
14721
13183
9088
8832
20096
4718
9888
6527
8064
-24193
29313
15999
18304
16000
-127
22638
-27490
4991
3968
-13697
24193
17535
2432
14976
-28546
26735
20895
8831
16256
-17793
20353
1151
2688
18304
14977
-13969
-19553
27007
13440
-14465
5505
1919
5248
8320
17537
-26768
-866
6271
16256
-15489
9857
9343
-3457
6784
5758
26481
-23137
2431
28032
-18561
7809
15231
-8065
8320
-14975
6514
2719
14975
16512
-19841
18305
4991
5760
5504
32640
-20110
9886
23679
24448
-5761
385
-4482
-4993
15744
-22658
-25229
-25953
-25985
12160
-18561
385
4735
-8321
10368
32386
21620
27806
16767
17024
30079
13185
-642
12416
15744
-9345
21877
-1635
23423
13184
-30593
1153
5503
11392
16256
-32385
27766
5023
-29825
12160
-28545
2689
8831
15488
14976
18050
-138
-7524
-29825
7552
-24961
-640
10367
3968
12160
-16770
-1929
16285
-22657
20352
-14977
8577
11647
14464
11392
-15745
18297
23965
-18817
18560
-18049
3201
5503
13952
19328
-11135
-3976
-3686
-32641
19072
-17025
-384
-9858
-2177
9600
4990
-31878
10140
-18305
12928
-20865
8833
8063
3200
13440
-19584
17531
23963
-1409
10112
-13697
5761
1151
19072
-1409
23937
22908
-10343
-19073
12672
-15489
-640
14975
17536
25216
23166
-14979
21403
-2177
-31616
-18049
-2688
8319
5504
13696
25729
32382
-26728
-17537
28288
-12417
-6528
20863
11136
18304
13440
29055
4504
-12673
23424
-385
-1408
7551
10624
-11905
-14979
29568
15513
7040
19584
-8065
-896
8575
23680
-7809
-8319
26497
11928
-8065
25728
-8833
13185
10623
17280
384
12671
13186
10647
128
32640
-29569
-8064
16767
7040
3712
-9602
-2429
-2921
640
28544
-7297
2689
11647
19584
-641
-1151
11396
22165
21888
19328
-17537
-3712
8831
2432
-1409
30846
-30587
-17771
6784
21888
-29825
-896
11391
12672
896
5503
-27514
2965
11392
20608
-25217
-10368
11391
7040
5248
-23167
26247
-11630
7808
13952
-22913
-19072
-5250
-129
7040
-899
11912
22931
2688
22912
-16257
-13440
6527
10880
896
21888
19081
3730
10112
25728
-29313
-8064
19839
5760
8576
3713
-30071
16785
5760
29568
-20353
-6016
18559
9600
2944
-11907
19083
-5743
14208
32128
-23169
-24960
25983
6272
12672
15489
-3189
5007
23936
31360
-24193
-27264
10367
21120
1664
23680
-13940
15501
27008
24192
-23681
31104
7039
11136
2944
8830
-15475
-12914
17280
20864
-17793
-26496
19327
5504
16256
8066
29839
21644
21120
27776
-25729
-28800
20863
-9345
28544
28031
-19057
22155
19328
21120
-15745
13952
24191
-11393
11136
-14978
17809
-9844
28288
23936
-18561
28544
25727
10112
-9089
-3199
23441
12168
21888
13440
-10369
20096
12415
-14721
-6529
-9602
6802
31113
-21888
21376
-20353
-29824
26239
29312
3712
8063
-9581
8329
-20864
30592
-17537
30336
-18305
3712
-8577
-12159
11412
-29050
-8320
13952
-21377
19584
-24705
2944
-13697
15230
22933
6534
-14208
-31104
-20353
24192
27519
7808
4224
31872
22166
-26747
-10112
28288
-16257
21376
-23937
1920
5504
18817
18582
23171
-24960
-27520
-2433
32128
-29057
640
6272
-16515
11672
23940
-11904
24704
-5761
16768
-19329
9856
9856
25217
-2664
9090
-11136
17536
-16769
13952
-25729
7040
1664
-17792
-14439
-21374
-4480
24960
-16769
9856
32127
-9857
2176
20862
27034
-15743
16769
20096
-16257
8064
-27265
-8577
11392
-18559
-16229
-3202
-6784
12928
-21121
15744
-11905
-9089
-1665
-32129
-7269
19070
12161
14720
-21633
18048
-18305
7296
14720
21118
24477
21374
-13184
25984
-25985
22144
-11393
13440
6016
-5247
-22883
25467
8321
-29824
-23681
15232
-24705
19840
8576
28286
-98
-901
-13952
31104
-13697
3200
-28033
-4225
17792
26495
-31329
-18309
4225
23168
-10369
4480
-14977
6272
12928
-19327
17824
32377
-6784
14464
-25985
7808
-14465
-4993
3200
-28035
32161
4986
14721
-31872
-24193
640
-4993
384
-6017
3712
12706
6009
2177
18304
-13697
-2689
-4225
12416
7552
-28799
-14175
-31883
-1152
29312
-7553
-1409
-14465
-1921
7808
-5507
-15966
7799
