-8322
19848
14218
28041
6279
-30854
10874
-28030
-19056
-11906
3966
20103
11657
-11896
32136
-23942
-24201
-384
17298
23935
12925
5767
6537
-5753
-120
-2951
-20872
-29566
-32366
-22401
-25732
27526
-29048
-29561
-28022
-23175
-4490
-6783
-22638
-27265
-21381
-23419
-32376
26248
-15733
-4488
1141
-30848
27282
17279
17275
24197
-3961
17798
-117
-18312
-8331
29570
-11886
-31361
-18054
-2941
23174
-20347
-28787
-8840
-15501
21633
-14957
2944
32377
-13694
-31099
9861
-7794
13432
-27022
-14464
-23407
-1155
9849
16003
10118
-18043
11151
8312
-27021
-24958
14228
19328
5241
-19839
15748
-25469
-6512
-7817
5233
-5760
16020
12672
23159
1409
17283
-25214
10386
22903
-30608
-13952
-21869
-26497
4727
-9344
-11389
-5246
-27502
-4746
-144
9346
660
-13441
-22922
-16513
9602
2690
-16237
-2954
28782
27520
4757
18304
-396
-29314
13441
16769
-28012
-3466
1903
29313
-3437
-8065
22389
27262
7553
1153
-17516
-22410
-22930
-18815
8596
4992
-15756
-13699
-22913
-24705
23702
23670
-24212
-13185
-27243
11393
-29837
-18052
11391
25214
-1386
26998
-26771
-23679
-12397
-25473
-18829
-3205
12670
11646
-11113
18038
14956
31105
5780
-13441
-13710
17019
894
3198
-5736
-14731
-23446
-4737
13972
-29568
-12175
31610
22909
7806
-15720
27509
6252
-16511
1428
-12929
-32399
25977
-4997
15483
-23655
-2443
29802
-1920
21396
-19072
10609
7545
22651
-8070
6298
-31115
27241
13696
-28780
-17792
881
-17032
14715
-13959
30362
-16779
-8854
3202
-6765
-20352
-21648
-27273
-5510
30075
-10854
18805
26472
640
-22892
-3200
8815
-27274
27001
-32392
7068
21109
25960
29056
-366
20864
-12433
-12426
-10375
10106
22939
15989
18537
-10879
-109
5505
13423
-30603
18552
30327
-28260
27765
-6042
-29057
6803
-12416
16750
6261
-30344
19832
-11364
2165
-13977
-7808
27027
-12672
3695
9333
-7305
-9354
-32612
-32139
20328
-25983
13203
22401
-659
-12429
-10378
17270
-16739
7797
14438
22399
-18542
26241
24173
-8077
31606
3447
7325
21365
28775
7041
23186
8321
19821
-13966
-27019
-7307
-28772
2421
4199
-17024
27281
-19840
-23955
-21134
23413
7542
-13667
117
-19867
17023
2705
1409
31596
-17295
22644
-9357
-19555
-31883
20071
-24959
-32112
25984
-3988
24177
-23437
9843
-28515
29813
8038
19328
16785
2689
10605
24689
3700
-25996
-3682
7797
20837
31615
-22641
-16768
-16020
-27792
-4494
-29838
3230
-10379
-10138
-31871
-18290
18816
-3476
6512
17522
-9871
20382
-27787
30309
-15489
-19058
-25728
1132
14192
-14222
23154
8094
31349
-17051
5760
-16753
-17279
22892
-20113
-2447
21874
-12900
-30091
-154
21121
1423
-28543
-27028
7535
29809
114
17565
24181
20581
12671
26765
12161
-10389
-9362
-8848
-18831
-23139
-17803
7526
6272
-6772
9601
25963
27246
-14480
14705
-16996
4214
4199
11905
-11379
5250
1644
-21139
22127
14191
2717
8054
29541
-12162
-21108
-896
-20629
15470
-3473
-3472
-30052
17270
5479
32384
26252
22401
-20117
15981
2671
24943
-26469
30070
12647
28800
-11381
-12671
2411
26732
-5523
-31890
-18532
-20618
-16795
-11394
9866
-5248
-23957
11629
8047
30831
25499
-14218
28263
-4992
13450
17537
15212
-17300
15470
-27794
10651
-11402
22375
-6017
27018
-21119
-31380
22124
-17555
365
-9317
-7818
-13210
-15234
-21879
-10623
-10389
-32404
7278
21870
-30055
1399
-14488
-9344
-2423
2434
-16533
19819
29549
3694
-19047
17527
-17817
15999
-21624
-2175
-31893
16491
-31124
14445
-13671
-10377
1896
17023
31110
-14976
-1173
30059
-148
30573
-6505
-13193
-23703
-16512
-28025
17282
30316
13675
20588
10349
18840
-393
-26520
30078
-378
-13183
16236
22635
-8596
3182
-12649
12920
-29847
-24705
17542
-12415
27756
-4758
30828
-7571
-21099
18296
-9366
-25472
14469
1154
1134
-6806
4204
-3988
-16234
-7048
26985
-13698
-30332
31617
14957
24939
-16020
23917
22932
22393
14955
5504
-19324
-127
4974
-2710
-24981
-26773
-23149
-14727
-149
3200
13187
23681
-18067
-8598
10860
8044
-30060
-27015
-22678
25726
-18046
25217
-12947
-6038
-14229
12651
9875
-8327
-14228
13696
-8063
14465
1903
-16790
16235
-5781
658
11130
-10132
23935
24705
21889
-27538
1643
-24725
20332
-15214
21370
28268
20094
30081
15490
3695
20843
13420
16748
-27504
-14470
-11922
23936
-17536
-15999
-16785
32363
-28053
-28820
-30832
14715
22382
-16258
-17280
21890
-20882
-16278
-9877
-9620
-24177
9083
21870
-13442
8063
12417
25456
2156
25196
22124
-9844
-8837
-12944
32384
-2178
-8063
21104
30059
-1685
-24980
-12659
9340
9328
-28802
-22402
25474
18800
-8085
19308
12141
27276
16508
-7824
4223
-387
6786
-11664
-5013
-28820
-20627
-19317
-20356
32370
10368
14205
-11903
370
13676
15212
-31123
1420
-5252
11377
6014
1661
-32638
18545
-24468
14701
-24722
-10872
14461
11123
-27521
28027
25729
-19086
25964
-2453
5485
20359
-22147
19060
-5505
15738
-2176
6515
-13716
21100
-22675
-21112
-17795
-10382
5502
26490
16513
116
-18579
19052
23148
11909
28542
-16011
12928
29561
6017
-20365
-28307
25709
-24978
21124
-20866
-16523
15231
-7048
-12672
8308
1134
30317
2415
32645
-7554
23157
28798
-23688
23937
-7052
-27538
1390
-9874
-20351
18047
17784
28544
-19080
17025
16758
-24466
-26515
-32659
-5502
-22145
31095
-6018
120
6529
-2699
-24466
-19859
-24978
-22143
-19073
-5513
-25474
-25482
4481
-32138
23663
17518
-31122
27007
20096
21370
-30848
13175
24961
-25993
-19601
18031
-20368
-15234
15232
-32391
26494
-138
-17535
-14986
31343
-17042
-21138
-3203
3201
27258
26751
-2443
1921
7288
28016
-22929
14192
7292
7297
26748
-31360
8054
22657
9848
13168
623
-12177
-24708
24705
-10374
20350
17525
-25983
-27784
-4240
-1937
-3216
-22151
31105
30588
-15745
31091
12928
3706
18289
-15761
12144
-8326
4482
-8835
6528
24436
9345
3706
-6799
-27024
19057
1914
21378
2429
28798
14196
14977
-902
-16270
2929
21105
-8842
14723
-12673
12928
13683
6017
19067
-20878
13681
-12175
7798
-6782
-16001
10879
19315
20097
-32389
-6030
-8079
-4238
-21643
-9086
20095
10878
-3727
-27264
7804
-1677
29810
-2446
371
24963
1410
-31872
-28559
5249
21885
24948
-17294
12659
-24717
-13949
-12927
-4482
22386
-25727
-10883
13429
29554
-11406
-11406
15748
-7039
-28546
-17040
-26496
126
24437
1396
-26508
-6544
32388
20356
-30336
-6800
2177
14719
29813
-27533
-5261
22385
-4988
-26237
-24706
-10384
6273
22655
-1674
-4748
1910
-14225
-13948
-30332
-7810
5743
-26752
-12160
2680
6006
17527
23661
-15227
7559
32640
28272
31617
17281
-5001
-13195
-20362
22126
-25723
24197
21886
-6033
18305
