-9081
-9344
-21609
-13697
-30594
-27512
2187
9610
4999
31610
-1401
-6016
-8809
-2689
-23682
-12153
-4215
25224
28040
22138
30343
384
-9321
7040
-4739
8327
3209
10888
-4727
-23175
5254
-897
12183
1152
27004
-19322
15241
-28025
-28278
-27015
5255
-14465
-12651
-7808
5244
-15739
24967
-4986
-20341
15993
-16762
19071
-13931
-18816
17018
25988
-22394
16006
7821
-3464
30598
-18817
16278
-22400
-21638
23684
-12410
-5244
31885
-7816
2436
-28293
-2414
-10113
20343
-640
11395
3715
31630
-24458
-29050
-12417
405
12929
19833
-20350
-28796
24451
13968
8568
-19068
-32130
28308
-2432
32120
12674
-22396
19331
-22384
-31113
-15228
19838
147
-28543
-3465
-4224
-2430
30338
-10351
29559
28036
-30339
28819
-3456
-5514
32640
-10622
4994
15763
14455
-7548
-20355
-18799
-128
-27275
29055
17282
-19583
-14701
4983
27524
7549
-14191
20865
-6027
-10370
31873
13185
-13676
-2698
11140
31869
-31088
13185
18036
-11139
23680
23935
-24683
-16522
-31613
-8068
26000
26497
32372
-29827
-25984
-8576
4502
-25738
15746
18300
-30577
-20863
17012
-20868
9599
-3458
8855
12918
-18304
-16265
14990
5248
-25488
1146
-11140
2430
-22633
30068
-11901
-25219
10639
1410
-30861
-27269
-32642
-23171
1944
10358
-13439
-8069
27533
-31103
11122
-30598
-9860
32381
16281
-15243
-16767
22140
-15988
-32383
-15759
634
-28036
-3717
1689
-22923
-28288
-8325
16267
4482
29297
-9352
1659
-12678
29082
-27787
-32639
10107
-26741
-19327
-11920
-28040
-646
-31366
-3430
17781
-23424
8827
-28790
-25471
-15248
-20361
-21638
6522
-102
-30603
-30080
24698
-16503
11394
15728
-17546
-20615
5242
-4709
29301
-15233
28538
24457
-16255
3695
-23946
15737
-26248
24988
10869
-24962
10362
-20089
-8319
5487
-24715
-17032
20088
2460
22133
9595
-17549
14725
-12417
10604
-1167
-8076
24950
-6499
25715
9343
-22406
24199
13186
-16274
13173
-18569
19064
-14692
14709
24957
-13703
-24443
-1919
19310
-6797
-17546
-9866
-16228
20853
-23940
-136
-893
19842
28269
2931
-15499
-17803
-15459
9845
-16771
28793
5765
-21375
25965
25459
13430
-7307
13725
-1420
4733
24697
4739
-5503
-18835
23922
9589
-20875
20637
24181
15485
6265
9091
5506
26733
6770
-14220
-14220
-26211
-4492
-27012
2425
21122
-19583
-7828
-18063
8308
8308
13725
26997
636
-12680
-23680
17026
8813
-5776
-15502
26226
-7011
-24203
892
-20872
-18048
7554
1388
17520
-7822
19059
-1123
-2444
14967
32626
-10628
-29825
-26263
9837
23151
-8080
-12131
4468
-5253
-15751
-32129
14722
16237
11120
12402
24690
2462
-24971
-29829
-32392
27262
-31103
14444
22383
-10383
-28559
27806
28021
-134
-1416
-4740
-12159
-8341
-3474
-4496
624
-4452
-2443
-27014
-13705
25468
21890
21868
29550
20336
22897
-14947
-31115
-24711
23160
30332
3970
-20373
-20114
-7056
-19088
15773
1398
29050
17784
-13189
-6527
21612
-31634
32368
-9104
14748
8822
-6024
27767
2938
6530
8556
-25235
6511
11119
10909
2422
-31623
24952
27769
-7295
-13717
29549
8047
8303
-30821
32630
12409
15992
31352
14722
23916
5741
-20114
-29330
-11878
28790
29301
11378
29045
-31361
-19607
2922
-22165
-30612
23196
14965
4730
32633
26488
14978
14444
8045
-4242
22127
24474
-9354
21880
31864
9334
13954
-15253
-7317
-21651
-3474
-7015
9079
4472
27255
10870
-1407
-10645
11628
-23955
4718
16283
1143
8568
-22665
-1932
-2943
26475
-23957
30573
18031
-14440
29815
-29576
-1160
-28299
3202
22382
-24980
-20115
-25746
1177
20088
-393
2680
-4749
6786
1388
31595
18797
25454
921
-13193
-23177
376
2932
7810
-30100
-28821
6765
18285
11159
-3465
-6538
3960
-29326
19586
-28308
-10902
31084
10605
28055
15736
18039
-30856
-17806
-7551
-13972
12907
28268
-31379
21142
-22408
-29325
29042
30063
-31105
17259
-26008
-26519
12395
-13931
-5001
-9866
-21128
-22416
-17534
31085
11883
3436
-12180
-21611
12153
30326
376
-15504
-2687
-16275
25707
15468
5229
-21357
-30855
-27786
-14216
2928
9602
12910
10091
-31636
30573
-2413
-17543
23927
14456
8048
11906
-15506
16235
15980
-19604
10899
-8839
-16779
-27016
2671
-9087
-29330
19051
-1941
-17045
-24943
24186
6774
-30344
16493
29058
-18834
-18838
17515
-30356
-25968
-17542
-16779
13688
16494
-5759
-11410
-7574
14955
620
31121
-2438
21110
-20360
15213
-24191
1135
22891
25196
-26003
-11378
23163
1654
1401
-2196
5506
-26512
-21397
-3989
-15252
26254
-22917
28786
-30094
26730
15743
4462
7273
23401
-28821
399
-21894
20086
-18311
15724
3714
-5776
2156
-32404
15469
14731
11132
-26251
-5256
4203
6018
1905
-22165
19052
-2451
12172
27260
18293
11385
13419
-23167
-7056
-8341
-25492
8302
-8822
-23172
-14987
27257
18538
-3967
5746
6252
32619
-29588
-7031
17277
5238
31353
20330
-9599
30066
31084
20588
-9875
-17783
27261
11638
4986
-13974
13185
10354
2925
32364
-20115
-14969
29309
-8587
28794
12905
-17791
12403
-8084
9324
21869
-26233
4222
-21388
-135
24937
-11647
-6030
621
-6292
5486
19078
2942
30581
9850
-18071
19841
-6285
-19603
21613
-30354
8069
30078
13427
-22155
11622
24703
23667
-27541
1643
-1172
22405
-28034
14198
21115
23145
-5503
18805
-29330
-1171
15470
16004
7295
-14474
11900
20328
3201
12917
-26258
-6035
13678
19841
-23681
4470
17275
-12697
19329
-5003
-9362
17262
32111
-30847
-19073
19317
23931
14184
19841
-17291
-3986
-26002
-31633
-14977
2688
-20362
-20613
13160
17793
7799
-22417
25710
-9106
29566
-28288
-32138
-11397
17000
31105
12408
-145
-26257
13424
-642
-12928
20086
-4741
-24985
8321
28535
3952
-32401
-12177
-15491
14209
25718
7292
21351
22145
-7560
-23440
29807
23664
18811
-31615
-13451
10109
6759
-28799
-24711
2673
3184
-25232
19067
-14463
-16524
12153
15973
21375
7032
7792
-31889
-656
-4998
-23679
1144
8831
-12953
-21631
-11398
29810
18801
-8335
18552
-32126
-22667
-23427
2919
26753
8314
-911
14449
14705
21369
-16766
24439
-21379
104
13441
-8325
29555
29041
-30607
19573
10115
-6538
-20355
-27545
26497
28540
-16013
19314
13428
-22156
31875
-16521
-15747
21095
21377
-16516
17268
28786
23155
-6797
-32637
7031
13950
23911
2945
5245
-19340
18290
2931
-30862
11140
10360
-24962
-409
11393
24958
7285
26995
-29068
9586
29316
21624
-6786
-153
129
-12931
26997
-4237
13684
-30607
8068
31095
8831
-26776
-3712
8575
20086
6005
29557
11375
-21116
7542
20092
31589
-13953
24958
-1420
26227
19317
625
-11644
-5512
-30848
-5529
22401
-3457
-1930
-23948
12661
-11922
-3963
1145
30592
-12697
-21120
12417
-23945
32373
17525
24173
-13179
