-28305
12393
-28041
20607
17767
-3201
13185
21367
27765
22901
8047
6505
24695
-2946
14184
-12161
9602
120
25974
29815
11119
-7832
-15240
-17537
-17048
25471
28546
1657
9847
-11913
-11154
31592
-19080
22911
4201
-8321
15492
-1415
-4745
8568
32623
-19351
-23175
23936
-24471
-22401
-22652
-14982
15736
25720
9071
-5272
29305
-26240
1899
21887
13957
19836
-7815
22138
27758
-18328
-22919
-9088
29034
-28033
-9851
-133
9338
4219
-23954
-17304
-31879
2689
-3221
-12929
-20603
26493
-21382
-31621
9326
-27288
-134
5250
22124
-4737
-6265
18046
-10117
-30340
-31379
-11417
7547
-28799
-16277
-20865
14984
24190
-17285
30076
-15506
-32408
379
19841
-5012
24447
-11128
20351
14716
-2436
-27283
30568
13691
11650
-3220
-5762
18057
23168
-24707
-15235
19054
28520
3196
28034
2926
2175
18058
14721
20350
-8578
-914
18281
-12932
-1918
11631
-25730
-15990
12930
-6785
-20096
8558
-19096
-19076
-31614
-32657
4223
-6005
-14974
-897
-8576
9582
16489
8317
18051
-24721
-7810
-9333
12931
-10369
16512
-31633
30058
-2691
-28029
-400
32382
8588
2692
24449
-21630
21613
-28055
-28803
-17789
13169
8575
19852
-19580
-8319
-29054
-20626
-4759
29054
-6268
-1678
18559
16526
-6011
4995
3204
-27281
-18070
-5506
-17532
30835
19070
12942
27526
4995
26499
1390
-10647
-3971
-1149
11123
3967
-26482
25222
23939
-22909
12911
27243
24191
31108
14196
-19586
-27250
28807
31364
5766
7023
108
-22657
25477
3701
14462
25999
-26232
-20347
-4219
-32658
-5525
22910
9861
16501
1663
13967
3464
134
-9338
29552
1133
6272
23941
-138
-19074
-20593
21129
-890
-6521
21872
11629
-5248
5766
8824
-31106
-19056
24714
-29817
-24441
3440
12653
27777
5254
-13961
6271
-15728
-4215
32135
22919
-24976
2413
25473
13701
-19079
-23170
-113
-21366
-3449
30599
3952
5742
20866
-20601
-6791
12415
-5999
23692
9865
-15480
-13967
3439
19586
10630
14715
-22402
-21870
-22388
31881
29833
-12430
22127
3715
19078
-20612
26238
-16750
-15219
27274
3210
-14991
-6289
-28542
6535
9852
-29826
-25966
20877
16779
6795
-29326
-9616
26499
8839
-4484
29822
-10862
-15731
14475
-28277
28274
-29072
6019
12167
18045
29822
-30318
-30578
-31861
2443
26482
-30607
13444
26759
30078
23678
-27501
-19570
-6261
7564
-21901
-17806
-9341
17287
127
23166
2451
12943
21132
-4469
-11661
-11918
30085
27015
7040
2942
-3437
144
31373
31117
-26765
10867
-125
32390
-23937
16254
5010
-8818
-26228
18061
11124
7027
18821
-30072
-25983
32638
32148
4753
-115
-22899
-25484
1908
28037
17032
-16767
-1411
24212
-13680
30094
-12915
15477
12406
16261
-889
-19325
-6531
-26476
-7023
-24177
28304
22902
-13962
8838
-2425
-10877
-6275
6292
-14191
11663
-32113
886
-18571
32645
-16505
-10109
17278
31892
6290
8335
3215
-6794
-30601
-30586
-7545
22149
14718
31892
21906
-1137
-26737
-24201
-29576
7815
12936
10630
-17795
5524
-6510
25744
2192
27511
10616
-30074
-7545
134
-387
20116
-20334
-2929
7056
-29320
-21640
-29818
-30585
-2682
14462
-14444
-31853
-9328
24208
-13192
-29574
4743
-12666
-14969
-18051
658
15506
-20592
2705
2937
1146
-5497
9097
-11640
-23938
6293
10388
-623
1425
-5510
-23942
-17274
10375
-10615
19326
-26476
10388
-2927
-367
12666
19580
-6009
-121
-26486
-6275
9108
-18028
4499
-12398
-13446
-4229
8073
-11129
-22646
13694
-13164
18324
-31087
-12655
637
12671
-25719
26761
-27252
-27011
-11883
30869
-17261
12692
-6533
-2435
-21111
-31352
27788
8830
-1133
-8556
-21102
23442
-24964
20607
-19832
3208
23437
-30082
7828
-5740
10899
24467
8830
16513
649
15752
4238
-4995
-17262
149
-10605
-7533
32125
-25215
20873
-26488
-13938
8062
7315
16277
13716
-31596
11134
24193
-2680
-26235
-29298
1150
-6768
29843
-24174
18835
895
23937
-25719
-377
399
-13954
-27502
8597
-31341
-110
2943
-7294
-27255
-2937
-20081
25470
-14446
-32363
4756
16787
-14720
32131
12682
-3961
-15216
29054
-4206
405
-10861
9106
16001
-3963
14730
-9081
20370
5246
8338
-12907
-27243
-19051
-29823
-379
-23926
-16761
-13679
21630
-19055
-22123
-25708
9364
18818
24965
26506
11399
12946
-28290
13969
-2924
-19053
4498
-22398
17032
-12405
-3449
-109
-8067
18577
-20843
-18796
-7789
24706
-2938
-25462
31623
-22638
-23938
6033
-13676
404
-30574
-382
3464
21386
18567
-31341
-22146
-3185
2709
32660
-3693
27011
13961
1673
31876
32147
-25219
9357
-14190
13203
24467
11652
19593
17547
-13945
-11372
-8322
912
-12396
6292
1171
9606
-12406
-19829
-9338
-17259
19326
6031
661
12948
12179
-6780
28042
-32373
9095
-14444
23678
-23410
10132
-7021
1427
10886
6284
139
16774
4246
-21890
16782
-3437
21139
19347
-3194
-17013
17547
29318
-9323
24446
-3699
-3949
-21869
10386
11399
-7540
16011
32646
14743
18302
2958
1940
-28269
-24685
-3449
20621
5515
10886
29078
32126
-18804
19091
-13166
27538
25480
-30322
23691
-2171
8343
25214
652
30099
-17005
30610
4744
-21362
29579
25990
20631
23678
-28020
-13678
-23662
13201
-14967
5264
-22905
10625
19351
9853
-8312
20624
-10608
-4464
12425
-6769
-19830
9862
13720
-20354
16011
12947
16531
29329
25737
5776
19850
21893
-18537
-28290
-18294
8082
-23406
18834
-21366
1169
21386
12933
4504
-27778
-1143
-10607
-3439
13456
-19318
30609
23691
-11900
-27240
26750
-21623
-12911
13970
-30832
-1142
5266
-31606
17540
23192
-10882
-18039
-15472
15249
27792
27019
-26222
12170
18564
-31080
30334
21384
29584
-18031
30352
-32373
23954
-11383
16516
-19304
-22914
-14969
-10353
-5488
-22898
-5749
-9069
-11894
-21629
22936
-16770
-23417
-26737
-11888
9361
3212
-20588
2441
3715
-22888
-23170
-21115
8847
27024
-32625
25228
-19054
-3706
-131
14230
-12164
-7293
1675
7308
7051
-9076
27028
649
-13693
10649
22399
26758
-29042
32655
-1394
8077
-30828
22153
-17278
8857
-15746
-9596
13454
-2417
-15218
31116
24213
-5752
-5502
15512
20607
-10108
13709
-20594
-27506
-14195
-19051
649
27010
31383
639
-26237
22924
-29811
10380
-15731
6294
23432
-6015
26776
3199
-23934
8844
-13427
-6260
-26483
919
-12153
-13439
408
19583
-24702
-19829
21645
-19315
-27506
-1641
11400
28033
-19560
10879
-27519
15499
6285
31884
5519
-4969
-888
-1663
-2153
9855
-30847
-6006
-12916
-7797
-8050
4503
-4217
11905
29335
22655
19073
-2679
-15477
-2422
-21873
-26729
-636
-390
-5739
-3972
18557
4230
-7289
-377
-32113
29079
-22649
897
3224
-18561
8832
17289
-9078
31882
4495
11672
-18041
-8577
9879
27263
-29313
-2937
-13431
-5751
