-18828
-6270
-24939
-8047
9871
-16233
9864
-17280
3735
-3201
-2445
-20864
1430
17298
-625
14745
17032
-22400
22679
-1665
-24717
31106
-6507
-25710
23696
-1383
21128
7809
-28521
-8833
8307
-16511
-10346
-5230
-23409
4761
10375
12416
-1131
16000
29042
20865
-363
-9326
28049
-7271
13702
-6273
4759
-29568
-26254
9602
-10858
17555
-9327
5786
25991
11392
-6762
13952
23922
-10880
-618
17555
-11120
-1639
-9595
-20353
12181
-8320
-27535
27008
-8810
-14190
-8047
13467
-27004
24701
-1132
3200
21617
15747
-6250
14483
7570
-32357
13958
13696
17302
-6528
14705
20864
-20329
29075
-22896
5786
30598
-31106
16019
22145
7281
12929
8343
13459
-30319
9626
-12156
21374
25747
12417
-14992
-29310
14743
-30061
-1391
24218
23428
22142
12947
-6528
5232
23680
-7785
29587
11666
-26726
30852
-22659
-5486
7041
10608
27777
16279
7315
-21103
5018
8836
-32643
-20079
9089
9328
12930
14231
-25197
2450
7834
27267
-24963
3474
13697
29295
-27776
8087
15763
-31342
-6759
-6781
-6276
12177
25985
-31633
26753
15767
5779
12433
-25960
23427
6269
1423
-29823
-6546
13954
3991
-11886
1681
-19816
7042
9852
10894
12417
-29586
-8065
-24426
6547
-23152
22680
30337
-11396
-28274
12162
-13970
1922
21398
-28014
-12912
1945
-26239
-11653
-115
25217
111
23425
-31850
27282
10640
6296
-22656
-16773
-1397
4226
-3218
-7040
3734
-1135
6801
-6504
21633
-31109
28556
-14207
23151
31106
13718
18066
-13169
-15978
20097
-31109
26507
-18559
-24978
-18816
14229
-20079
-881
-29545
-22912
3963
-17526
-15743
-11666
-8064
-7788
-29551
-370
31893
9599
-8070
-4472
4226
2415
-30334
-18540
7569
-28017
-26218
19840
-15750
-12407
-21631
-8850
-4993
31380
22673
-7793
-6764
-10370
31354
-10105
5506
28014
12673
-19309
-14961
-28529
23958
-8322
2682
-1657
29057
-16018
-28031
-5997
17040
-8562
22932
15999
-12678
-12922
13186
-11666
-28032
-21870
-19569
-8819
-4973
-20611
-23431
-29051
6018
-1426
17793
9618
1935
24462
-23404
-899
-31879
-23419
-20095
-1170
6017
24978
20367
-26228
-24175
18557
-30343
9859
4994
-13202
-31873
-16495
-2162
-23155
-27502
-4484
-6024
2436
-3711
32111
30337
-5488
3214
11916
18833
-9860
-24456
-31870
-383
-24209
-25984
-13424
-3955
-8821
-10864
1917
13433
-2176
17794
31343
-12161
-7793
18317
-24692
14225
-27269
7544
17026
-10367
1136
12673
19344
15245
23435
-5489
-22405
14456
18304
5762
-15249
-19840
24463
-16244
-31093
-18802
7035
-13192
27007
10370
-5009
23168
17294
-19573
23691
32143
31355
-17543
-21377
5506
15728
15746
25998
31627
-7543
-22386
6780
13177
-19330
-27007
31600
128
-20851
-21109
8586
20621
24954
15224
10622
-2431
-22160
-4224
2701
-24438
1930
-31860
24954
-9097
6269
6274
6769
20097
-25716
14474
-28536
-31860
8314
25464
8316
-6783
31089
-10370
-20341
-16503
-15992
7307
-20103
23672
3707
13442
-24207
-16512
395
-4728
-20600
18059
28282
-1673
22907
-32383
4722
-25728
-24182
-18040
21127
650
7289
-1161
30073
4738
-12431
-5762
-28791
-2425
-30330
16009
7032
21879
4984
17282
11122
-5248
-12408
14471
-20090
-27000
-9864
-18312
-22152
4226
-1934
-30080
-25208
-5754
-3451
-27769
2169
7289
-20105
-14718
13427
16767
11144
4230
30342
18566
-24968
3960
-2954
11394
-6541
-10112
-23929
-31867
16517
10375
13433
-29576
-138
-24191
9076
24447
-28026
7813
-28028
28293
32119
-8585
8565
9858
-31116
-22402
-19835
15236
-22397
18564
24183
25463
-28300
7042
-22412
11393
7301
6787
-1149
8324
13688
4728
30580
13698
4469
-28289
28036
10627
-2687
12930
31095
-7305
29810
-28798
31349
25727
-10877
10882
24963
-4733
-30857
-10121
-5005
-4991
5494
13953
1923
-21887
30337
16513
25974
-30344
-2191
19074
30838
-10626
2947
17537
5506
7296
27511
-21128
25201
-30334
-3722
10368
12161
21888
-28543
-27776
18039
-28039
-7823
29570
-8073
2432
-1920
7040
18303
30078
10614
28280
-21649
27522
-13961
8574
5248
30591
-30849
-5506
6774
9080
27759
10370
-27272
20096
24959
-15490
-898
24189
13430
1912
20079
4226
12921
-9857
-28545
-9090
894
19837
20854
3192
27758
11906
-28551
20862
4734
-25475
-25474
-30852
-2443
-25736
-2195
4738
1146
-28288
-10883
-16772
18557
11899
13174
-1672
7534
-24959
32122
-17282
9085
-28292
12157
31611
-28298
-648
-10643
-9343
-31622
-28547
-2181
31355
-28548
7035
29813
32632
-31636
-3967
25467
27008
-18565
-31365
14716
-22663
-5770
6266
-17300
-5503
-23173
4478
15227
-21382
-24966
31352
2166
12922
29803
27266
-4229
10367
2170
-14983
18299
-15240
-5515
-3207
-12181
-9855
-32644
21632
22650
-7047
-28550
-28809
19317
-31879
363
-15743
3965
11390
6777
6521
10618
18807
20085
29561
-22934
-22399
25981
-10881
-19081
14200
-23943
-1674
29045
-29319
-12182
25217
3198
-24193
13432
21368
32632
23157
-20619
-6535
-29847
-20095
17022
22910
20343
-22409
24952
-9100
26741
-5255
15465
-14975
29311
-12673
24438
-14474
18040
-8845
14198
32378
15721
-23679
-32641
26239
6518
-11146
21367
-26765
9589
31354
3945
-18303
-25473
31613
10613
-11403
29559
21875
-3979
12155
32105
-15487
-3713
8576
13173
-13963
-25738
-25486
-21898
-28036
14697
-15999
-2944
-17282
-13452
-20875
-31882
4465
-14987
7035
5736
-29311
21633
14718
-8589
-14732
7798
28529
-1419
-12934
7016
15745
-10623
640
19571
16756
-907
-3472
10102
-14725
-11417
8833
-1919
-28034
-5518
-10637
117
-1424
12150
-14469
-28568
23681
17026
-3714
-5519
3699
1653
18800
118
12156
-29081
28033
11907
24192
16498
-5774
22900
-11153
25719
24188
6504
28545
-29821
-2180
14705
25458
2420
-8594
-17290
30332
-5530
21633
-1149
-17794
-1168
8818
-909
17006
6006
-29060
23911
15489
-7548
5759
-2704
-3727
32115
-31891
-10633
-26243
14695
-19839
-13436
3966
-2961
14449
-31629
25710
-25226
382
-5529
-9855
-20603
6784
-17041
-14224
-29070
6765
-13961
20094
-16025
19073
-1915
-2946
30831
-14992
-27023
-19604
2167
9086
-9626
31873
8838
-28803
6255
10352
-21391
4460
19575
13437
-2970
29313
391
14976
20078
-8337
-399
5740
-16010
-21379
-6041
14209
-23929
-7554
15214
-7569
15985
30571
31095
-18050
-26265
20353
-15225
31614
-21907
19055
-31119
-6806
14199
12670
-20377
17025
29832
2432
20845
4463
-18832
-8342
-23177
8575
-29849
-2688
1929
3966
28781
-10898
-10129
-2199
-21640
29055
-1178
7041
4745
-8579
-24980
-25234
9841
-407
-7305
28287
-14488
18049
27273
-4993
-22420
26222
25969
23914
-11912
-26496
-26775
23937
-13175
-29315
-25492
22382
30064
106
-14216
21375
-14488
4737
