12160
-3710
21616
14216
16756
15234
9365
32657
10640
20632
16512
-19583
-21393
-16503
3188
19842
10134
26258
-11376
10137
-6273
-15233
12655
-21877
22131
-14976
10390
-28782
-13168
-27495
1408
-31613
8814
-10101
6259
-17278
-27243
30354
5777
-12647
-9857
-30848
25965
-2420
1139
-6783
8855
20627
23184
11673
-4225
-8321
-8596
-25714
14962
-31360
919
-1646
-18031
29082
2688
6531
10604
29070
31090
17795
-15722
-2158
-7023
15770
2432
-24450
2924
-9584
13683
-32385
-11626
5011
3985
6041
3712
10369
7531
22161
19313
21120
11415
9107
-1391
-27238
-3969
28547
23146
28049
20593
-20350
15511
-25965
2194
-10343
-3969
-22145
-32662
3731
881
-24192
-20841
-14189
31121
26521
-897
-4735
-17559
12692
-17808
24193
-106
19603
6290
-17511
1408
-31870
-31639
-21612
21360
21378
-22889
24723
25745
13722
7808
15231
25193
10390
-145
23680
-18537
20883
18322
-14182
7296
26498
-12952
-26474
-10641
7553
20887
-1134
-30831
5530
896
-15743
-19608
-13930
-11921
-9086
31127
32147
11409
7321
-2433
-31873
-23960
-361
21103
-4737
17047
25491
15761
9369
-10113
23937
-16280
18073
-19088
-31616
-26730
9618
-29295
20889
5248
-23680
-18840
-24936
12143
-25215
9367
-3694
10130
-12135
7808
-25729
23656
3482
-6546
15232
24214
31634
-1136
-28520
4224
5507
22632
-15463
9583
-9599
3478
11410
28560
10392
-6017
-22913
3432
10395
4975
19585
13462
30098
-3953
-29801
1920
20096
19304
-16741
-30098
-30592
-8555
23442
2961
31127
24192
20866
26728
-19045
6255
-32382
32149
-19823
-22897
12183
2176
-25730
-8088
-6500
-10386
-4481
24469
-21615
26511
-5482
10112
1665
-7832
-29539
22894
21120
12948
-624
3216
-9578
16256
-6015
-19864
-12132
-17554
-15487
6036
8849
29326
-23404
14208
26748
-14487
31136
26224
21118
-8046
21647
13198
-8045
8064
16002
-22423
-1891
-19090
-30591
-2158
-12145
-17522
27284
17280
20097
-8087
1694
4719
32641
8595
-3953
4750
-9325
4736
-28290
18794
13215
-16530
15232
-32622
-23153
-6515
18834
4736
-25982
-29078
20382
2415
-30079
17810
1167
23950
-32365
7552
-32384
8811
-20322
4463
28545
5522
-1906
-15476
16274
6528
12671
-27029
-30049
12143
-16769
24209
-3443
11661
-29807
13440
-24190
-2965
-8290
-22417
-4223
-18800
-7539
-8564
29073
15744
18559
25708
-31585
-5265
-30080
-24944
-17779
10379
8079
1920
-8321
26733
3232
-25745
-20353
19343
31372
2700
-29552
18304
-29056
4718
1441
-7567
11904
1678
21643
11146
-22387
25216
-9858
32622
3488
31856
7552
12687
7820
1675
-30066
17792
-14464
3439
27552
26736
-3457
1166
10891
-31606
11662
20608
32385
23663
-5474
-10640
-2432
-32627
8587
9866
-25203
10880
24958
-10129
-7521
-12176
22655
-26995
-4214
5513
-11125
6528
-27263
-7056
-31073
369
22656
-21365
7562
-28023
-5493
17024
7041
20081
-27746
23153
-2176
-17269
-21111
-3704
-21109
13440
-17794
9074
-4961
-27535
-14722
23947
4745
-8825
-26743
12160
12162
-3470
22174
8562
4481
10122
11400
31623
21897
23936
24448
28787
-8803
-31630
15488
-10615
1416
14983
-8569
-385
12157
29813
-12896
13684
14717
-16761
-16251
9094
30343
15232
27778
-28555
17309
-2702
21633
29320
-23930
-1659
-26489
12160
-2178
-21130
-28259
30579
16767
-11897
-7803
-7292
-4218
16256
-14209
31351
-21346
28531
-16258
1159
25477
-31099
22406
17280
12418
7032
20124
23156
-1664
15494
-23676
-19325
-7548
13696
26750
-31623
22428
28021
20351
6279
32389
-1660
10630
14720
17536
-17799
-26724
-12428
5247
3205
18051
-7037
-13437
6784
-23679
-30854
-10086
32117
17537
-30588
-1406
18307
28035
20096
-4483
-4997
-23397
-22667
14207
-17021
25218
-1919
-21630
12928
4225
-900
-23398
21878
-19585
-17278
129
27266
-10366
15488
3967
-14979
-15718
21624
20351
10625
-13697
-32384
28800
3968
3966
-28546
16794
119
-27266
26497
-32128
-19841
28543
13440
32641
-8833
24216
-3465
-32128
-16512
-2689
23168
639
5504
-19841
11648
21400
-1161
22400
27264
20863
31615
-21378
-9601
23678
-9087
22936
31864
3198
-22657
-14210
-3201
13951
-2689
-127
-30078
-28266
7289
-21632
-19330
-11907
-2690
21629
-2433
-28546
-16509
-11371
-14471
-21890
24446
-12675
-14468
-29830
13696
12415
-14972
-11626
-11143
6270
17021
-27012
25470
-16005
-5505
-25471
24453
-14445
-30854
-30080
3197
25212
-1668
-1414
384
3198
-2938
-7533
1147
25471
-29572
-13189
-25988
-18310
-1409
11646
-12409
-30059
24444
-22147
10362
-24199
22651
-18312
11904
-14975
8840
-11888
-12677
-32128
2427
-20614
23675
23928
-4993
-15491
26505
4754
6524
28030
-902
14970
23674
2680
-3201
-28032
-29814
20881
-26756
-28289
-14983
6521
13178
-3209
-1665
-17536
7563
-4721
26237
-28545
28537
20089
20089
-2699
11648
-3203
26764
-2673
-29827
-16771
-28040
-12680
9337
-12427
20608
-10111
-12404
-18547
-10883
-1665
-22153
-23177
21626
27254
5760
-385
4750
-25971
-29314
-8321
17527
28791
26488
-10892
3456
15998
24719
15245
383
-11139
29558
32118
10616
29812
21120
-3199
-5745
-21877
27775
-25217
-6027
19062
-31112
-8845
9088
-5251
9617
32396
-6784
5502
20596
-17036
31350
-12687
2688
26495
27537
-23670
18304
-23426
11893
-31115
-27529
27250
6528
-23679
-16750
11144
6785
-8065
24180
4725
21366
-19342
4224
14718
-13678
7816
385
27262
13172
-7820
-17547
10609
-6785
24447
-16236
7815
-23679
15998
9331
6772
26998
24945
-7297
-8831
-23660
32133
1410
5504
-2190
4724
-6795
11632
10880
7294
-875
19334
-31614
-10115
-14734
12147
6517
27504
896
-6528
-11370
5509
-7550
32638
-13199
-30862
-18828
4719
21888
-2944
-2665
-8318
9604
1920
-22927
-23694
13427
1135
16512
3454
-12903
-29309
17284
-26755
-13968
-32655
16243
6766
17024
-10112
-25703
18051
-9596
-12162
-914
-3473
26482
-10644
6272
12416
32154
-2689
27781
-28289
20080
25713
12403
-9107
10112
8574
-23653
29825
24197
-22147
-25489
-11920
28786
-18579
8576
2178
31644
-5763
23686
21631
5999
24176
-3982
-11924
384
7807
-12132
-388
29318
-16257
25967
-24976
-22671
8812
14464
-11650
28574
637
391
-6531
18030
-12945
18801
23915
3712
-11135
-22370
635
-11385
27519
-1939
-9105
23153
19563
4224
7294
-20577
32378
10120
25726
-16531
16751
6513
-17813
13696
30847
18336
17530
12936
-25475
9581
-20882
24945
29547
2176
-28799
31136
-10121
-6776
-4225
4973
-10386
-8080
-29590
896
-8836
11938
-4743
23433
22653
-27029
24173
-5522
3433
15488
14720
-1886
20087
-21111
-17794
-30868
13934
1392
1129
5504
-4736
32162
-16011
13962
19327
-26260
1134
-18065
-15000
