-385
13696
-641
10624
12928
16767
-29072
7817
15988
16512
896
25984
-3457
10880
7552
-13438
-32657
-6519
-5261
11138
11904
28800
-897
128
4736
-31359
-24210
20619
23155
-14207
-2177
-30592
-17025
-14977
5248
-18561
-2451
-24692
-9870
2177
20096
20352
-385
-7809
-3969
1411
4717
-31604
8563
-11135
-4993
21632
-13953
-5761
7040
23680
-30868
25742
13426
5762
2944
27264
-18561
-8321
3456
19584
14700
-31089
-13711
-3969
7040
21120
-9857
-2945
9344
20867
15211
-11634
-26767
-18302
22144
-29568
-20353
-4993
6528
-1921
-4502
28305
881
25217
14976
-24960
-20353
2432
-8577
18561
19562
29586
-21136
4993
-3969
-28288
-16257
15232
1664
10115
-8087
-15726
3441
-11134
3200
-28544
28287
3968
-2177
1407
-14231
20116
29552
20864
20608
-27264
-22657
1664
-5505
19330
14185
-6252
15984
-27263
3456
-20352
-28545
10368
9600
18818
-30616
-22635
17264
-14974
3712
-28800
-21121
1664
12672
29823
4201
11671
-14993
-18560
6784
-19840
30335
2944
4992
-10878
32104
3479
-13969
-28543
8832
-16768
27775
12672
1408
22401
20840
11927
-17041
7298
-2433
-13696
21631
10624
-7553
-30081
17768
-8809
-7058
21632
8576
-14464
-23425
14464
8832
-10110
-9881
-1128
-658
21634
-7553
-24192
25471
4224
6528
2944
18280
-26471
-4754
-22399
-11905
-7808
30079
9344
-129
-1409
7272
-12902
-28306
-13184
4480
-15488
25215
4992
-641
-3454
13672
-19558
15215
-13695
-1153
-1152
20351
12416
-7297
-898
31848
-13669
-9106
14208
-6785
-4480
-32641
9856
640
-30592
27240
23452
-26002
-27776
-11393
6273
-31873
13440
9088
-30078
26728
8860
-402
16258
-6017
2689
26495
12416
2944
-23426
16745
-19299
-21138
-20352
-10113
385
-30849
14720
7296
13697
7273
-23395
-31890
19584
-14977
-10112
28543
21376
8064
-19071
11625
7836
-8850
13186
-17537
1921
12159
12928
8064
-20610
32617
27038
22126
-1921
-17281
9089
28543
2944
11904
9858
3434
-8547
-15250
18305
-19073
-1408
32127
8320
11392
-4224
14698
-13411
5999
-30079
-7553
2433
12671
128
20096
6527
-19350
27551
-3218
31359
-15489
3457
24191
15232
3968
-28286
-3478
-10338
18799
-28799
-24961
25729
21119
640
3712
-4737
-15253
13215
-32145
9089
-11905
27265
12415
-129
9088
28543
25452
-865
-27793
9599
-10625
23937
24191
15232
6784
-28798
25196
32414
-10897
19841
-24705
27777
17791
13440
6528
16255
-31635
16288
-13969
7040
-10625
9089
12671
15488
14208
28288
-13971
-23394
-9617
-4993
-14209
20865
17023
22656
25984
11138
-10643
-11873
26224
-17535
-17281
6017
13695
1152
11392
-32386
-4754
22432
-26000
-7553
-16769
14977
1919
384
24448
-12928
23407
-18529
-23184
12928
-24449
14209
6527
-7041
22400
10881
17520
23710
8305
21377
-23425
8577
4735
10112
11136
-5251
-19600
-14177
-3984
29055
-25473
-640
12159
4736
10112
-17791
-18575
13215
-17039
14977
-21121
14209
6271
-129
-1153
-25216
26226
17310
-14479
-9088
-20097
-1152
5503
13952
8576
-28802
-142
-19041
-10127
30335
-2945
17537
12159
3712
7808
12930
-1165
-18018
-21390
7553
-21377
16513
-5250
21376
19072
-6529
-14988
32156
-18574
-21888
-25217
10113
6783
11136
-1153
-29057
-23947
19103
-30094
28287
-30849
3969
8063
7552
14208
-27006
20854
-2403
-29325
-3967
-16769
2945
-11138
10624
16000
-10370
22903
24733
-3981
-9857
-16769
11905
14975
13184
14208
-15233
-13704
-15203
10868
22399
2432
-14720
16511
13440
6272
-2431
7802
5789
26229
-11648
-25473
-4992
1407
1920
18816
9086
22394
-22372
14453
31359
-28033
-1152
6271
14720
6784
-30848
-25989
-3173
19573
-7041
-13697
1665
10623
11648
13952
-15999
-29829
-22375
-3979
-18048
-12161
6273
895
13952
17280
-9859
637
1435
15222
-10626
-15233
-2176
16511
12160
3968
19073
-15747
15000
-30602
27520
-13441
3457
13951
11904
4224
-26496
11646
-3432
18039
-8576
-17025
-7552
11135
10624
640
-17795
-11137
-3175
-12681
8830
-10625
-1408
15487
10112
2176
-12927
22401
17560
-31368
-23681
-13697
-128
9087
14464
-11905
-16001
-19071
-15977
-3720
-21633
-22657
-10112
3711
12928
3200
-20354
4995
-29545
-5768
29310
-23937
-10112
3455
11904
9856
-6271
-24957
16277
-28295
-21632
-14977
-4480
3967
28032
-1153
22654
901
-7276
9082
7039
-27777
-7040
7295
9600
7552
20607
-4219
29845
16506
-18050
31615
385
2687
18560
1664
-20351
1670
29843
-13190
30848
-21121
-17792
-386
11648
-1921
-17283
9095
-29807
-1670
-29570
-19585
-23424
5247
8576
8576
15488
-27768
21394
-29573
-3458
-24193
-13440
14719
12928
-9345
20097
16521
12176
26492
21888
-21121
-8832
3199
-5761
3968
-11395
-6518
-31087
-18564
-31362
-21633
-21376
25983
3200
-1665
-8832
-28533
17295
-8324
-641
-14721
-22912
17023
8064
3968
-25984
32140
-30578
6526
-21889
-17281
-14976
2431
5504
5760
9854
-18035
21135
11134
6782
-16257
-29312
23167
8832
8832
-19839
17294
-10100
-25218
28799
-30081
-31104
22911
1664
10112
-28801
14991
-7285
22655
-27266
-23681
32640
21119
-8833
17024
19838
-3952
26764
27263
-3715
-19329
-28800
-29825
-2945
128
12930
-21104
19847
8320
8320
-24705
14976
19839
-2945
-12673
-7554
31121
-26231
5760
4735
-6017
31360
7551
4480
-385
-26241
-17518
-3191
-8832
-24194
1664
28288
-28289
-385
6784
-1919
25491
-26490
24961
-23169
-3713
23424
31615
-2945
-14721
-14723
-8812
11655
-18559
894
-21377
18816
23167
2432
384
11904
-10347
-24442
-1151
4990
-13441
13952
26239
-1409
12160
-22399
-363
-20604
-16510
12160
-9345
23680
-31617
-641
5760
-1923
-26729
25989
4739
28797
-13697
24704
-28545
8064
19840
-4224
-18792
18307
-13693
22398
-14465
10624
-13953
384
9344
-8064
-22888
13185
11908
27007
-18561
9600
-15745
-9089
8576
-3203
31898
12673
-26748
-21379
-25729
5504
-18817
7296
-2689
-4479
24730
25984
15237
2176
-19073
4992
-23169
-4737
3200
-18305
27547
21376
-20091
14464
-20353
14976
-19329
7296
2432
22910
-26468
-5505
-3963
-30083
-17281
12928
-20097
7552
-7809
-23423
-28004
6268
18310
-2689
-8065
11392
-10881
10112
16000
-14722
-7267
-31876
-4474
14975
-19073
9600
-21377
5248
-129
5503
-18018
-4741
31879
31101
-28289
-2177
-12417
9856
11904
-21631
1951
20345
5256
-6785
-14721
5248
-27009
-10625
10624
28030
-31584
14714
-30584
-21379
24959
10368
-5761
1408
-897
-6273
18337
3193
-8824
-6019
-22657
-5505
-4481
-13953
9600
2945
15010
5493
-25463
17534
-6785
-1665
-9601
7552
3200
-3715
25506
-28297
27785
-3203
-18817
-2689
13184
-9857
14208
-17280
4772
-13195
16778
12415
