-25977
-11142
13688
22912
4496
-8835
-30850
-23904
9345
19584
-18553
24954
-28807
-31870
-18287
895
-1920
30114
7553
-23936
5001
11130
17016
17538
-11632
-21122
21117
30624
8065
29568
16010
-27527
-6027
31360
-20590
-25217
24448
9891
15233
-32640
-1142
23417
13943
-23678
26770
-1922
-13697
27042
3201
18048
22924
2425
-7820
20353
-22637
1920
8576
-349
385
25984
30349
26744
24691
26496
-13678
25983
21632
23203
24193
21120
26254
25720
-29580
-25982
29587
31359
-17281
18594
29825
19840
20623
12152
6002
-4736
-2157
13952
29823
-21341
7297
20352
-24432
-31369
24945
-1152
-28013
4480
-15487
-3165
9601
12416
-31599
23415
-14735
23170
-1132
-30848
-27263
14500
7297
15744
-26222
-1930
17007
19584
3220
12160
-6785
7843
9089
23168
20115
-1418
-17553
19841
5268
-1409
-7808
26018
6785
18816
-21869
-7818
-30097
11650
20885
-15232
-9600
-13405
16513
12160
32661
-32394
9837
384
-16493
-5761
-7297
10914
15233
15232
-18795
31862
4974
10625
8084
-22657
-22656
15778
-2688
26496
6038
21622
24941
20097
-14700
31872
-18816
27298
7553
16000
-11113
10102
17515
-11393
23444
10112
9344
32417
22913
16000
-26985
9590
-660
1154
23189
14977
-20862
6307
5761
30848
25496
1142
8555
-2176
6548
6273
-129
17825
18817
13952
-23143
-20363
-15767
-12929
2452
6272
30592
2464
3713
10880
-10855
-24459
22891
898
-11118
-16257
3967
-11107
-3200
2688
22426
-25995
28521
12928
-109
30848
-29825
-15713
7041
128
9883
19573
-21400
2944
5779
-2433
-128
10142
-128
896
24730
18293
-25751
-19839
8084
-20608
-18816
19615
14977
128
-357
9077
32615
-26241
-28525
9601
-27520
-22626
13697
-3713
23708
15221
-1177
-28032
-31598
15744
15489
-21603
22657
-641
23196
-23947
29544
-3455
8594
6784
-1666
-12389
4225
4480
8861
14965
-28826
-31873
8338
-23424
-30080
-30308
9345
-897
4253
8821
-26265
-2944
26770
-3712
-19070
11164
8833
1664
16285
22901
26215
-9344
-32366
-27007
-11392
-18021
-5248
-1665
31645
-14732
-11931
6015
145
-26752
-17025
17817
8833
7296
-28515
-4236
29799
14209
16529
3713
31105
19609
3969
11904
13725
13941
-19866
-28544
-26735
-20607
-26240
666
1665
14464
-4451
20341
16741
14719
6544
-10368
-22143
5016
129
12928
-30819
-28811
-7322
2433
16528
1921
9089
17303
7809
-3713
3486
17781
-29083
-17537
-8304
4226
31874
665
-2944
5760
29086
24949
17765
-1409
29839
18049
23426
11414
-9088
11136
24989
-17035
7015
-25215
-2162
1921
17537
11158
-1408
7552
-1891
-16267
18021
-25729
15247
-32127
-7808
-18539
-7808
9600
6302
27509
-29595
-5505
-2164
-10368
15489
17043
-4480
6784
18844
-9355
9319
1409
-115
-20351
-25728
20883
-17024
19584
28829
-8331
31077
-6530
-26483
-28287
22400
-22383
3457
7808
-8548
6006
-15770
20352
-23156
-26495
32386
-21103
-19840
12928
24475
14710
-5786
-25984
2956
-27519
27264
-3696
30592
20864
8861
15478
29541
-27778
-24181
-25983
-30079
5776
-13952
5760
16795
25462
26471
-26496
22411
-11903
13442
-15986
-12928
6016
-26725
-11402
6247
-27520
27786
28033
-22912
5262
-22144
-7041
-14949
-13450
17510
7551
27530
-20607
-2175
14477
-29568
896
-12646
-6282
4200
-4224
3722
-8063
28034
20621
-24704
-4993
6042
13431
26983
7039
-26488
18817
31872
-8565
-27776
-6017
-15463
-18313
-29081
6527
-20089
6273
25217
18314
-29056
-8833
31127
22647
-32663
-30592
-378
9089
3201
17545
27008
1152
-11624
-18825
24680
-898
-14457
-6783
5249
-4984
28288
-897
26008
-12937
-10904
12159
-27258
31873
24450
13704
31104
384
28566
29048
-32150
12160
-11643
-31359
2177
25479
14464
-7041
150
24696
9577
16254
8068
-15488
13439
2693
-27520
-16769
11670
-8584
24426
6528
-29052
-7807
-23165
-15227
20352
-9857
6804
24441
-23701
32384
19587
1921
27775
23940
18304
-4993
-9580
15993
19050
28030
13955
-27007
-1919
-30077
15744
-7297
30611
-28295
1132
9344
-28286
23937
2434
-31102
6016
-8321
-10350
-13447
26476
-31873
19074
-17535
-9088
9346
2944
-11137
-25710
11386
620
22398
-21887
-14207
-3455
-7552
3200
-11137
2705
25210
4206
24192
-11648
28545
-17791
17280
14208
-897
2193
-26758
-25235
-1922
14209
7554
13953
-12673
-5505
-12929
32144
2427
30573
23166
11136
-13951
16259
31871
20352
-18817
-24179
15995
10352
30592
-4226
22145
4481
5758
-1665
-22913
-883
-3205
23407
-16002
20350
14977
1408
-18820
-1409
-11393
19085
2940
15728
4223
12414
-22399
-12158
-26500
11136
-21377
-18806
-22660
10098
-25984
-21636
26241
20352
11387
-22401
-16001
28044
-24452
-18064
-9603
-25731
-127
2946
-13958
-19841
-15745
-3190
32636
-6031
14207
32124
-28031
-17022
3962
-24961
-18817
-29561
6781
-12685
7040
-24965
-22911
-32128
6009
-29313
-13441
-19831
-29315
29554
16766
6523
-26495
-28799
21624
-16769
-22401
-25722
-17795
29812
-11905
-19846
-29823
-28798
-25225
-18561
-20097
-27001
14462
1909
-27265
13946
-30847
-1408
-20106
-25729
-20865
-7803
22910
23924
9086
-6279
-1920
10114
-25738
30335
-22657
-30589
-642
4983
-30336
9081
7297
6017
-18316
27007
-31105
-22398
17279
20855
14463
27256
18305
-29312
-652
-32385
-32385
17283
24959
-16778
-32130
31095
3457
642
-31884
-32641
-29057
20864
-10625
18297
18048
10615
2945
27264
-12174
32639
29311
20864
13184
-24968
-31362
887
-21375
-25216
-17550
-32129
-26753
30591
20608
14201
127
-12683
-7296
-31616
-18064
-20097
32127
894
1921
23931
25728
-2443
17793
29824
11377
30335
-13441
16509
7041
18554
20606
15220
-26240
-898
-2961
29823
-18049
-10628
27265
27515
19071
-13964
-4736
-15743
-17041
19583
-14977
22394
-23423
24957
12672
12148
13185
-25472
-32145
17023
-19073
-14982
-7039
11900
24190
4980
-23935
-13696
28782
28031
32383
30328
19074
27006
16000
2420
27009
-23423
-26514
30591
-24705
10872
-32126
4479
-17281
-29325
-31871
4225
30318
30079
-27777
28791
-15998
-14467
-9347
8050
-9344
5249
16237
25215
30079
-2700
387
-13440
-1153
21874
-7040
7809
-14740
19071
-28289
-30860
-26493
-384
9599
27762
-29823
19072
1645
1407
-18817
-22668
28547
-30336
26238
9841
-19584
19841
28011
26239
-15745
-144
19332
-22909
-25472
30833
-32383
-29567
-23957
3199
-16001
-19087
26244
-22398
31358
-28815
18305
1153
-26261
4991
30335
-10129
21380
23683
-10626
-27536
1921
-19070
-7318
383
25471
-30610
2437
1414
-27264
31600
19585
12673
-30614
1919
-21889
-15762
27269
-14204
21374
9584
13185
22144
5738
11391
27007
28781
-28539
9862
-26753
20591
10881
7809
24937
-6018
-18049
