24445
12960
8321
23680
-2177
-26241
7552
8576
7296
-26244
13952
30370
17281
23680
-14977
-20097
2432
3968
20864
-8577
-3456
-1886
-8832
27520
-7553
-24449
1920
-7297
-641
-27778
13695
1187
5249
-25728
-6273
-26241
6528
-20097
9600
-16260
20864
4258
18305
18048
-9857
-29825
2432
-2689
-1153
27520
-16001
-2911
7041
16512
-3713
22911
-641
-5761
4992
-8579
-1409
7332
14465
12672
-4993
23935
3968
-10369
-1921
-25475
11646
-27743
22401
12160
-13697
30335
1408
4992
-6017
26751
5761
23972
3457
23936
3200
-32129
-1409
6016
1920
-25219
31614
-14686
17537
7808
7296
16767
21376
-3969
-10113
-32642
29824
27297
19585
15744
640
25471
8064
5760
-12417
29312
-32129
12451
-13184
20352
1152
19583
-6529
1920
-2433
-8836
-14464
-15453
11137
23168
2432
22655
18560
1664
-9345
32639
20609
-7518
14721
18816
3712
13951
20608
-1921
6784
1152
-32129
-20831
9089
24192
-3457
12415
21376
-9345
4992
-1412
11906
25763
10369
17536
7808
383
31616
-17537
-6017
24704
14208
-32608
2945
25728
-1665
4735
21888
-4481
-9857
-7042
19839
-12127
20353
10880
9600
6015
16512
-2177
-24449
-15749
26496
-1376
21633
13952
8064
-6018
31872
-2433
-18305
-11392
22144
-27744
8833
15232
384
7039
27520
-4993
3200
1150
19584
-8800
4225
10368
12160
6271
32384
-4737
-21121
-19843
-27262
20384
6529
6784
9088
-12930
-27008
2944
-29057
-30080
-1664
29343
12161
7296
2176
8319
-25728
384
-19073
-3716
12160
-2913
4993
-897
-3201
-130
-16000
-5761
-1921
28286
27009
-3171
5761
4736
-7041
4479
-17536
1152
-13953
26496
-6016
14495
-6784
-6785
16000
6783
-23424
2432
-18305
-2692
2177
10142
20865
-1409
6016
-9858
-5760
640
-7553
-27009
14211
6046
7297
-1409
10112
5247
-14720
10624
-6273
23935
-30080
-11108
7809
5504
18560
4479
-27264
-7297
-11905
12413
-11391
-30308
15745
-12673
12160
383
-5504
4736
384
27776
-6015
9115
3713
1408
2432
-7042
-18048
4224
-14977
8063
-9601
-9574
4993
640
3200
-6786
-21120
-2433
-16001
18045
12673
26009
7809
-6529
9600
-7810
-13696
13696
-20097
9089
-27776
-20841
641
7808
1664
10111
-18304
2688
-15745
-29058
-6785
18584
-6784
3968
-1665
5503
-15488
896
-17537
1150
16769
20631
17281
6272
16768
16511
-1408
4992
-3713
8577
-129
6806
-6784
14208
17536
2943
-5760
896
-32385
-30851
-22913
16790
3969
20096
21888
1151
-7808
1152
640
29566
-28797
-4714
11137
10112
20096
1151
-7040
-8833
-385
8577
-21375
-2668
-13696
-385
13696
10879
-9088
2688
-9345
13693
26496
-5998
-5248
16512
17024
4991
-5760
-13185
-8833
-27521
-15998
24723
-10880
7296
4992
3199
-9856
-15489
-5761
28800
2690
10899
-10624
-1153
9856
-16002
-15744
-3969
-17793
5501
8065
30353
-9600
15744
14720
-16002
2433
-11137
-12929
-31872
-25982
-32368
-28032
16768
14976
-1410
1665
-14721
-13953
-19329
4993
14992
30336
7040
7040
-3970
-15744
-5761
-17281
-26499
11649
-25970
-17024
10624
15744
-12674
-4224
-17537
-1409
29825
-23935
-24691
-11136
2688
11392
-9602
-3968
-10369
-23169
27006
-11648
-1139
-25984
4224
640
1151
-17792
1408
-1921
30078
-14718
-8308
31872
3456
6272
-16514
-1408
896
-17793
-26239
14210
-9589
-31360
-12161
9088
-13954
-14976
3712
-14721
14718
-17279
-30837
-22144
-9601
-897
-11906
641
-4993
-11905
12159
-27263
10121
-18048
4224
25216
-11394
8833
128
-12161
22401
-13439
-9336
29312
-2689
25728
-4994
-18304
3968
-5249
-21891
1921
-19577
23424
-7041
12416
-7810
-9600
-9345
-21633
-3713
9603
-21881
17792
-15233
12672
8575
-2944
-12929
-7809
-18304
-14463
-9338
-32128
-21889
21632
-1922
-14976
6528
-18305
-16259
-19584
28037
26240
-11649
27008
-2690
1921
-1153
-7553
-14720
-25213
16005
26752
3200
25984
4479
-12672
-8833
-15489
-31616
22400
20611
8576
-6017
29312
5759
-4992
1920
-19841
31101
-9855
15747
2944
-8321
-29824
12159
-8832
6784
-31873
24961
32641
-17791
14464
-19329
28800
7295
-4992
6528
29055
-19073
-6785
-14208
7808
-10625
28288
13695
-6528
10880
-17537
20606
28547
24961
5248
-13185
9856
-4226
7809
1920
-25217
-16255
-25470
-30593
7040
-1921
25984
12671
-18816
6528
-21377
-22658
11650
22399
20352
-12161
15744
18815
-19584
6272
-26497
10111
31362
-5251
1920
-30849
8320
28287
-8320
4992
-25217
-22399
6018
24701
-1921
-15489
15744
16767
-20352
6272
-21889
3198
15490
-15236
-17537
-25473
22656
10623
-26496
-5761
-18305
23680
-24701
17020
-18817
-21889
20608
21631
-16512
-641
-18817
18305
-7039
8315
-14465
-21121
12672
29311
-17280
-3969
-19329
12158
-5758
-28550
-23425
-13697
11648
-30337
-15488
3200
-17025
5761
-12414
13177
-22401
-10881
16000
17023
-12160
-3713
-12673
-4992
-9857
-21385
-17537
-13953
14720
23423
-23680
7808
-17025
25214
26241
23415
-16513
-30337
20096
22399
-20352
-4225
-18561
-20351
-15231
6518
-29825
-23937
14464
30335
-24448
-7553
-9089
-16513
10368
-32139
32639
-19073
14976
27519
-25728
-14209
17024
-19842
-4223
-12172
29055
-27777
19584
21631
-23936
-6017
-16001
5762
-18559
-13708
23423
-26497
21632
18047
-30592
3200
-28033
32127
-28288
-8333
27263
28799
27008
25983
31104
-15745
-18305
30591
25729
-13454
-25473
-28289
21888
-21889
-21632
12416
-12161
11138
-32127
-30094
-30849
-28289
23680
27519
-21888
-15233
-20097
23678
29057
29554
-28545
31359
16512
-29825
-12416
-4993
-28289
8064
17025
-5776
-24705
-12161
9344
-27009
28032
5248
-6017
-6015
-10624
-23696
32127
-19585
19328
-19585
28544
-3201
-10369
13950
7297
-31376
15231
-14977
29568
-14465
-25728
-4481
-9601
18817
-12160
-13202
24959
-30593
23936
-2689
-26240
3456
6528
-384
8064
4975
16255
-24193
9856
-15233
24704
2176
-2177
-26498
12930
-146
32383
-20609
15744
-8577
28288
-13185
-6529
9858
23937
20333
28031
26495
9088
-21377
-31104
-11393
-3201
28800
-22144
-6291
11135
25215
-1921
13696
-31360
-10625
-5761
-18306
17537
-16276
-29825
-32641
2176
8320
24448
3968
-7297
-383
9601
13164
1151
-23169
3200
24448
17792
16512
1152
15487
25985
9580
24447
-20097
3456
5760
9344
11648
2432
17279
-23168
-3478
2687
30591
7040
14208
14976
2944
9856
14722
-15488
-8854
14975
27007
10112
12160
14720
6016
640
-16770
27264
-13718
-2946
-29825
-4481
17280
7808
-10369
-5505
19072
-21120
19305
2175
-18305
-641
24704
13696
1408
-9345
2946
-2688
-10902
-5506
31103
1408
18816
3712
-129
3456
17278
-21120
-4247
1407
-23169
13952
28032
14464
-2177
896
24961
