-11161
1920
7809
4215
21621
21621
16240
7558
-6267
-6019
3945
27263
-26495
6008
-13962
-1162
-14996
18566
20872
22911
26472
-5505
16259
-22408
-23434
-13194
27756
-28282
20361
12159
-12184
-31361
-18045
19577
-9610
-8842
-1429
-5754
-27256
-26499
-21911
20351
-12669
-19846
-5769
12408
28009
4231
7819
-28289
21353
-16257
-22139
27515
-14728
-18824
23400
-20089
-20085
-11906
24170
-14977
-15227
-20357
31609
26745
-922
136
-29301
7294
-13975
-25220
-19580
4731
14457
13691
-5533
903
-20083
-32130
-20373
-129
-7289
-3459
26491
-4485
357
31112
-30067
12158
-27028
19071
-26745
-30082
-28292
14717
-12701
-28536
8334
-21634
-31124
14719
22152
12159
-27268
30333
-19359
-16760
-18288
3200
16237
9343
-13175
9600
9341
-17795
-4254
-7544
25231
382
-2195
-19586
-31863
-16256
21374
15743
-6049
20105
14993
3711
4462
5503
32650
-30335
31358
32126
-15521
-15223
-13934
7040
-3730
-4226
-19317
30338
17023
-27008
30047
-29559
4753
-12419
20336
-16770
-7285
16771
11648
29568
22877
3978
-28013
27263
-14481
-6018
25484
-26493
-10368
1409
-20899
12682
32660
-29825
14447
-26500
21387
31618
23167
28032
-19107
17801
29842
-6788
30834
-5250
-18803
-24955
-29310
-126
19546
-19830
15766
21120
-3982
-27266
-30834
6534
-5246
21380
3419
-31862
-12395
5247
15732
29310
30350
-2938
19844
15493
-30119
30090
3221
29054
-16780
18814
10638
-21881
7045
6534
-19368
-26486
22167
27776
12404
-31618
-6770
28295
-27772
6533
22874
-12662
-31594
-4738
19574
-20354
17296
-22904
-6011
3462
-11688
-10614
18326
-1154
-18827
-4738
-13681
5001
8070
-31099
27480
-10102
-25192
-11648
29046
-6530
1169
-24183
-20346
6023
5721
-2678
2455
-24962
12409
-32386
-22639
-3958
12168
4488
-7082
-5238
152
32639
-26504
3709
-17520
-22390
19592
-11896
20311
-24694
5017
-17537
26234
17279
-28782
9868
24969
13449
-9898
3467
-19049
-26242
5242
28542
29585
10380
12681
22665
-13483
-10102
8857
-2177
-5510
-31362
6802
-12404
28298
-17525
-5803
-3446
2970
16000
-16261
-27778
31122
6029
3210
-21879
-19114
139
6808
-30850
-31107
5246
-1134
12942
26763
11915
-11180
3211
-26982
-21376
-21891
-29570
-4462
28302
6284
6540
14421
-7286
-13159
1152
-3202
24702
26259
6799
-22388
-9844
15957
-2422
-9320
-13442
11135
6270
28307
-23153
-10356
-7796
-17324
2955
3739
-17024
-2945
-28546
-11885
23951
21133
8078
32085
-5494
-5223
-30593
32128
29564
-22125
6032
1933
26253
12117
18570
21913
-11650
-10879
17790
31124
17041
-13170
-17778
-28843
-13174
29339
18305
20609
1918
-18028
-22896
6286
17038
31575
-22390
26521
8319
21379
-5763
24212
29841
-10354
32142
29269
21898
-5991
-3457
6787
20862
13204
-22639
-1650
13710
23382
24458
13979
4225
-18813
18558
-18028
-14191
655
-20081
-16298
21130
4505
14975
-25979
-3459
-6765
-17518
24208
-20848
17750
6282
31130
25728
-1916
-5251
-20588
-7022
26000
-20337
19287
-3447
-32614
-15232
-2938
-1667
-13932
14483
-14192
8337
7255
-20599
31128
1407
-30073
-7299
-20077
-31597
-4975
29330
27990
29065
-32102
2945
30854
-19332
8340
1427
3985
1681
27736
7817
13977
-4993
20105
31870
22676
-621
15506
-30574
-32680
-12152
3736
24447
-10103
-19587
-32620
-30316
23186
6289
-1961
-1400
-615
19585
-24183
382
31636
16020
13202
15762
-15782
-21880
11928
-4225
-26741
-3203
17044
-14700
-9326
17298
858
8072
31127
-31105
-26741
-387
-14445
-21612
-20846
10899
30042
22920
17305
-29567
-16245
30590
-1389
-24684
8851
13203
1116
-7033
22422
-29313
-28020
22142
23955
149
-4462
-30319
2652
-15481
32150
13696
24462
1662
-30573
15253
18836
3476
-4517
32135
-24937
-30847
14734
25214
-27757
-12908
-13678
19346
31325
10375
-17772
-26753
28046
-13444
659
-4972
11155
-10607
-21923
-1402
-1899
-14208
23440
-12418
-13165
-363
29844
915
-6306
-6522
-4459
24705
-3953
27518
17554
-1644
1428
7059
-11681
29830
-29549
-26241
15248
6526
6034
23701
16020
-22125
16992
9606
7061
25729
10897
26750
13458
-23147
-13676
28563
14177
-5755
660
-20096
-1647
15742
15761
-1388
-26732
18069
5986
-28027
7058
-24449
-11374
6782
401
-29547
26772
-15725
-2463
-32379
-20077
-16511
-14703
-31874
16785
-25964
14739
-12143
18532
30085
-13679
23424
-22125
7806
18576
13205
28564
-25452
22884
-16508
-20848
-9089
-12652
7806
24464
29077
19093
27540
-12956
-23932
19346
-16511
-878
-21379
11664
31124
-14957
7315
-11418
9860
30351
-14721
23957
-25218
25999
-21356
-10604
13203
21350
-13693
-30065
-27520
3477
31102
3215
-31084
27796
-31853
-30617
-24445
5776
-23167
18325
-20610
-29297
-32620
-3693
-30830
-23704
29571
32653
-24961
2453
27774
23694
20372
-18541
-31854
24937
2691
654
-3200
-3691
29054
-9587
10132
-25197
-6510
-15254
-18814
32141
18305
-26986
-27522
13965
-19821
30099
-109
16236
4994
18059
27263
-31594
-31618
-6516
-32365
-18542
11154
-18324
10370
24716
24193
-31082
-9858
30604
5011
-12910
-21359
-2963
-30591
5515
-7808
-21098
-15490
-1141
-22638
-26990
-3439
-4754
28545
17545
-21889
27798
-14467
2699
11410
16530
31889
-21393
1921
-21110
-17791
23447
28031
-24437
19602
11154
29073
2161
-2176
-2168
-23424
-15721
-28546
-25206
-3951
8082
2705
-28559
-22400
-32377
4480
20120
19582
-7543
9362
-25966
-12144
25202
9856
-3704
-10879
20632
-10114
-13431
20625
-11375
30865
15987
-16513
4486
5504
11415
-19586
25480
17296
19857
-20337
20340
-22913
-5243
24704
4761
-24706
-6264
-9072
-11631
20113
22901
4735
-28794
-13695
-18793
-7298
-2425
-15729
-2672
-16240
-15754
-6786
-22909
-14209
-11368
-25730
15751
-1649
18833
18319
3191
23678
900
-2176
11161
28798
-12409
-29809
-28016
-5489
-31368
21118
4484
-20607
29848
26494
31622
29582
4496
-23921
12410
-11907
385
-28033
-6503
-9602
-17531
-2162
-26480
30608
12410
31869
-32638
-24959
-4201
6527
-27003
-12915
9359
7822
-4485
-22403
13441
19329
-13416
10879
-20348
22413
-31090
-7283
26492
-900
5759
-22657
20633
-10114
-31101
-6516
-10611
17548
11389
-132
-26240
-7295
-14696
15743
-24189
-29044
13454
-23155
27518
19068
24190
-15488
32152
127
-26494
1676
8845
6028
32127
4220
9853
5760
-4712
-1922
7298
-13173
-1140
-21108
8576
5244
-27010
-4735
12951
28799
-12927
26250
14732
2188
-9087
-31621
30587
21632
-24680
5503
-2944
14474
20620
-29301
-13182
8059
12667
-32128
-8041
6527
-5248
5514
16779
-30326
-8829
-2950
-4997
11394
-3433
-21889
-22656
28041
-3190
5002
-636
-6278
31609
1920
-1129
639
17023
-1912
21131
25482
-10619
-31110
-19335
8321
