-20113
-3967
2434
24425
3711
-32129
4480
6784
14976
9088
-16786
-2944
-18815
5737
2431
30335
7040
24192
-12673
6784
25966
23937
6527
-921
-21378
-13697
4224
-32640
7296
-1921
-24722
-29311
-31359
20584
-12930
-16769
6528
27264
4992
-15233
25453
-5504
19329
-12953
-12930
-32129
10112
23168
-5505
-1409
-18324
28032
-28290
14951
-10882
-29825
3968
17792
-13697
-7297
2669
19840
19329
-28824
-2946
27263
3200
21632
-2177
-2945
25450
-10115
11389
3430
-18306
-28289
3712
25984
-18561
11904
12653
7297
-14209
4201
-29058
-15233
7552
-29056
-19329
4992
21868
-22912
13185
-1689
-18050
-24961
11392
-28544
-1153
16512
-10644
-30592
-30848
-28568
-16770
-28033
-2177
-28544
-21121
5248
23660
-26240
28287
12647
-29570
-21889
1408
-25728
28799
640
9836
8320
20609
14952
-27266
-22145
3968
-17536
-18561
1152
-4501
-1409
-10882
-1433
-19842
-13441
-2433
-19328
-30593
1152
23148
22912
32128
21352
-25986
-13953
-129
-24192
-23937
1664
11627
7551
-23425
13672
-26754
-15745
5248
-14464
-21633
-7041
9068
-20353
31870
30056
-29314
-14465
1408
-13440
31359
-6785
-28312
29308
-20613
-31130
-11906
-21377
6016
-17280
24191
-897
-22676
-4481
-26496
-19094
-19586
-23425
-6529
-23680
-31873
7040
-17812
-8833
-12674
15978
-18562
-17537
-7041
-14720
26239
3712
5741
17024
32640
8299
-19074
-16257
-3201
-6784
20351
6528
-2708
4992
26753
-21141
32126
-27777
-5505
-13440
30847
-1665
-6548
-6529
17023
21356
-16002
-27521
-6273
-1152
-30849
13952
-14740
30079
-1666
3179
-11138
31615
-7041
-1152
-27265
5248
-21139
-32641
-19842
30572
-20354
-12673
-13953
-3712
29055
9344
17260
-8066
-6020
-30100
-14210
-23425
11392
8577
-30337
16512
-6036
14975
-20865
31853
-9858
-20865
-7041
129
32127
10368
-26261
6525
20603
-13973
-21890
-27265
-10113
2177
21119
9344
32366
-19841
-14978
15471
-898
-16513
-2433
2433
21887
8320
2670
27775
-24193
25711
-3714
-28033
-10881
1409
-27009
12928
-19346
16255
-22402
-7568
-5506
-11649
-16257
4481
15999
12160
22639
-14209
22143
-12432
6271
-3201
-16257
-2944
15487
8576
-1682
15487
14719
-5264
-12930
-8833
-11137
7809
22143
21632
-25744
-15233
24447
3187
895
-385
-16001
19585
9087
6272
31855
-5506
12671
-29838
-386
-7041
-13697
22657
23935
11136
24176
2687
-10882
7027
9855
4224
-13697
24449
28287
10112
-3728
-18049
-15234
-7564
7039
6272
-13953
27265
14207
11648
4207
-4484
-13444
-13453
15743
14464
-7809
25473
26751
13184
-1423
20863
-18562
-27530
11647
8576
-10113
11905
7807
16256
6257
-23170
-18051
-7307
17535
6272
-6529
21121
18303
11136
4466
-1666
-16257
-24714
22911
20096
-8577
16513
11135
-3457
27506
-2434
-28546
-14984
15999
8576
-21121
14721
2175
-9089
24691
6783
-30850
377
22655
9600
-21633
7297
12671
2944
7283
19326
-13954
-7304
21119
15744
-27521
129
17023
-2433
-1165
-11650
-1923
25978
20351
20096
-16001
22657
8063
-10881
-140
21119
-21377
-27013
17791
16256
-19585
4737
8575
13184
31605
-1154
-7553
637
22655
13696
-7041
14721
8319
2944
23669
-25731
-28548
-4740
-31105
13184
-24961
9601
4479
10624
-14730
-4226
640
-19329
30079
14720
-31361
14721
3967
16000
11640
21887
30592
641
27263
17024
-25985
-1920
7039
11392
27767
26750
-4228
5247
-26241
7552
-19329
-10624
-10114
10112
-2697
-26242
-24961
-20096
-22657
12160
-30337
-8320
15999
14464
11641
23678
21630
-4735
3968
22656
-4737
-11904
19839
13184
-2696
-27522
17277
-2943
-25217
26752
-11393
-4736
2943
7808
32633
14206
-15746
-20351
-22913
23168
-31361
-4992
13695
4992
17786
-6786
7550
12164
29311
14720
-24193
13953
11903
4224
28539
8319
-27266
-18044
-129
3712
-18561
-3200
11647
17792
19834
-16772
-14979
-2428
-4737
20352
-12417
-2176
9343
3200
28796
-2178
-1923
-32377
3968
27008
-16257
-1152
1407
3200
12669
27262
27774
8839
-11649
21376
-19329
-5760
16511
6016
25725
-387
2431
-4985
-21377
25728
-8833
2177
10623
15232
-30850
-9346
17278
-24950
-8577
22400
-8321
-6784
18559
23936
14718
11902
-28034
-19575
-641
17280
-7553
-2944
15743
18304
-32641
9599
-18561
-20340
-4225
24192
32127
-13184
12159
12672
25215
13950
-32132
-1142
-1409
30080
-19585
-15744
4223
19840
-4737
8062
-28289
27533
14720
25984
-18049
-4224
19327
22656
7553
31870
10367
14989
5760
6784
-22657
-4480
5503
23936
7808
-900
-25221
-31091
15488
-30592
-19585
-13952
2431
15744
-27518
-3970
-19328
-4976
5760
21888
-18561
-15744
4223
10624
-6014
-16258
28286
-18800
5760
29312
-11905
-9600
4735
11392
25731
30590
-19331
29072
18560
26752
-20865
-13696
11135
1408
-17021
20862
-4227
-19824
5760
28544
-24705
-12416
19583
6528
-18812
-10626
4478
29074
10112
-27776
-18305
-31360
20351
4992
-21372
31614
14463
-4718
26240
29312
-11649
32640
21631
9088
-15740
14462
-25474
-17007
27520
15232
-23425
-30592
19327
7040
-27770
-12418
-29058
-17260
22144
23424
-27777
30336
24959
-641
23429
-21891
-20355
-4974
30848
26496
-17025
28800
22399
-6017
-8827
-30339
-10371
5781
21376
16256
-16513
19840
19583
10368
-13690
2430
-19843
2710
29312
20864
-11649
9600
23935
9600
29064
13695
19328
16023
27264
15232
-17793
17792
12415
9344
26248
-19842
-3201
3736
-25216
18816
-12161
-32384
-24193
3456
-6776
-25218
9342
-7272
-8320
22656
-129
21376
-22913
-8833
-120
20350
-27521
-3944
-14720
22400
-12417
22144
-18049
-1921
-7031
-22914
-24707
9112
-9344
-30848
-17281
15488
18559
4224
-119
6014
-7811
17817
-16256
23424
-9345
25728
30847
13696
-32630
13950
19583
29594
-13440
32384
-7553
16768
-25217
-1665
-30580
7807
27518
-31589
-20608
23424
-11905
19328
-23169
-3201
139
2430
-15746
24731
-1920
-25472
-19329
9600
-17537
6016
9101
-6018
-9088
-22883
7041
-21632
-24193
10880
-11905
-1921
-26740
-27010
-387
-28517
-2176
21376
-26753
128
-16513
-8065
-24436
-29570
-20098
13724
-4224
28800
-27777
27776
-5761
-4481
28301
27774
26751
18077
10369
21376
30591
23680
-23681
896
13455
-28545
6783
1183
-1664
-22912
-14209
13440
-18305
14464
-28018
3967
-5249
3486
11393
29824
-19073
-2945
-18049
10624
-28785
21119
-25729
13471
-8832
23936
-9089
9600
-18049
2432
-4466
-16514
-131
-8290
9601
16256
-17793
640
-16257
12672
28559
-10882
-14209
14495
-2176
-30080
-18305
6528
-11137
-2177
3472
-8578
-29569
14752
-7296
-31360
-23169
7296
-8321
-4225
-10863
17280
-20352
-23134
1921
20864
-14977
-11649
-6785
-5505
28305
-13185
17281
-3679
9857
25472
-10113
-8321
7808
-129
