11914
31369
-21369
-31366
8824
-16256
30864
31614
-21123
25504
27529
9608
-19576
13178
3193
-28798
-15727
-28034
-7297
4001
25480
-7545
-119
2426
-22665
-1407
10641
25214
28029
-24416
-8057
11654
-1910
9593
19061
-25216
10899
-28801
-7296
12451
-7033
-26745
25483
-8840
22390
23426
11923
26751
14464
29602
-3706
30086
-4212
-1416
28020
7041
-24430
7807
-29570
31394
15750
-3451
14990
22904
2931
-19072
-8302
3967
14975
-13664
-4731
-31355
13710
27256
12660
-28798
18580
20096
21376
11683
-21884
18052
14480
8056
28529
-9088
-5484
-18304
897
-5724
-11645
-17789
27025
-32137
-4752
-896
-21102
20863
19328
-24927
-30845
-14206
-18799
22903
31857
25474
31380
-641
18048
-1886
22402
-7551
14995
9335
-10642
16768
917
-22400
9345
12196
-31103
12417
-5997
119
16751
8065
6292
20607
14208
-863
30080
11648
-17260
-11402
13167
-7295
-29037
-10881
-17793
13730
-28288
16768
-20843
-15242
-8596
4480
-13933
-12161
23423
-15456
27264
-17537
20886
15478
-2195
27009
-27501
30335
27776
22433
6271
-2178
29334
11126
-7828
14721
-14444
-31360
1408
-29790
5758
32637
5783
7542
12907
-4225
-23916
-21632
23168
-30560
-30851
-23684
-29032
8566
-29332
2434
17300
12928
2177
-10848
-3972
18813
-7272
28789
-19350
-19840
-32364
27776
-14977
-30816
-6533
-28805
6042
-30347
-15255
4224
-23148
-4992
11650
-4704
-28549
-3461
5530
-28043
-5270
-127
24211
16512
-3713
27806
1915
-3462
-7014
31349
-6296
3712
-21356
7297
19585
673
19578
13946
-20837
21109
-24728
12416
-1901
-32128
-13695
20639
-2439
18041
-24933
23413
32617
-11135
-17518
26496
-9857
6814
-13448
-649
16028
6773
30055
-22657
-26477
24961
-11136
-29794
24441
30585
-22116
-7820
-17305
24192
-2158
28032
22658
-4963
-3977
28279
-102
17269
32616
-16511
32659
8577
15233
-17763
-11402
23927
18589
21877
32102
32383
19858
-26496
-18304
-30820
-20874
-7050
-23140
9077
31079
-11904
20626
1665
11906
-16741
-13707
22645
24732
15733
17767
-3712
-15727
9089
20096
31643
1909
-8332
-3427
-652
-27291
27007
-9328
-21888
-8065
28568
5237
-22668
-23907
3701
23143
22657
9617
-11648
20865
11929
-3469
-24461
-16227
26997
32102
-31872
26001
-24959
12160
-23400
-18829
28787
16030
28277
-26523
32127
-2929
24192
7040
-11114
22132
13172
15773
31605
-1434
17793
15248
11137
26497
-23145
19570
-16271
21918
-29579
22885
-7553
3216
10113
-8832
-24169
23410
-22159
29340
27509
-25499
-19841
12687
5505
-21887
-21355
-10127
30321
12190
-24971
3687
-18815
6543
17025
-8063
-27499
14449
8561
27806
-30859
13925
16255
-7539
9857
3713
-18028
-10128
-26000
-21603
-11915
-7323
12928
-3188
-32384
29312
-23919
-4496
3953
14236
-1675
16999
3201
5262
-31871
2945
2451
18800
-1168
-29539
-12939
-28571
6527
3982
25986
-18814
9107
7536
112
-15460
27510
7015
24704
-23924
-28287
-22910
22673
1648
7537
-30821
24950
2151
-31104
-4213
-13695
-24192
-1137
-6290
4464
-17508
25718
-18075
-13442
18315
4225
22145
17295
-24977
17776
-8805
-21642
-14745
-11904
24203
-11135
-3966
-4210
30318
32110
12441
-14474
21095
17280
-17014
-11391
23936
3982
30318
367
31644
-17290
23398
-6018
30089
13953
-6271
7565
-3475
2415
8859
5751
20840
-13184
13193
-28287
9602
21900
3181
-30611
11162
14711
-14489
25471
4489
-17279
-26751
-20853
-403
24686
12186
27511
-15257
1663
15240
-29055
1667
-16502
28269
-16787
-23911
18552
-16535
-26496
-25466
129
-13953
-32120
-28052
15725
-3432
7544
-21144
-11138
-31098
-29055
-11648
-18552
-1428
9582
-9833
1144
25961
27775
-1659
29057
29571
30856
-9109
-32404
150
31608
-26262
-20096
2949
29313
27520
26758
7532
10348
-24426
-19848
25449
-28546
32644
-14207
30849
646
18284
3436
26259
-6280
-20374
15488
-4733
28289
12930
4741
32364
14956
22933
-30087
-16021
-30336
11141
-14974
20611
902
31083
20843
12949
12153
14954
25214
-1149
31618
4995
-10109
14700
-21652
21395
-14727
-28308
19072
1666
-8576
-5247
1922
25707
22891
-10094
4986
-26516
-22913
-19327
-29055
21888
14977
-13205
-29332
23698
3706
7276
14206
-25983
-1663
-15742
26497
30316
-13972
18576
29306
-30866
31872
10113
-11391
-6526
-11392
17259
-20372
27791
16251
7790
-7042
30335
4225
-9601
639
-11669
14444
12432
11643
7790
-14978
-28289
-29055
20610
14974
22635
-28309
8078
30843
25456
27776
-7810
31617
-25471
-23427
27500
-20371
-32117
24187
-31377
-29314
12159
29570
-17023
-27012
-28052
3949
-21108
28028
32368
7551
-2179
21121
-10878
-9860
31084
17005
14474
25980
4978
13184
31868
21889
-3200
16251
32107
12395
11403
-1668
1649
12926
-27268
-14719
19073
11642
-404
-28307
-3960
-11908
-15758
-32641
24700
-9343
-1918
-15751
29804
-18836
-14968
32381
1652
-2689
-19589
-127
9602
-27015
26731
2668
-7544
-9859
-13966
16766
10362
-1920
-16256
-8585
-28052
-1940
15750
4222
-7820
4992
-135
-7808
-25215
-8330
-27796
-18579
18053
12158
20341
25983
12410
-896
4993
1655
-21652
-7827
5253
-22658
3445
11646
-23432
-31360
-896
13429
-12179
-4754
-24961
12414
16503
11392
25464
-16767
-23679
-26764
878
-19858
643
24447
20855
12927
-6792
-17279
25729
-140
-10899
27246
-22142
16255
1143
-32130
-20874
-16768
-5760
11123
-16530
-18321
-31361
-2689
-22663
19328
-12170
8833
12672
1650
7790
14191
9856
27264
-2696
-25474
-12938
32129
-28800
2930
26735
-19088
-23682
-32384
-15495
3711
-8075
-1408
13442
-22671
-5266
-18578
-27523
6785
-6789
17536
22134
-15487
8833
14449
21615
-5009
-16259
14977
-22406
25470
-18827
-26239
-2176
-24720
7280
6256
23675
-24447
7036
28031
-8332
7553
27266
21104
14960
20849
-24711
-6015
-16515
2944
9589
-17535
23937
-15761
-3728
-20111
-6025
7809
-3461
-25475
1909
130
-9341
-3473
-29839
10866
-24456
29314
-8834
7808
2932
25473
-29310
-21138
-11408
11121
17016
3971
-32641
-23681
23924
-6015
-2687
-11410
-28303
-12175
10359
10627
-25218
-10627
-21390
12161
-11391
22381
30578
-2702
2932
15235
11649
9600
16499
-23935
29826
16493
24946
31603
10356
-30077
26241
11647
-23438
24961
-6528
-23188
-14222
-22157
22643
-28029
12417
-31874
21617
-9856
23681
2156
-27789
20084
-6032
22916
-18301
20352
-1680
16257
-8320
7275
16243
-25996
31857
27268
-18046
30078
-6801
-12672
24447
10858
-653
-3212
1136
-13436
-13693
-6274
11888
7809
-2175
-6294
1653
18550
4203
-30332
-14459
-15489
22384
13441
-6527
-32406
23413
-22155
623
-26235
9861
-17794
3184
21121
31872
-4759
18550
-26250
-30612
646
-12154
30335
28270
-19840
18561
-6551
