-2396
-392
18315
4733
-9877
-32659
368
-22679
-9097
29310
-23899
-20107
28811
-23170
27243
18541
17776
25193
3960
-642
10150
-1164
9612
6270
-25749
-15251
-658
23144
16504
-26241
27047
18549
20364
-11908
-26773
-1684
16239
-15512
-13703
30591
-5466
14450
-2676
-8834
24426
-24980
-9362
26728
15480
-3201
29864
16753
22413
23422
-3734
-17300
22637
27495
1913
1408
6569
1904
30605
24701
32618
20076
-1426
1640
13433
20352
6313
30317
-12402
5246
29801
23402
11118
20840
13431
5243
-16215
-11155
-12659
-8579
29290
13676
-7059
-2713
4986
-22142
1195
-1428
21134
-15748
-5527
-20117
-3474
3433
-9350
32641
29354
-20630
14479
5247
-30870
-149
-915
-18840
12667
-3455
-5718
-17045
21903
20861
-23190
-149
23150
360
6524
-17023
-14933
8041
18575
15230
3434
30059
-20627
-5272
-22917
24194
29099
27240
-16497
10623
-18326
1900
-27283
9320
25212
-18814
1964
5737
-25201
-6275
-27542
-19093
-30611
-24472
-32644
-18814
16812
4710
6288
-21890
30570
2156
-20626
25193
4733
-894
-26196
18534
15760
12159
-2966
11372
24174
-8088
30845
22403
7085
-10394
-10352
-11652
-4759
-9878
-18835
-11416
-10631
16766
30380
-6302
17296
-10625
9067
27756
-8850
17002
-21634
-9596
32172
27235
27792
-30594
28779
-28052
15470
-19350
-28290
14980
-26452
-18590
14224
5757
-20629
-23956
-30097
-21653
-3713
-25724
20140
609
-19312
-26753
22379
-7572
22383
108
6527
19589
-5972
3683
-7536
24958
-22677
-30867
-32146
5739
5247
3717
10412
-24223
27536
32125
25708
-11923
21872
24171
-6528
-14459
-32085
-23968
-29552
27263
-3476
8814
4719
31083
14977
-30843
16300
-12703
-17008
12669
7277
-22674
-4242
-405
20352
-24699
-26965
-26785
29840
-31618
18029
-24466
-28815
22125
-15232
-25723
13483
-27297
12945
-130
-9876
-21651
-21649
23405
-10881
12931
-21077
-14497
13456
-8835
-31890
29551
23921
16238
10115
25991
31658
25694
15760
12927
16238
28015
28785
-27794
1667
-14458
9130
1630
18064
-26497
11375
15728
-9872
-28817
-5758
-16250
9386
31839
5520
24189
30063
-28816
23666
23919
22659
-10874
-32087
2397
14480
16000
-13457
6513
115
29296
19332
-2682
-24920
-10403
7056
17279
23920
7025
3699
-27279
2436
7303
-20568
-3491
2704
28285
-29328
-10383
23411
14194
-15997
13959
-28249
19548
17296
14976
6001
-8847
2419
6002
-23164
-11897
4520
-15523
-3185
-21378
18802
-15502
3443
-15757
25476
32135
25767
-5027
-20593
24190
-6287
11634
-10380
28787
-16509
-28284
4262
-4516
30607
16256
17011
-32397
-9612
6772
-12923
21385
-30042
23391
18319
27774
31347
9844
22644
14964
11141
-121
22949
10589
655
24447
-8333
-29580
-11916
18037
14982
22408
15780
29021
-626
-640
25204
5493
-24203
23413
21125
10120
12452
-24482
17294
-24450
23669
2934
-28554
20598
20614
2696
4003
-6051
5006
-6273
13429
6262
-6537
-649
19590
-21625
29602
29534
13966
29824
4982
-3210
631
-28553
13702
-25464
-23647
-20642
19597
19582
-7306
19319
7032
24441
17799
-7801
12448
28253
-372
-7297
-8330
32119
-11400
-24454
-17274
14984
9120
-21921
19597
-4993
-8585
-16009
-20616
30586
-13178
-5755
14751
30303
13452
-19842
2425
-4488
-8327
-16773
20872
1673
10398
-31138
18316
29568
-20615
-1928
-9607
-5508
4233
28297
-2147
27489
22412
13439
21626
20602
-22663
10876
23688
30600
26780
-17056
-30837
-10882
-29830
-26502
29563
-9347
-25208
13448
19355
18016
10379
11137
-16517
-2693
22908
20606
-30327
13704
-24166
17762
-26742
-26242
9596
-1669
12924
14718
-18040
18056
-24167
24162
8330
24959
-10628
-32132
22141
-11650
32137
-3961
-5736
-28319
4234
20097
-24707
11645
10621
6273
21897
-9336
-8041
-23965
24713
13951
-23682
-11395
20094
15232
-887
6280
18071
-32413
-28279
-26753
4478
-29315
-8066
28033
-24440
-1147
30613
13412
-20856
-31359
20863
13695
10367
26754
21898
8841
-11628
30309
-633
30079
-15232
-4225
16255
15491
13706
-18809
-21869
10341
-18041
3201
24704
6528
13952
6788
9098
-18041
-7022
20070
10375
-6272
-14719
6017
-18560
8325
-29047
-20601
23442
20327
-21626
7807
6018
-17023
28033
-13691
-22391
6023
-18032
-24730
-17274
-8832
-9854
3714
-15487
-2682
-1654
-29816
32656
12137
5510
-27520
-6781
-1662
14977
18821
15498
-12665
30607
6761
21893
-7809
-4733
5763
-3454
28808
9098
22919
4750
8297
-2940
-25727
27269
-1149
4484
3465
4747
16263
-23155
-22421
-25724
20095
10629
17284
-3454
17800
1673
-31611
2700
-6038
-7549
-4480
-1147
-17276
-4220
15242
-29301
8072
-10358
19051
-26237
29569
25991
-30075
-1660
-13430
13963
-20857
-21366
-2964
11651
-27777
-26745
20870
29829
28554
-8054
-20346
14729
6509
25730
21888
-5241
29574
-31355
-2166
20107
-2170
-9593
21358
6530
14465
-27768
-26233
22918
16524
-13686
27014
26247
8560
23937
-5505
-1400
-18041
4487
19085
-14199
-19835
26758
11120
25985
-14720
-7543
30600
25479
-29812
12427
-18811
24197
-7567
6529
-28800
-15222
-3704
30087
4750
-27254
15238
-11644
371
8832
-25729
-10102
26761
31368
-11123
-19575
-9340
30595
-13710
4224
-31615
13707
19081
19848
-9074
-26487
24708
-12926
29044
29823
-31104
-11125
-21622
-8056
31630
-30839
-5755
8066
7285
-2434
10112
30092
-11382
27273
-7025
-16758
22661
-17792
28277
31102
-11391
8076
1419
11658
6545
-31351
11397
12672
-17802
-11907
20352
-5235
-12149
-6007
-3695
-4215
-14204
29055
-14473
18813
-7553
24205
-27765
-16758
25233
-10615
25732
-643
13432
-10116
29313
23182
8332
-21621
-25198
7306
388
-21379
634
31612
-13953
-2930
-29044
-4214
15506
-20855
-9085
-30340
634
-133
-3456
3983
3981
16012
18323
-29047
-30077
-9093
-25733
-8069
25730
-28016
-29299
-21876
2452
20874
-21885
13435
14205
379
15488
4752
-30835
-32628
26772
-20600
-21118
-20359
-20612
31354
898
-7536
8334
-27251
6806
5258
-637
14201
-11650
10874
28289
-30575
29326
-5749
-3693
15497
9859
-20616
-21633
-26247
-3713
9874
23439
-21619
10133
-6264
29058
23671
-16513
-26503
-31614
-8047
32143
19086
-20330
-2424
9090
-30602
16769
32632
30849
6803
-6769
4750
-13162
20361
10114
-651
6786
22136
-26496
-9838
6032
7566
18326
5001
-127
-11916
15746
9336
24962
-31853
20368
-21618
-617
3977
-17535
25716
24452
32631
26752
-7789
-1392
32398
11414
-13945
18561
-21645
16005
9335
16001
-32109
29584
-13425
-873
24712
10113
26994
-26747
-29322
-31614
-32108
22417
-19058
17048
3976
-18816
4722
-4474
4214
-28800
27285
-29551
-882
-9577
16521
11650
1649
-21113
31349
-21887
30356
5265
22160
-12904
904
3201
