17007
12934
-7545
31615
-26513
2178
25730
-919
-12162
-28801
-8851
18310
-19834
-23683
-4498
18817
27265
2409
-18818
31103
29291
-25466
31625
26239
-31890
3201
-21119
13160
-20610
-29569
15211
-14458
-631
-9602
-22162
-31103
-20352
29288
-16770
-22401
25449
21127
-4215
6782
-31890
11137
15490
-152
-20866
-22401
24165
-21625
3725
-10881
9837
-28032
24449
18280
-13698
-28033
2663
648
32396
-24706
29805
-7040
-1153
-19609
-11394
32639
20835
-15737
-31860
4990
-1940
-15488
-5503
6504
-10882
-20865
21347
1161
-22897
23168
19308
13440
9343
-6297
28798
-24705
29028
-17016
20110
14718
-1684
-12416
-13953
28007
32126
31871
-27294
-22648
-1906
-18562
-7829
12416
29568
-11673
-14466
-20609
4961
17033
-28783
3456
-6548
30080
15488
-1944
32638
-21633
21601
22409
10640
-8067
-30612
26752
-15745
-2713
-21122
-19073
-20642
24713
-4975
-4738
11372
24192
24961
32104
-14722
-17025
-13731
-3447
-24429
-8065
-20117
-22913
6270
-14745
29310
-27521
22879
-4215
-4719
-19587
17260
5504
2176
4457
-17026
-9601
-21157
-3191
28308
-14721
-9108
29056
-31103
-8343
-25218
-15489
-15527
-6519
-11628
5247
23148
7808
-15233
6762
-13954
-12417
13148
1930
-19053
9598
-7573
-17537
14464
2922
-23682
-20097
28250
-29046
31382
21888
-6292
-3713
-3968
16234
-13698
-27265
32347
-26486
-16747
5503
10859
20351
25213
10090
-19586
-20865
9050
-25974
-31083
-27522
-10133
-130
-20866
-18071
-9602
-17025
9048
-1910
29336
-28032
-26260
-21633
-22145
29548
-18562
-27009
-29351
-20854
-19562
-6018
23916
19583
30846
-17044
-16258
-27265
-15272
-21110
-8810
13439
30828
21887
-22400
-17556
-11650
-25217
22870
-7542
28057
-25984
-8084
-25985
3711
22638
-20866
-14721
29528
1931
5271
17534
-9363
384
-22402
-22931
-4482
-22401
5972
-14199
-15977
10111
16493
11391
-19329
-31379
-22402
-8065
-12970
20619
-13415
-32640
-28050
-897
-18561
-10897
-6530
-11393
10838
2699
-11369
27518
14446
-25729
-16002
-14737
-2946
-17793
-20396
5003
-6503
15232
17006
16255
21119
-17553
-642
-4993
-5035
-8566
-3175
10880
-17554
19327
-32386
-26255
-4482
1920
11350
-13942
30872
-21378
18799
-27009
-30081
-18063
-6018
-6529
-30891
11659
-12390
-10112
-14226
-6274
-17282
-21647
7551
3456
-3755
-12918
2970
-20865
15472
-19329
-17026
372
6271
-7553
-26027
-5494
-1896
-8578
-13200
30079
-14976
4469
12927
-1409
10837
-23670
9627
7809
21616
-18818
12670
-13197
3199
-3201
-31916
-26231
-19304
14206
-29071
-22145
-1666
630
-10114
-5249
-25514
-29302
-14183
-21377
-28816
-20866
-26242
-24460
-2178
11904
32598
-31862
-30821
8833
-1168
29054
-19075
11894
12671
12160
24662
-3959
153
-10114
-26254
31103
-23425
-3464
10111
10624
22101
16010
18074
17792
3443
-11138
-26240
8313
15231
10624
4439
10634
-11366
-1664
-25742
-23170
15229
23928
25215
7552
16727
-119
-23400
-12930
-23949
-28802
-1410
-30599
28031
9600
-7595
4746
-32614
-4224
21620
-1410
-16513
-7558
15487
15232
-425
-25719
-5991
-27776
17524
-22658
126
12667
24447
19328
13656
23689
13464
7295
14452
-2179
32125
30075
32383
16000
-26282
4488
-10856
1408
-31627
32382
-24962
10620
19839
10112
10330
21129
4249
18048
-8843
-28802
-15236
21373
23423
12160
32602
-22648
-26729
13951
-19340
24957
-4228
-14980
31871
7296
-31911
-30584
-24167
-25471
-17802
3454
2174
20863
24703
13696
-21157
-18808
-11625
-14209
7032
24190
19581
23935
26751
14208
-18854
-13688
2456
-30593
-13192
23934
-13698
-1407
-9345
32384
-31909
24200
-12136
-19839
-6280
17534
12669
14465
-23425
21888
24156
-19833
22422
26239
18553
2942
4477
20354
-29569
8832
6748
8071
22422
-28544
19066
-31618
30847
-25211
-13697
22400
5725
27271
17815
23169
-19846
-13698
-8067
-19836
-14209
16000
-29091
-30587
-15726
382
15483
-18818
14462
-30844
-2689
14976
15455
12423
-22635
-30847
-19590
-21891
29310
19845
-1921
24192
1120
-27002
11413
14209
-388
-11650
12414
1672
-9857
15488
-22944
7046
-15982
27007
19581
-2435
-10627
-21625
-10369
26752
-12448
-11131
-24940
23425
-21379
1918
-7810
-12407
-3201
25728
16226
-16251
9875
-31872
-23681
-898
31358
-20853
-5761
27520
27747
29573
-29551
-11393
6271
31102
25727
-23927
-3457
27008
1123
10117
13971
-24191
-2176
-9602
-32129
19085
-5249
25472
23141
-14460
-18544
14976
25216
23934
22141
30860
4480
15232
31845
28804
13968
-129
29568
11646
-12930
-23156
896
11904
-12443
1667
7568
21632
20097
26750
-22658
-12147
21376
29056
-16281
9092
-20338
4224
-2942
2943
13439
-881
8320
24960
31079
-25469
-114
-13952
25219
6015
-23936
-30320
13440
14976
-12696
28291
22415
-19327
26244
28031
2175
145
13952
28032
-1431
-7294
-25204
-17537
-25980
-30337
-9601
-9583
12928
26240
-13974
-21630
-32627
13185
19844
-30338
-386
-2160
13440
-31872
-17557
3202
-12660
-3968
-11131
10623
-28290
-10605
23680
27008
-15764
-18815
15498
23935
6534
15999
-29057
15252
30080
18816
31853
-27263
-19061
19585
-7034
-6274
-20097
22420
14464
26240
-22162
5249
21386
-30336
-2937
-2434
-21634
-4459
-29056
24192
-15249
-642
-17530
22141
30086
8830
-24193
14997
25984
26240
16496
-19840
16522
5762
-15993
-25218
-30593
18838
31104
7552
-15247
14720
-27001
12160
-3193
-23938
30589
22166
25728
7296
20594
11392
-11898
10880
29576
1918
-10370
31895
-27008
22912
19571
-14977
-377
-4479
-12407
-6786
10623
20632
-25472
-22656
-31372
-32129
14725
-385
-28023
-13186
-27267
-24169
-18816
18816
24437
20863
23941
-29568
4234
-29826
4736
-9831
-4480
25984
30070
1151
32133
-4991
-16502
5503
-14466
16282
-24448
23936
-7817
-23170
-19838
-26241
-12149
8319
-7298
-1126
-9600
-30336
-16776
-4739
1667
8577
-6006
2430
-29313
-18022
-21888
21632
-31366
-25988
-19840
-2178
22154
16509
6524
-2410
-17024
-26496
-3206
-20867
20352
-21633
-3189
12414
18046
-29029
3969
29568
-27525
18045
-30079
31617
22156
1150
29054
-4455
-3968
27264
-26500
11389
6784
-21632
21389
-20866
-16771
21405
-9344
23936
-10371
-15492
13438
-641
-31602
12671
13185
26527
1921
28032
-19586
-28036
-22657
11394
-29811
17534
-4994
22173
12161
-22912
-897
3964
19581
31872
-20850
-6018
-32386
-20577
8833
26240
-18304
-23941
6524
9600
-12658
-23938
-14209
14751
1921
-32128
1153
23675
7037
1666
-25713
-4226
639
-28256
-1152
16256
-1662
13947
-28038
4224
-5745
2943
9086
-17249
6273
30336
-12668
16505
-25736
28542
16014
-2180
-10627
15004
3201
-30848
15237
10619
18043
26754
22416
10879
-18562
-14176
-7296
16256
-30842
31098
3448
-2689
3728
31614
-23683
28575
10625
32128
