9095
24447
880
-2175
6273
11882
-3202
31359
4736
8576
30854
-16771
9839
28289
-8320
4457
-17026
-12161
6528
18048
-5496
25983
-20626
24961
-3455
-23192
-11138
-27777
12672
18560
-631
2943
9071
-21631
-2432
4713
-11138
-17281
12416
22912
-376
-21379
-17298
-28287
28802
-11928
3455
-19073
16000
17280
21388
7296
-15508
28544
25216
32615
-18050
-24193
6016
21120
16524
-17026
19821
-12416
-1921
-12185
-9602
-29569
14208
22144
10636
22910
27245
22401
11650
-9881
-3458
-27009
-2945
-28800
13455
18816
-19348
-5504
32384
-16024
-10882
-30337
-1409
-22656
1934
-31618
3437
9857
-26240
-21144
-19330
31103
13952
-32384
-13426
-23170
-17301
-18305
17792
14183
-22146
-22145
16512
-30848
1425
-6273
29548
-21376
30848
32104
-24450
-25473
9344
-25728
-22641
-9859
11884
-28032
17280
18536
-5762
-20353
8832
-21632
19089
11647
15723
-1665
24448
27240
-12162
-22401
-1921
-17536
18067
-10881
9580
-24960
-4738
-10393
-26498
-17025
9344
-32128
-23663
-10115
-28820
31616
-8064
617
-23682
-12929
5248
-22912
-3437
24703
-26261
896
-7296
24425
-26754
-14209
5248
-14208
-18028
-26497
-3732
-1920
11136
30057
-17538
-11649
4736
-18048
-24941
21374
-24468
20608
13184
-22934
-18562
-14465
10112
-19072
-23658
30080
5228
12672
18048
-12694
-19330
-19329
4736
-23424
-875
25983
6509
20864
-6273
21098
-29826
-13185
-7041
-15488
20885
26494
-12948
3456
129
-28566
-24450
-18049
-9345
-6272
-2153
25728
10349
-3457
-13184
5228
-29314
31359
3712
-2432
-26986
-16258
28525
1664
27263
17772
-22402
-20865
-4225
-11392
-21098
8063
16749
-19329
-6528
30061
127
-28289
128
-3200
21657
-11392
30572
19583
19838
-31636
-14210
-24449
-12929
-3712
17047
-25986
-20371
18304
18559
-1683
5247
-18305
-3457
3713
26008
-12673
-23186
-12416
-14207
8302
-12162
-20097
-2945
13697
-10599
-25216
10606
6784
-30336
2416
-5762
-18049
-10113
19329
-20329
-24962
-23186
11136
-23169
-28305
4479
-14465
-9089
-6016
-8551
10880
109
-19842
-10370
-7826
-10882
-8833
-8577
-1664
-5991
-5505
-23186
30847
18302
-9104
-898
-12673
-23937
4737
19864
-28034
-28818
24703
-21633
19569
-130
640
-1409
13953
-18022
-6784
14447
19839
-23681
3442
-6274
3456
-2177
12673
-2919
-20097
5232
-27521
-30850
1651
-4226
3968
-21889
19585
9369
-642
-22928
-31617
-32127
-14732
14719
-10881
-16257
15745
27291
1665
-1169
-642
-4738
15219
8831
2176
-14721
26241
-20327
31615
-31631
-12929
-4738
-396
-1410
10112
-18817
8065
-22375
-27265
26737
28799
26240
-23947
11647
4992
-14465
-3968
24987
27009
-9871
19839
3711
-30858
11391
13952
-20865
15745
20121
7551
16753
-22658
894
20087
10623
13952
-14209
21377
5530
5504
-22670
7551
25216
14968
14975
19072
-16769
11137
3227
1409
-27277
27263
3455
-24455
17279
128
-20353
5249
2713
6783
-23181
14463
29054
32121
26751
17792
-15745
1409
23962
-24448
28788
19839
13184
-15238
6783
24960
-27777
5761
-29286
-16256
-4749
-30338
24445
27770
19071
14976
-22657
20609
21656
-130
15477
9087
23423
-2693
-28289
9088
-7297
9857
14234
24449
-3468
-23938
-2946
13691
22143
4224
-13697
10113
2969
32640
-22410
21631
-17794
22910
22143
10880
-22401
10881
-13417
13183
886
22654
14462
8829
-29569
18560
-20609
-2432
4250
29569
24951
-20610
-7298
9855
26495
2944
-30081
-384
-10857
-20353
-6025
-25730
-11139
-15488
-30593
13952
-12161
-6016
-29545
-20609
-28552
-24194
-11905
23426
-31361
27264
-18305
2689
-12392
-32383
-7304
-27778
7038
18817
-29313
27776
-14465
4481
-30826
31615
-22663
-27010
-13187
-14718
-23425
17024
-28545
10113
-6250
22144
16249
1918
2943
4483
-27521
13952
-22145
10881
24727
17793
-30853
22655
22143
-20346
-12161
21120
-16769
9857
-12652
31615
2684
21375
-1410
10885
-7297
24704
-11905
9601
-16235
8833
-25220
-6530
-20096
26248
-8065
19072
-22657
-4992
-13675
-31103
13949
-10370
13694
-9081
-11393
16000
-17025
7297
8339
-24961
-7556
16766
-5506
31112
-14209
19840
128
3969
-30060
25473
-19587
-18818
29823
-13176
-8065
27008
-16769
10625
24723
-15488
-10882
-5506
25982
-17270
-13953
19840
-4993
2689
-24175
-11137
-131
13694
16510
16521
14976
-32384
-29313
-7808
19859
-19839
21631
32638
21375
19083
-129
24448
-21377
-6784
16785
28032
-13184
-3970
-5507
4747
16256
26240
-21633
-9856
26000
10624
-12672
-6786
20096
27789
8832
20608
-22145
-384
-7791
-7807
-8318
-9089
10880
-9074
-385
-28544
-23937
-2432
32143
-6529
-26750
17535
29822
8847
26240
28800
-28545
-9344
29839
-21632
-18814
-898
-2433
-16240
7296
29056
-32129
-20864
-14961
-16767
9858
4478
-24196
12429
-2689
26752
-21377
-24448
-12660
27263
30595
1151
-2178
657
8832
21888
-17025
-6784
654
7809
8581
16255
-27264
21395
8064
31360
-11393
-17536
20877
23425
-4476
30591
-15746
32146
20096
23168
-13697
25216
-20854
23935
-29307
1663
4223
23955
28800
19840
-6529
-27520
11404
-27007
-14716
-643
30334
-3183
26752
26240
-21889
-19584
-6774
-10368
21895
10111
-20610
30612
15744
26240
-24705
29568
-9336
-27265
30599
7295
-5761
-19308
-31872
21120
-18561
27264
-8054
6274
24712
17279
30336
-8810
29312
21888
-23937
24704
16264
-29568
-8313
-1154
-9347
2710
-30848
21632
-9601
16512
16519
-1665
27272
-18306
23167
-9578
-22400
16512
-20353
22912
-24696
-11903
-9847
-21889
-7297
26264
-23936
22144
-13441
-32128
-20091
4224
3722
18815
-12674
-11879
-8064
31360
-18305
20352
-27515
27008
-28791
-11650
-13697
-14953
-9344
-28800
-22145
31872
3206
-18559
-25973
27263
-9601
-32100
-5248
31872
-14209
20096
24707
-12161
-2167
12670
-32643
23448
-19328
28544
-3713
-29568
-15485
4225
-17013
4479
11392
-4198
-13696
-27776
-1409
12928
12675
-32383
-9076
30847
30335
-30564
-9344
31360
-21633
16256
-14976
-14209
-32372
14463
29568
25757
4225
22144
-25985
1664
7298
-19839
-19316
-19330
21631
28060
-640
28800
-8321
12160
-18816
1153
31117
-130
-18306
24222
-10624
24448
-10625
9088
-25218
30847
19597
-15746
1664
23710
-6272
26496
-20865
28288
9600
-3199
-17522
15743
14720
-14434
-18304
32640
-17537
22656
4990
-20096
-30066
-386
32382
25758
7809
-23424
-10881
16000
-6020
24960
32143
-30593
-19072
-7265
-1664
-28288
-17793
7552
10110
15746
19087
-13954
-5250
-7010
-8576
20864
-24705
640
2427
22400
11663
-20354
-23939
-22114
-9600
7808
-29569
-897
6779
-23936
1680
3711
22656
-25697
-7040
25216
-9857
6272
-13445
22914
-12143
13952
-896
25507
6529
23168
-17537
-5505
-18312
4224
14225
-9089
-897
3234
1665
25472
-23425
-2945
