-30849
24447
-2945
-9345
24704
20352
18560
17792
7296
14720
8064
9856
12672
18048
-17537
-5505
16768
20352
25728
24704
28032
-29824
5760
-897
25472
9600
24960
-31360
-641
-4225
2432
23680
11392
11904
-8321
10112
28800
22656
11904
21888
25984
32128
14720
25984
16768
9088
32384
22912
17536
-10369
6528
7296
14464
22144
-4993
-25217
-18560
15488
8576
4992
10880
3456
20352
19328
30592
7296
24704
18048
27008
-12417
24192
24960
7040
-5249
-15745
-8833
25216
20608
30080
5760
-28544
-14721
16768
384
32384
5248
28288
12416
22400
-9857
-1921
-8065
4480
-2177
-26753
-31873
13952
6016
13440
6784
13184
14976
-10113
-20865
20864
4224
5760
-6017
-16001
-897
11648
-2177
6784
-11905
-31617
-10625
4224
-5249
10624
640
10624
2432
1408
6528
-14465
-19841
4992
7040
21888
384
-6017
-24961
10624
-4225
-22401
-29569
20096
31360
3712
-20865
14720
25728
-5249
-4993
7296
3456
-7297
-17793
10368
10880
7296
-8833
11904
8320
-22145
29567
16512
2688
12672
11648
28544
-1153
-21121
-15489
22912
-2177
-7809
12416
896
8320
-5761
28799
12928
10368
-19841
-28289
19328
12672
10368
-2433
7552
8320
-17537
-5249
-16769
8320
-6273
13696
-385
19328
128
-2177
-1153
19072
-25729
-22145
25216
6016
17280
13952
12928
12160
-10625
4224
-7553
-10881
7040
-15233
-6529
-9345
7808
20864
-12417
-6529
24959
-31873
23680
1152
8832
17792
6784
11392
-14209
-10369
-13697
-23937
1152
18816
-1153
-4225
-9345
10368
-7297
-2945
13951
19071
4736
7808
-4993
-2177
-17025
7040
11392
10880
16768
5248
5504
-1665
-10881
-14721
-2177
-897
-9345
6016
31871
-24705
3712
3968
128
-8577
18816
15488
-5505
11136
384
12416
3968
-6529
-10113
2944
-10881
4480
-3969
2176
31103
-1153
2176
-6785
12928
14720
3200
-1665
-1921
9856
-13441
-24705
-5249
20864
-5249
-385
-21889
1408
-14721
-15745
9343
29055
1408
-12929
2688
-29313
27008
-13697
-4225
-23681
-8321
-22145
-5249
12672
-8577
-7297
2176
-5505
1152
9344
30079
-31361
-17793
2176
-7041
896
1152
11648
-8065
1408
-3457
-1153
-12417
-12673
-7041
-5249
128
-8577
14208
-2177
-30081
-17537
14464
14976
26240
-23169
13696
10112
9344
8832
-129
-21889
-897
3968
14464
-5249
8832
3712
14464
640
26239
17791
14720
-19073
10368
10368
-129
896
-14977
-16257
-8577
-8065
-3969
4480
-5761
-17537
5760
13440
-22145
-12929
21631
-24705
2944
-21377
-6273
-20097
-4737
-19585
-1665
2432
-10881
32383
-129
-9857
14208
-9857
4224
-7041
-16769
10880
18815
26495
27008
17024
12672
-8577
16768
15232
5760
-17281
17280
-3201
13696
-9601
1664
-4481
20864
-3457
-12929
-12929
23679
18559
14464
-13441
10112
-4737
7296
-3457
-129
-12929
1152
19584
13952
-12929
-12929
-10369
20864
9344
-10369
-3713
22143
32383
11136
-20097
18304
-30849
4480
-12417
384
-6529
-9601
-19073
-21633
-18049
10368
-641
31872
15232
-11137
1664
5247
23935
11136
6272
11904
-641
14464
10112
-9089
-385
-11649
-19841
-6017
-4225
-1409
6016
17792
10368
-6273
-8065
9855
19071
20608
17536
10624
3200
9088
6784
-12929
-6529
4736
-11137
-16001
14208
18560
12160
25472
16000
-4993
640
20863
29055
1152
10624
-4993
24192
-5249
-4481
-16257
-2433
-14721
6528
8320
128
-3201
-14209
30336
18048
-18561
-11137
32639
-19073
6016
10880
11648
8576
-4481
-7297
5504
2432
8064
5248
-8577
-16257
-7809
-14465
13696
-29568
-14977
2688
7295
-27009
8064
-5761
-641
1408
22656
10368
6272
-26241
18048
-13697
13184
2176
-385
-30848
15488
11904
20352
13696
-25729
-22401
11392
18560
15744
2944
6528
14464
19072
9600
-4481
-12417
-8321
-30080
5248
-5249
-29056
11392
20864
-4225
-27777
29055
29056
10368
20096
-1409
11904
4992
-1665
19328
-8065
-11393
6016
-1921
2688
-9601
2944
9088
-14977
-2177
17279
-14209
6016
-2689
4992
26752
128
18816
-17537
1408
-8577
10880
