20607
30847
31104
15744
25472
23936
20352
8064
-26496
12416
-5505
-385
14464
11136
-8577
-20097
-28032
22400
25728
25984
-30592
18816
10624
7040
24448
20352
14720
24960
12160
18048
-5505
-5505
896
-3457
-14977
-14721
-28800
23936
25984
14976
30848
28032
7808
1408
19328
10112
7040
5760
12416
-2689
-17537
128
-10625
13952
-18817
-4225
22144
-29568
14464
30848
28288
-31104
23168
16768
13952
13696
9856
21632
8576
-1665
-9345
-7553
13184
384
-20865
-25217
28800
25472
27776
17280
31616
25472
15232
10624
10112
-641
11648
896
11136
-5761
-9601
7040
2432
6784
31103
-16001
-29824
29312
30080
25984
7808
17024
3712
5504
-3969
5248
20352
10368
-1153
-5505
14464
5504
6784
896
-29057
-23937
17280
12416
27520
15744
15488
18304
1408
6784
9600
10624
14720
10112
19584
1920
10112
1408
384
6016
-22145
-19585
21888
19584
19328
24192
23424
9856
-4225
-2945
3712
8832
-2177
-2945
23936
2688
12672
-3713
7808
-14977
27519
13951
22912
11648
9856
7040
25728
11392
-2945
-6785
-5249
3200
-2689
11392
-3713
-2177
-7041
-7809
-8833
-3201
17791
21119
14976
6528
8064
-6017
8576
-3713
6016
-8577
-2433
-1665
-129
-1409
12672
1664
28032
3200
-4481
-2177
16255
25727
13696
10112
5248
13440
13440
3200
-1921
-9857
21888
-4993
7808
-12673
10112
-14209
15488
-4225
896
-16001
18303
11647
23424
5504
17024
2176
27264
-5505
1664
-4481
4992
-385
11648
5248
-897
-9601
9088
-5249
-11137
7040
5247
11391
7040
7296
16512
25984
1664
14976
1152
-7553
15488
-8321
4480
-3969
6272
-2945
28032
1664
1664
-2177
10879
17535
-1153
13952
8832
15488
18560
11904
-385
128
-3969
-5761
-6785
-1665
2432
4736
29312
11392
-2433
6784
9599
26495
24192
21632
10112
13440
7808
16512
128
5248
6016
7040
26240
11904
9600
-129
20864
-4481
1152
-6529
29311
29311
9600
24448
2176
6272
27008
11904
3456
-4737
7808
1664
4992
11392
-897
-2689
-27776
11904
1664
-1665
-25473
27519
32640
12416
8576
1664
26240
11648
384
-13697
-3713
-4481
18048
-5505
2688
-6273
-27264
5248
-6785
-8577
20351
20607
14720
13952
29568
15488
21632
20864
-4225
8320
-4993
6528
-641
12672
18048
3712
-30336
2944
1920
-5249
14719
-4482
16512
7040
29056
17024
26240
2176
-5761
-25217
17536
-14977
10368
-4993
5760
-23425
-20096
896
1920
640
22143
17279
28288
20352
12672
4736
28032
8832
1920
-19841
-6785
-17537
13696
-13697
13440
-15745
-32640
-3969
-23681
-18049
20095
4223
20096
6016
29568
12416
18816
1408
8832
-11137
23680
-7041
-32384
-7297
29056
-1665
-5248
7296
-1153
-5761
31359
15743
25216
7296
23168
-1153
13440
2944
11648
-2177
-3713
-14209
12160
-1665
7040
-385
-12672
25216
-8321
-11905
19839
3711
27520
5504
24192
-641
21376
-1665
13696
-3713
16768
1920
9856
-14465
3200
-16769
4225
15744
-1921
-7041
29567
20351
23168
11392
26496
9856
16512
13184
2944
-7041
7808
-10113
19840
-1921
-641
-6529
-5248
18048
30847
-10625
4479
17791
7296
7296
16000
8576
23168
13952
-385
-10881
10112
-4481
26496
19584
18048
6272
-9856
24960
-897
1152
27775
16767
23680
16000
27008
18560
8064
18560
-4737
1408
16000
7808
-9345
13952
-14465
5504
-16000
-27008
-15745
-7297
18047
21375
17280
9088
14464
19584
28032
13440
1664
1408
14976
6528
17536
3712
-129
7808
1665
-31616
-5249
3200
11135
11647
31616
22400
18816
5504
14976
11648
-6785
-6529
9600
5248
25984
20096
4480
10624
2433
23680
-11393
1408
21119
14975
29568
14720
-28032
8064
28544
-2433
12160
4224
27776
-129
-31104
2176
20608
-897
15489
15488
5760
6784
-17537
31615
30848
16256
22656
16000
-27520
20608
-32128
7040
6784
9344
24192
6784
9344
7808
6017
31104
-14977
-8065
24703
25215
-27520
29312
28544
27520
32640
29824
7040
5760
11648
11136
