-1665
-1409
1408
-7041
3968
-4737
4480
-1153
2944
-1409
1920
640
1664
-5249
8320
-6017
8320
-2689
2944
-10369
1664
-18817
3456
-10369
-3457
-8577
-1409
-2177
-9601
-5761
-7297
-2689
-16513
7296
-4481
2176
-1409
1664
-1665
-897
-7553
-4225
384
-3201
-1665
6016
3712
4224
7808
-641
2944
3456
2176
384
-2177
2432
-13441
3200
-13441
4736
-15745
4224
-1409
3968
-2945
9600
-3713
640
3712
-4737
9344
896
4736
1920
-1409
-5505
-3201
-4993
-385
-1921
2688
-4481
2688
-6785
-1409
-6529
2432
128
7296
4480
1152
3968
3712
-1153
-1409
-3969
-11393
-897
-11137
-3713
-4993
-1409
-6529
-9345
-4737
3200
640
-2689
2432
-1665
4736
9600
7040
6272
-1409
5248
3712
2688
384
-129
-2433
8832
8064
1664
11648
1664
8576
128
10880
-5249
12416
-4481
15232
2944
11392
-10881
6784
-4481
13184
-3201
2432
1664
6272
1408
-7041
-9089
-3713
2944
-2433
7040
-7553
1408
-9857
2432
-8065
-8833
-5761
1408
-8065
-9345
-7297
-6017
-12673
-9857
-129
-8065
3456
-11649
2176
-5761
9088
-3457
-1409
-5249
-385
-13185
128
-13441
-10625
-11137
-10625
-6529
1152
-2177
-9345
-7041
-1921
-3201
640
-5505
-3713
2944
2944
1664
2176
5504
2944
-3969
-3713
128
-4481
-1153
2688
7040
-2945
6784
3456
8576
6272
7296
7040
8576
2432
10880
-2433
-2945
-385
-897
-10369
384
-3969
-1921
-8833
896
-3969
-5505
-129
-1921
-4225
3200
1408
896
-1921
2688
-897
-385
-9857
-5505
-1409
-12417
896
-4737
128
-6017
6016
-15489
3712
-8065
1408
-3201
1664
-10625
-2945
-12161
-641
-17025
-897
-17793
-8065
-14977
-7553
-10881
-6273
-11905
-5761
-9857
-10625
640
-2433
-129
2176
-3713
-3969
2432
-4993
-2945
-385
-2177
-6273
-1665
-129
2688
-385
-129
128
-3713
4992
-897
-1409
-1921
5248
-1665
3712
3456
2432
-3713
-1153
1152
-7553
10880
-4993
9088
-7041
2944
-2945
-8833
-4993
-13953
2944
-14977
-7041
-9089
-4225
-8577
3456
-8321
128
-4993
1920
-12417
-3969
-13185
-4993
-8321
-1665
-3201
-5505
1408
896
-3457
-3201
7296
-8065
-1665
3712
-7041
-385
-1409
-9601
6272
-7809
4480
-9857
1920
-1921
-385
-2689
2176
-3457
3712
-6529
4480
-2689
2944
128
896
1920
-385
6272
2944
3968
128
-2945
2432
-6785
8832
-2433
8320
-5761
-7809
-897
-1665
-1409
3712
-3713
640
-4225
-6529
-10113
-4993
-10113
-1153
-10113
-641
-10369
-4481
-6017
-8577
-7041
-12161
-3201
128
-3713
-2945
2432
9088
2944
8320
2944
11648
-8065
5248
5248
6272
-4737
1408
-2433
-1153
4480
-4993
8832
-8065
4736
-8833
9344
-7041
896
-2945
-385
3200
128
-3713
-4481
3456
-7297
2944
-3201
-129
-1921
1920
3456
-8577
-2433
3968
-6017
-2689
-3201
-6017
384
-6785
-2689
-2433
-2177
-4225
-8065
2176
1408
-8065
1664
-7809
-385
-11649
-7041
-13953
-1409
-6529
1920
-14721
5248
-10881
3968
3968
8320
6272
7040
-129
9344
3456
7552
-2433
15232
-1153
12416
-7041
5760
-9089
9856
-9345
3200
-11649
3200
-7297
7296
-5505
10624
-641
8064
-897
8320
-5249
8320
-1409
3456
-1921
5248
-4481
1408
-8577
-1665
-897
2688
-2177
1664
6272
7808
-641
2176
-1409
1664
-2689
7296
-1665
2176
-129
6784
4224
6272
-1153
6528
1152
-3201
384
384
9344
-10625
-2689
-6785
8320
-6529
-1409
1152
-3969
2176
2944
-1665
2176
2944
896
8576
-6017
-5505
1664
6016
12416
12160
13184
1664
12672
1152
7296
-9345
12672
128
11904
-8577
8320
-18049
8576
-10113
11648
-11649
11136
-13953
6272
-7553
-5249
-3201
7296
-4993
-129
6784
640
-1665
-3457
4480
-4993
-1153
-13185
11392
-897
11648
-3713
12416
-14465
2944
-15745
1408
-10881
640
-11649
1664
-12673
4480
-11905
-7809
-10113
-11649
-12929
-1409
-10113
3968
-15489
-6785
-9857
-5249
-8833
