-4225
-14976
1664
3456
-129
-9345
-129
-9345
-8321
-10625
-2433
-19329
2944
-11137
640
31871
2688
-11137
2176
-14209
384
-5249
-5505
-13697
-8833
-28801
-10113
-28801
-6785
-31361
-6785
27007
-11393
-21889
384
26751
-12929
-11649
896
-16769
3712
-9345
6784
-1153
-8833
-4737
-6017
-13953
8064
-8833
-5249
-18561
6784
-11649
-1153
-25473
-10369
8320
-2945
1920
-6529
10624
3712
-8065
1152
-9601
-12161
-1409
-8577
-12929
-5761
-22401
-9857
-1153
-5505
-21633
-4481
17280
-10625
11392
-7297
2688
-14721
-3201
-12161
-5249
-7553
-7809
-1921
-4225
-6529
-10881
-2945
-6017
-13697
-20353
-7297
13952
3200
5248
-12161
-8065
-7041
-7041
-129
-7553
-9089
-6785
-4481
-7809
-8321
-23425
-3201
-7041
-8577
-21889
-7297
-6017
-10881
-6785
-7297
-4225
-3457
-8065
-7297
-5505
-1921
9344
-4481
4736
-385
-1153
6784
7552
4992
-21889
1664
896
5760
14720
2176
896
2176
1408
1920
-3201
-1665
-641
3712
7040
2688
1664
-1153
12416
1152
-18049
1408
13440
-1409
10112
2432
3456
9600
7296
1408
9600
2176
2176
1920
8576
-5761
8320
-1153
-897
-1153
-20609
2432
10368
-2433
17280
-5505
12160
2432
7552
1152
-6785
3712
-3201
-9345
640
3456
-2177
4736
-8321
10112
-13697
1152
18048
-3713
17024
-2689
4224
-7809
7040
384
3456
-3201
1152
-129
2432
-4737
8320
-1921
13184
-641
-23425
-3713
4480
-1153
5248
2688
7552
-3713
2944
-9857
10880
-2177
10880
4480
4992
1152
-129
640
6528
10624
-15233
9600
6016
9344
11648
3968
7808
-2689
2176
-897
-4225
-3713
1408
-2945
10880
-3969
14976
3712
15488
1152
-7553
6528
18816
-1153
18048
384
18816
-8321
7296
-5505
8320
-2689
8832
-1409
12160
-4225
5504
-4737
4224
-10369
-29825
-1153
8320
-2689
-1153
-6017
384
-3713
-6785
-3201
-13185
-10881
5504
128
128
2432
640
5504
8320
-2945
-22913
5760
7040
-641
4736
-4481
9344
-3713
128
-1153
640
-2433
8832
-385
8576
-2433
1408
-3969
3968
-4993
-28545
-2433
18048
3712
7040
-2945
20352
-6273
13440
-2689
6272
-3457
-1153
6272
1664
1408
5248
896
-4225
-2177
-26497
-129
3968
-12929
4224
-9345
14464
-2945
2944
3712
3968
4992
10368
8832
9600
10880
18560
-1665
3968
7296
-21377
-1153
12928
7808
384
4224
6272
12928
2176
5504
2432
-1409
-2177
-1665
-9089
-897
2688
-1409
-897
-2945
-32641
5760
4480
896
7552
-2177
1152
7808
1408
4992
6784
-2945
10624
3200
3200
1664
17024
9856
5760
11648
-28289
2944
9088
6016
5248
8320
7296
11904
-10625
2688
7296
1920
-1665
5760
8064
3200
9344
-897
8064
7808
-20353
-3713
5760
4736
3712
640
2176
-8321
3456
-6529
1408
-4993
4992
-5761
9600
-6529
16768
-897
14208
1408
-23425
-2945
6016
1920
896
1152
-2689
-2945
-1409
-3457
3456
-7553
-6017
-8577
3712
-16513
12672
-3457
3712
-8065
-18305
-7809
13952
-11393
13184
-4225
9856
-2945
7296
-5761
9088
-10881
6784
-10113
2176
-12673
13440
-14465
12416
-129
-29825
-6529
-3713
384
4224
640
9600
13440
384
7552
-897
-3201
6784
-4481
7808
4480
16512
-1665
3200
-7041
-24449
-2433
6528
3200
7552
7040
3968
-6529
-2433
-5249
-2689
10112
-3457
-6529
-11905
-3201
10368
3456
-6273
-641
32127
-6273
1408
384
-1921
-6785
3712
640
-641
4224
3968
9600
-2433
-2945
-2433
2944
19840
6784
6528
-129
-20097
4480
16256
5504
16512
-5505
9088
-1409
2944
2432
6016
3200
-6785
3456
-5761
-7809
16000
-3713
896
2688
26495
3200
5248
4736
128
-3969
1408
-2177
1408
-3969
-17537
-3201
-10625
-897
10368
-5249
15232
-385
-1665
384
-26753
-12929
4736
-13953
3456
-9601
7552
-6785
7808
-4737
-9601
-1921
1408
1664
-2945
-897
21376
-897
-1409
-8577
32127
-7809
11648
-10625
15744
-4481
20352
-11649
24960
-11905
6272
