-16769
-4737
-21632
13696
30336
22912
20864
20864
22912
22400
-6528
10368
17536
16512
-7297
-3969
-32639
31104
-2430
12672
-27261
27776
7812
25984
-8830
10880
-16255
12416
-19583
11904
22146
6272
-1663
14720
18049
-11393
-15743
11392
-24447
12160
-23423
14720
-21119
14464
28545
19584
12929
5248
2433
14464
-29055
11136
-12160
14208
25984
-2433
-28288
19328
-21632
23424
-31360
17280
-28544
10368
27520
7296
29824
10880
29056
13184
8833
9088
-15232
13696
17792
-20865
-24704
8576
-19328
17536
-26752
13696
-24704
896
-29312
7808
27776
-3201
28800
6016
-9600
-2945
24960
6272
15232
-19073
22912
4480
25216
1408
31616
5760
-17024
5248
-30848
7296
28032
3200
-26496
7296
6273
10624
31104
896
12160
-23425
-25472
10368
-25728
8832
32128
-1921
-32384
4736
31360
6272
19328
8576
28544
10112
5249
15488
22144
7296
-3457
-25473
26752
14976
19328
20864
14208
9600
11392
12416
18816
6528
8832
13696
10880
5760
-25984
20352
13184
11392
-5505
-21377
20608
10368
12160
12672
21120
8576
26496
10368
17536
7808
7040
7040
16256
14720
28288
25472
10368
7808
-15233
-19073
28032
9856
22912
4480
21632
7040
22656
-3201
12928
1920
22400
640
19840
-1409
31872
12416
20352
2688
-14209
-23425
26496
5248
-32640
13952
-28288
8576
-27520
8576
30848
9856
18816
2688
24192
7808
26240
16256
17280
6272
-24449
-27265
20352
3200
19584
9088
14976
7296
18304
7552
15488
10112
128
2176
9344
-897
10624
14464
3712
5248
-14977
-28801
26240
8064
15744
14208
15232
3968
9856
-1409
1920
-897
-2433
3968
6784
7040
12672
17536
-641
-1409
-31617
-25473
5248
3456
14720
4736
10112
-10881
2688
-14977
17024
-3457
-641
-1665
1664
-7809
19328
2176
-5249
-1665
-23169
-31105
15488
11136
9856
14976
7296
13184
6016
3200
6016
10368
1920
2944
9600
7808
13952
18048
15744
9088
-4737
-26497
25216
11136
23168
10368
14464
-897
26496
-9089
12928
1920
4224
-9089
18304
2688
22144
12928
7296
-385
128
-24705
19840
15488
23936
7808
18816
3712
23680
384
22656
2176
21376
128
21120
-1665
28032
11136
12672
-385
9600
32383
26240
128
26496
7040
24192
2688
24192
128
-31872
-6785
30848
-3457
17024
-11137
24960
11904
7808
2688
15744
-30081
-31104
1408
-32384
7808
26240
4224
20608
7296
21376
-129
25984
11136
22144
8832
18816
16512
12160
6784
16512
-20097
29056
16256
15744
15488
17280
12160
17536
13440
18560
13440
27776
6784
19328
-897
21120
18304
-1665
6528
21120
-17025
18816
14208
-32128
10112
11648
8320
14464
-1153
-1665
-1153
9088
-2945
2688
2944
15232
19840
-11137
384
4480
-15745
1920
640
10112
14208
-1153
8832
8320
-385
2944
-4737
9600
-4737
6528
-10113
-25216
9088
8576
-1921
16768
-24705
23424
1664
19072
3968
15488
6528
18560
-5761
21376
-2433
9856
3200
10624
1664
-14976
20352
-7297
-3201
18048
-26241
32640
1408
23168
-2945
23424
4480
22912
-3201
16000
-6785
31360
-6273
25728
-12417
-2688
13184
21376
-5761
-25728
-28545
-31872
-5505
-29568
2688
-24448
-641
-27008
5504
24960
-1153
-27008
-4993
28544
-5761
-2432
11392
22144
-2433
-27520
-28033
-29568
128
-16512
1920
-29568
-2689
-22400
-3201
-20096
-6273
32640
-6273
26752
-12929
2689
1664
19840
-15233
-27264
-29057
-22144
4736
-27008
-1921
-20352
-1153
-14464
-8577
-28032
-4225
-26752
2688
28800
-4993
-1920
12672
24192
-3713
-29568
-21377
-28800
14464
28032
15232
19072
8064
-30592
6016
24704
8576
25472
8064
17792
2176
-12672
14464
14464
-6273
-25984
-29825
-30848
7552
7553
-1665
-31870
7296
-11133
-11905
31875
-897
-7295
3200
32384
-4993
-30336
9600
-21889
-7297
-28801
-27777
10111
3712
-13698
7296
-9090
6784
3711
13952
-9602
6272
-23682
7040
-30338
7040
-10626
21632
20606
896
-23682
-18561
-14722
5248
-13954
6272
-8834
-3969
-6786
128
-3202
4992
