1921
11137
30847
-19073
22655
-19073
22399
-17281
19839
-10625
-22657
-23169
-23937
21375
29567
-19329
-27265
-14209
31871
-16513
-30849
-18049
-25729
-28545
-16257
-30081
-18561
-13953
30335
-7297
-12929
17279
-23681
-18305
-25729
-16001
31871
-11393
-25729
-23425
-17793
-641
-17025
-9345
-8577
-7297
-24193
128
-30849
-21633
-7809
-24961
1408
-27521
-17537
-5761
-26497
-7297
-22657
-5761
-10881
-18305
-11137
-385
-7809
-8833
-17537
-4737
-14721
1408
-7297
-17281
1408
-15489
-22913
3456
-27009
2688
-20609
-2433
-16513
1664
-12929
-6785
-12417
2432
-2177
7808
-22401
20608
4480
-21633
-3969
-11393
-14977
14208
-8577
384
4480
20608
-9089
7040
-2945
-1409
4736
2688
1920
16256
-3457
-12929
21888
-12929
11136
-7809
3712
11904
640
19840
1920
-129
1408
2176
128
4736
-13697
10112
-9089
7808
-7041
1664
-7041
7296
-7553
-16257
-25729
19840
-11393
20096
-12929
-8065
-14977
-7809
-8321
6272
-11393
-897
-1921
-385
-23937
5760
8576
-129
3712
-8833
-14209
5760
-16769
5504
-6785
1152
-11393
5760
-18561
7808
-16513
-2945
-18305
-8065
-15745
16768
11136
-8577
-6785
-23937
-17025
-8321
-16513
5760
-10369
12160
-8577
-5761
-6529
4224
10624
-1665
-129
-2433
1152
-129
-641
-9345
-8833
8832
-16257
21376
-26241
15488
-11393
17024
-7809
-2433
-9601
7296
-9089
16000
-16769
13952
-30849
4480
-385
-14721
1920
2944
-16513
5248
-19841
16256
-7297
4480
-13953
640
-13697
-2945
-11137
-4993
-7041
8064
-17537
9600
1408
-1153
7040
-2945
-14977
20864
-18305
14976
-2689
16768
-6017
-1665
-2945
2432
14208
-2177
2688
8832
-4993
9088
13184
-19329
9344
-2945
-1153
2432
-3713
4736
-9345
1152
1920
-2177
896
8576
-4737
-19585
1408
2944
-3969
6016
29312
1920
384
3712
-2433
4736
-3713
12416
-5249
3712
1408
-1409
10112
-7041
9344
-6529
-9089
-9857
-22913
10368
5248
-18305
-9345
-641
-11649
384
-14721
6528
-18305
2688
-6017
-4993
-4225
-11905
6016
-12929
2176
-4225
-2689
4480
23168
-17793
5504
3968
14208
-385
640
17536
2688
6528
-641
-2945
-2433
-1153
2176
14720
384
-14977
-10881
-2689
12672
-18817
-2433
-2177
-9601
640
-11649
19840
-6529
-9089
-6017
-9601
-3201
-10625
-14721
-9345
1152
-10369
-7297
13184
12928
-25473
-129
-16769
-1153
2176
-6273
4736
-11649
-1153
896
1664
2688
3200
4224
6016
-3201
-10113
1152
22144
15744
-24193
6016
-3201
1664
-8833
-641
896
-7041
4992
-6529
13696
-6785
-1921
11392
1664
2432
-7041
3712
9088
12416
-17537
-129
9856
-2433
7040
-11393
9600
-129
20352
-385
-8833
-8577
7808
-4225
9600
-2945
-9857
-6785
-3457
20352
25215
-385
-18817
12672
-129
-4737
-641
-1665
16000
9600
-9857
19072
-11649
-3969
-4225
1152
-12161
-4225
-385
19584
-5505
-129
-897
-3969
3712
-6529
3200
-5249
1408
-3457
1920
384
3712
6784
896
-2177
-897
2688
-5249
4992
-18305
3712
7552
-4737
-2177
-14209
-5761
-7553
7552
6784
-17537
2944
-8577
2944
-3457
3968
-18049
896
-18049
18304
-18817
-5505
-10113
-5761
-12161
-1921
-9857
-1409
6272
-3969
3456
-1153
7296
-641
-5505
-2433
-9345
128
4224
10880
-7553
10112
-8833
16256
-7041
-2689
5248
-8065
5760
-10881
2944
-4737
-4993
128
2432
2432
7808
7808
8576
21120
-16769
-2177
1408
10368
-11137
-2689
-12673
12928
128
6528
8576
9088
-4993
5760
13440
1152
-4737
8064
896
27520
-20097
7808
2176
9088
-31873
4992
-5249
2432
-9857
10112
16256
11648
640
4480
-11393
10368
7552
21120
-385
17792
-2689
1408
-5505
16512
-4993
10624
-641
-129
384
7808
4224
10880
2944
14976
16768
7040
-5761
12928
5504
17792
-22145
13696
-6273
5248
2688
10624
13952
896
-385
-1921
-9089
-3713
-1921
-1409
5248
3200
-385
10368
-17537
28032
-14209
640
3968
22400
30847
7040
3968
-2433
-4481
-13441
11904
-11649
-2945
-2433
-3713
