-22401
31103
1920
2176
1152
384
14464
-2945
-4736
20352
-2433
-5505
-30593
19839
27520
16768
1408
7296
12160
4480
25728
7040
19328
10368
8320
8064
128
2944
9601
27520
-5505
-3713
25727
22143
28288
8832
12672
6272
7808
12928
27264
21376
-2689
-12673
12672
-3201
12672
-641
-7552
26752
-28033
-3457
-27009
-19329
7552
-30080
12160
24448
9856
30336
16768
20864
1152
-385
-5505
10112
-1153
1408
13185
21632
-13185
-9089
-21377
-31105
10624
17280
22656
7808
27008
10368
22144
17792
5760
-7041
7296
-641
-1409
-10369
897
27776
-14977
2176
32639
-21889
16000
14976
18560
21888
18560
16256
23680
22912
-6785
8576
640
6272
1920
-2689
8833
29568
-19841
-9857
-29825
-31361
17024
19328
16768
15488
-385
9344
16768
14720
5248
14464
9856
6016
13184
384
-11136
16512
-2177
11648
-31105
-21377
4736
16768
29568
23424
-1409
11648
4736
3968
-9089
-897
-4993
5504
20352
3968
-15488
10112
30335
-18049
-25729
18047
12928
7808
-8065
-129
25728
18304
25472
15744
-15745
-2945
5504
14464
-11905
-1665
27776
14208
16255
-13441
-25473
-20609
4992
10880
12160
2944
5760
-641
12160
-7297
5248
2432
-3713
2688
1920
7296
-22400
12928
-21889
1408
-31617
-24705
11648
20096
3200
15232
8576
12160
10368
8832
896
-6017
6272
-1153
7296
-10369
-22400
12672
30847
-16769
-17537
-21633
-897
8832
16256
8064
12416
1664
13696
5504
-385
1920
-11649
-4481
-21633
-13441
-32640
13696
18303
-14465
-10625
-5505
8832
13952
20096
27008
16512
30592
-5249
6528
5248
-385
3456
-13185
6784
-897
-25984
21376
6783
-16513
-26497
-8577
896
18560
-3969
19328
10624
16256
2176
9344
-14977
-3713
-5761
7040
6784
18048
28032
19328
10879
-11137
-25217
-10369
19584
-32128
-4225
9344
-5761
17792
-3969
6272
896
2688
6784
8832
-6529
896
-32128
17792
10111
-17281
5504
2944
9344
26752
-897
25984
6272
16512
16768
13184
9344
9344
-6529
6784
-897
12416
-13696
27520
-32385
-129
-22401
-10113
-129
9344
15488
12928
16000
17792
10880
10368
-8833
-5249
18304
12928
-9345
-2689
23168
5248
4991
-21633
-9857
-4993
-6785
11392
11904
20352
1152
12160
8320
22144
-641
18304
4480
19584
-7297
8832
16768
384
7807
-15745
-9601
-11905
19072
10624
-30592
30848
7040
2432
8320
-385
8320
-7297
16256
-2433
-19073
-12161
23936
3200
19839
-17281
-8065
-11393
8320
13184
3200
15744
17280
11136
18048
9856
-5249
-13185
16512
7808
-8321
-21121
23680
-2945
19583
-20097
-9345
-10113
1920
896
9600
5504
18560
11648
14208
1920
128
-9601
13440
-1921
9856
-4481
-26752
6272
31359
-14721
-14209
-12417
-16257
-2945
-385
-2177
-3457
-3457
19584
10624
-18817
-4993
-4481
-10113
1152
2176
-31616
21632
18047
-10113
-4225
-14209
-8577
-2945
5248
-385
2176
1408
17280
3712
1152
-6529
-1665
-12929
5760
-9089
20864
640
8831
31103
-9345
128
2688
6272
9600
13696
7552
10880
5504
3200
-1153
-12929
4224
-6529
-12161
3712
13952
2688
11135
-10113
-18817
-7809
-18561
-7297
-1409
14976
4480
7040
-641
6528
-7809
-4225
1152
3968
-20097
3712
13184
14464
16255
-19585
-14465
-7553
-3713
-3201
3968
6272
-9089
20096
-2945
20096
-18305
-1921
-27009
6528
-24193
4480
-4993
19840
-26498
-28545
-21889
2688
-27777
-3969
-6529
4736
-385
10112
640
6784
-15745
-5761
-9345
-897
-6785
5248
16768
14720
3455
-15745
-15745
-6529
-897
-2945
-3969
5760
-15745
-1921
-1409
640
-8577
6784
-21121
-9857
-24961
-2177
6528
384
4479
-26241
-8321
-3457
-14721
-21377
8832
-2177
8064
-3201
12928
-1921
1408
-12161
4480
-10369
-2945
-15745
22912
-4481
4735
-32385
-6785
-4737
-18817
-16257
4480
-641
22912
13440
9856
384
-16769
-16001
-10625
384
-4993
-3457
15488
12672
-7554
-29825
-3201
3456
-21377
-1921
14720
14464
-4481
18048
4480
4224
-12161
-3457
-385
5248
