-11904
-22400
-30336
23936
-19585
25983
27775
-14465
-22401
4479
12160
-12417
-28801
27775
9343
21119
-27521
-23681
-26753
-24449
-32385
25727
-31617
17535
-3969
-21121
-23937
-21377
31359
-4482
14464
3968
-30337
-32129
25215
-25729
31103
-5249
29311
29567
-18561
-19841
-8833
-12673
-18305
32383
-31873
-17793
-17281
6527
19072
4224
20095
-21889
-30593
-28289
-16001
-8321
-6017
-13441
-9857
32639
-18561
13952
-19073
-11137
-20097
-3457
24703
29823
17536
31360
-31361
21375
-23681
-17025
-13185
-10881
-25217
-24449
-20353
-5761
-24961
-24449
-17025
-13185
-14977
-9345
-4225
30335
-16256
640
-7041
-32129
9600
-3713
-13441
3968
-6529
-11393
-12673
-6273
1408
30079
-14977
-5505
9344
-1409
-22145
24703
-11392
-17024
-7553
22911
-2433
-11649
-6017
-16001
2688
3456
-11393
-22145
7296
1664
2688
-24449
8832
-14209
-8577
4736
4224
-9345
-11393
7552
-16513
-18049
-24193
-1921
-5761
-27265
640
-30336
-8833
-30593
-4737
20864
-22913
2432
9600
2944
22912
14464
-6017
11648
-17793
27775
15232
8576
-20609
-31361
-6273
17280
4736
-14209
-1153
7808
16512
11904
9344
-21121
-31616
-10881
-8065
-13697
640
5248
4992
-14721
-8577
-22913
5248
-12161
1408
-9601
-2945
-28545
-9345
-13953
16000
4736
30592
7552
-6273
32383
-12673
-13953
-2945
32127
-6529
-641
384
-10625
-1153
-13953
-9857
-19585
-7041
25727
-2177
1408
-19072
26496
-9601
27519
-2945
-12929
-12673
-12417
-12417
12928
-6529
6784
-5505
128
15744
2944
9344
9344
-9857
13952
30848
27264
-7809
4992
1152
25727
-3713
4736
-5505
9088
1664
8832
3200
9088
23680
128
11392
-10113
22912
-18561
-30336
18560
8576
-14465
8320
640
640
-12673
-9089
-2433
14720
6272
7296
-1409
-8065
7040
896
-23681
-897
7552
-21120
-16000
-9089
-25729
-6529
12416
22400
-2945
4736
-1153
22656
-11905
14464
-10625
-2689
-21633
32128
16512
1664
-14721
-7296
-26496
-18561
-22145
-9857
-18817
-10369
-13953
-19329
-19073
11904
13184
-21121
24703
-5249
3968
4736
384
4480
-20353
-24960
10112
-129
15232
5760
-10625
-5505
-3969
-27265
-6273
-5505
7040
-3457
128
-11393
-11905
25728
6272
4736
22912
-14976
20864
-5761
-9857
20608
14208
7296
-1921
7040
3968
1664
128
-22401
2432
-11393
8832
7296
19328
8832
30592
-26752
-32128
-21889
7040
-25473
-5505
-17025
-9089
13440
-28032
-5249
-6273
-16513
-16257
-1409
-897
1152
2944
-22913
-15489
-20864
-32384
-27265
-6529
-3969
31872
2176
13440
-10113
11136
-2433
-641
9600
26240
-19329
-6273
-31872
-31104
18816
12416
-31360
8832
-14465
-13441
24192
30848
-2945
8576
12160
20352
9344
4992
640
4480
-29056
-1153
29312
14720
-129
-6273
-22656
22656
-13953
-14977
13952
23936
1152
2944
11392
24960
15744
4992
9088
2176
-9601
18816
3200
7296
13952
7040
-13184
-26240
-9345
-27521
29824
-8321
15488
11648
11904
-26241
3200
22912
4224
27776
28032
11392
24704
640
32640
11136
12417
2177
-12929
-20609
2432
9344
-2945
7552
6016
-11905
27520
29824
-2433
1152
1664
-1409
20096
11136
-6273
21120
-16512
28032
-29313
-3713
11904
-2177
896
14208
4736
-6017
3456
14208
3712
-7297
6784
-11905
29312
25728
13440
6016
-32640
28288
-3457
-15489
6016
18560
8832
-4737
1408
7040
9600
12928
24704
11648
-28544
4992
-3969
18304
6528
-10113
2945
-27264
-10113
-13441
-28544
31616
-4481
2176
-4737
10880
-1153
-16513
-1921
18048
-9089
-2177
-2433
-7809
-12161
-4737
-16768
-6272
-23425
-3969
-15489
9088
22400
17280
-7553
4224
-11137
21376
3456
-12929
5760
3200
14976
32640
-16001
4480
-18048
-22656
-21121
20096
27264
29056
10880
896
-11649
896
-10369
2944
11392
-12417
2688
-7041
5248
17536
-3713
-22401
17537
-21120
-5761
13440
-18048
-12160
-2177
-1921
-10625
-15489
17792
7808
3712
14208
-10113
-16257
10368
5248
14976
896
-13952
31360
30847
-17793
25728
10368
9600
8320
-1153
18048
4992
30336
128
-8065
-7553
22400
