-9345
-20353
7552
19584
640
17792
18560
17792
30848
-8320
5504
4992
2687
-25474
26496
-12672
11392
-30080
4480
30080
7040
22912
-3457
16256
8832
8576
-3713
-5249
10880
27776
7296
-2689
-3714
21374
27008
-17280
14208
-29568
4992
-30336
19072
16256
-129
5760
-9345
6528
-385
-4481
-29056
-27008
-7297
-5249
30335
30078
9600
-29568
31360
-14208
22912
29824
-28544
14208
-6017
-13441
16512
7040
-4481
5760
-29056
31872
-385
-7297
9599
27774
3712
-26496
25472
-19840
10880
17024
3712
7296
10112
14464
3456
384
640
3712
23424
-29824
20864
3968
13183
-32386
-31872
-13184
15232
31104
11136
18560
25472
6528
18560
5760
4224
-17537
3968
-18305
-2176
-27776
4480
-14721
12159
20606
-29568
-26240
8064
16512
25984
13184
22912
11904
9600
1920
-3457
-12673
31104
8832
-29568
-25216
-1409
-8833
4991
-29826
4224
-17024
11904
-32640
23168
-25728
-4993
11648
-1921
15744
-1153
9344
-3969
4480
21632
-18560
-8833
-7553
8831
-29570
18816
-15232
-3969
22400
6784
31872
-8321
8064
-28289
-6017
-1921
-13185
2688
-12929
-385
16000
-9089
-24705
13951
30078
-2433
26496
24704
31104
7808
23424
-31360
13696
-5249
-8321
5760
-385
8064
-7297
31104
-28288
2432
-24705
14975
-30594
32384
-21632
19072
-26240
13952
27520
5760
3456
9088
4480
-26497
-24449
16768
-4225
10112
-27008
-2177
-13697
13695
31614
12672
-20608
17536
-30336
10880
28032
3712
16512
-1665
-5249
-3201
-2689
-5761
4736
2688
24192
-14209
-20865
18815
28542
21120
-29824
11136
23936
23168
14208
13952
7296
16256
4992
1152
128
-897
-15233
26752
26496
-5761
-19073
26751
31870
14720
-28800
11904
24192
6784
28800
11136
18048
-641
14720
-15489
-2689
-11905
-8577
25216
-19840
-8321
-12929
9855
-24194
-29824
-24192
18048
-28032
17536
-25472
2176
30592
11904
11648
13440
-3713
896
-1665
2688
28800
1152
-20353
14207
-25218
18304
-26240
9344
17536
25984
25216
4224
4224
20096
9088
3712
-4737
128
7296
23680
17024
4736
31359
-24705
-25474
8576
20864
4992
29312
12928
25216
8576
16768
1664
-12161
128
2688
-1409
-15745
17280
28544
-5249
-32385
26495
-29314
11904
30080
15488
18048
8832
14976
640
8064
-7297
5248
-1153
-7809
8576
-129
17792
8576
-11649
28543
13439
27262
8320
22400
27008
-27776
7552
31360
14976
17024
-3969
3200
28288
4224
9600
4480
7552
12416
-2945
-23681
-24449
-17026
15232
21888
11392
27520
17536
22144
-5249
16256
-7809
11648
4224
5248
-9857
1152
12160
29824
-8321
-28545
-27521
-10370
7808
23168
-30848
-23424
12416
27776
13184
20608
-8577
-9345
-385
-2433
-8065
-8321
23424
22144
-897
-31873
32127
-14978
16512
31872
20096
-24192
-385
18560
-30080
12160
-1153
2688
-5761
-11649
-9857
-7297
16256
15232
-7553
26495
25471
-11650
9088
29824
14720
-29312
-6017
21888
2944
11136
1664
5760
-5761
-641
-22145
-15745
23424
24448
-32129
27519
-27777
-17026
11136
27008
10624
28032
3456
29824
22912
17536
-13953
640
18816
-385
-16513
-7809
28544
22656
-18561
30591
-28289
-3714
18304
-31360
15744
29824
-27264
-32128
19840
19584
-897
-13953
14720
4736
-13953
-7297
11648
6016
-19329
28543
-21377
6015
2176
29568
9856
28800
3200
27264
6784
11904
128
-2689
-4225
4736
8832
1920
28032
25472
-16769
-20353
-26753
383
-3201
-32384
11904
-31616
13440
18048
5760
24192
-1921
-9089
640
4736
-29825
896
28288
-31360
-23681
-23681
31871
7807
5760
23936
17792
-27520
3968
24448
4480
13440
21376
384
-5249
5760
-13185
-12417
22144
23424
-27777
25727
25471
3967
6784
29824
19072
-31872
1920
-30080
-1665
17024
11904
4736
15744
-3201
-16513
-4737
24960
17280
-3201
24191
-28801
-6018
2176
22144
10112
31616
19328
25472
15744
18816
-8833
-13185
-385
-8833
-27265
-11905
9600
11904
-28545
20095
30335
2687
12928
25216
4992
30336
20608
-30080
10112
21632
384
4480
10880
-129
