-18561
28287
11392
6016
7552
7296
14464
9600
-31104
19328
11904
-7297
30079
17535
-21120
23424
29568
16256
17024
10112
19328
7808
29056
2432
15488
1920
5504
-1665
-18304
18560
17536
4992
22399
-29825
23936
30336
16512
30080
32128
29056
30592
13696
5504
13184
10624
7808
11904
14720
32384
17280
-3969
-6529
22655
13439
9088
19840
21120
16000
9344
17024
19328
9088
-8321
11648
-4993
2944
-2433
12672
28032
29568
-3713
1920
23679
29567
23680
25728
13184
29568
12160
31616
4992
16512
-15489
17024
-4737
9344
7040
9344
-16256
-31872
-3713
8832
-12417
31871
12928
-32128
12160
-16256
8320
-27776
10624
16000
-6273
9600
-7553
8832
4480
6272
-28800
8320
7552
-4993
-31617
14975
21376
16256
32128
18304
384
21888
16000
4224
-2433
-6529
3200
7808
-641
1664
9856
25984
21376
-5761
23935
18815
13952
23936
22144
26752
7552
13952
640
6784
-1153
4480
-4481
3712
20608
1408
15232
30336
17536
-4481
13695
25471
-31872
14208
-129
16512
19584
-3969
18304
-385
-7297
-1665
11136
-2945
-9601
-2177
6784
-31104
7040
-129
22399
24703
10368
19840
13952
12928
22144
15744
-8833
8064
11136
-9601
-11905
-4225
8064
4736
14464
23680
7040
-7809
13951
17791
20096
6784
20096
2944
12672
-385
5248
9856
-14721
-10369
-8065
-4225
-8577
-12417
25984
17280
-11393
-10369
23935
23935
14976
23680
9088
23680
4480
22144
3968
-3713
2944
-2689
-17281
-6273
-18817
1152
9088
21376
-3201
-17537
22655
20607
8320
21376
12160
17024
27776
8576
7296
4224
7808
640
-4737
-7041
18304
-1153
25728
28288
9600
-11393
25727
26495
26496
25984
14976
21376
25984
13952
7296
-6529
3712
-7553
-3201
3200
5760
-641
23168
21632
-18049
-20353
27775
22911
19840
13952
896
12160
5760
11136
-1153
3712
-24961
384
7552
3712
-24961
1152
6016
22400
-28545
-16513
23167
19839
24960
8320
12416
21632
20096
12160
-11649
10368
-9857
-897
-4225
128
-14465
4480
10624
30080
4736
-14209
14463
26751
128
23424
4224
22912
10368
12672
-1153
4480
-20097
8576
13696
8320
-11137
9600
15744
27264
-9857
-20097
20607
15487
8320
3712
3200
11648
-2689
3456
-24961
1920
-26497
-4737
-11649
2432
-15745
-9601
-10881
24448
23679
-19841
-6786
24191
-2177
11392
19328
12672
-20865
8320
-27009
-1409
-14209
1664
-15489
-1409
24703
9600
18048
25472
-29057
-16001
14975
31359
8320
19328
-5761
22400
-2177
15488
2944
12416
-30081
7552
14464
-641
-15745
6272
-8833
18304
29567
-21633
19327
26239
3712
24704
-385
22144
6528
16000
-9857
8064
-9089
14720
-2689
17792
-12673
24448
15232
-32384
-15745
-13697
15999
-30849
896
20352
4224
18304
2176
16256
1920
6784
-8833
8064
-8833
-2689
128
1664
8832
17792
29055
-20097
18559
27263
7296
6016
-7297
21120
640
19072
11392
1152
-1409
1152
-10369
-6529
-129
128
32640
-2177
28287
26751
21631
9087
14464
9088
6528
4224
18560
-3201
-10881
-2945
-7041
-11137
2944
-9089
6528
4224
4480
17280
-20865
-17281
25215
-30593
-385
12928
3456
21632
2688
14208
-1153
11392
-4737
11904
8064
4480
-17793
9088
-3969
29056
-22913
-13441
9855
-25985
-2689
23936
1920
20864
8320
22400
10112
11392
-7553
7552
-13185
-4481
-14977
-5249
19840
4736
28543
-24449
-31617
30335
-2689
14464
-3969
15232
-3969
9600
896
3200
-24193
5760
-15489
-10113
-27777
-1153
10112
12928
30591
-16001
7039
-27009
12672
19072
2432
29056
-10369
16768
-1409
12928
-4993
5760
-641
3456
-18561
9088
2688
24960
-24449
-27265
17535
25727
-4481
12672
-641
17280
-12417
8320
-13185
3200
-28801
-4993
-16513
-10625
31359
-9601
17024
7552
-31873
21887
21375
15743
-23681
-3713
-12673
-1665
10112
128
-7553
3456
-28545
-2689
-16001
-10625
-10369
3200
-385
9344
24447
-28545
-29057
21119
-5761
1152
-18049
12928
-9089
7040
-23681
6784
-31873
384
-6017
-9857
