25216
3712
19840
17280
32384
-30848
25728
25472
28032
17792
-22144
-27008
16512
11392
-27009
-17793
-32384
30592
26752
25216
19840
12416
9600
9600
15744
8832
25472
26240
384
-129
14976
27776
13184
4736
22399
18815
29568
30848
18816
5760
10880
16256
5760
3712
8320
6528
5248
8832
-6529
-7297
30592
23936
1920
-10369
-20353
31359
14720
5760
-27008
28544
2432
896
23424
16512
-14465
-12673
10880
2944
-4993
-12929
24960
20864
-10881
-14465
7039
22655
-20609
-13953
15232
16512
-13697
2432
-23169
-15233
-3969
384
-8321
-10369
-4737
-5505
-1921
5248
-11393
-8321
7807
-32641
17280
20608
-10625
-2177
-6273
-2945
-1153
-897
12928
5760
-8065
14976
-28033
-6529
25728
-24448
-24449
-16001
6271
20607
1920
19328
-5249
13696
3456
4736
2432
7040
10368
12160
2176
-3713
11904
12160
20608
23424
-4481
-8321
24447
23167
18816
10112
1664
9344
21632
15232
-17537
-20097
-129
640
-11393
-11137
-8321
-13697
-30336
21632
-14721
-10369
26239
25727
26752
24704
-9089
128
16768
14208
-7041
-12673
1152
-4737
-5505
-14977
9856
-3969
16512
20352
-9089
-13697
22399
32639
-1153
6528
10368
8576
-3969
-13953
3712
384
-8833
-14977
-6017
-7041
-6785
-13697
23936
29824
-23169
-23169
14463
23679
12928
12928
16768
18816
16512
14720
-12929
-1153
23168
10112
-10369
-11393
6272
2688
-26752
24960
7296
-12929
12159
5503
16256
384
24448
27264
2176
12672
-12417
7552
1920
10880
-4481
-641
10368
7808
16256
25728
-7809
6016
26495
21631
17280
6784
5760
5760
5248
384
4480
-1409
5248
9856
1920
5760
-10881
-4737
28800
-32384
2944
-13441
18303
12927
14208
17536
-385
9344
13952
12160
10368
5760
1920
14464
-7553
2432
-7553
-129
27008
-21376
-4993
1920
27263
26495
22144
18048
10880
4224
7040
1152
-11137
-17025
-1409
-1665
-9089
4480
384
6784
16000
23424
-13441
-12929
25471
23167
27520
22912
-1665
5248
22144
19584
-19585
-3969
12160
20096
-13185
5504
11648
-385
9088
28032
-8321
-7041
-30081
27007
-2433
128
12928
640
13696
9600
3712
-3969
-2433
-6785
14208
640
-11905
-1665
30848
-31104
-6529
-4225
32639
29055
8320
16000
8320
22144
1664
12672
5760
3712
11392
14208
4736
6272
12672
13696
23936
31360
-12417
-4737
26239
-30593
11136
3456
20608
12416
5504
9600
9344
-1665
11904
-129
16000
4480
6784
-4225
22912
19072
7296
-1921
-30081
-28289
25984
20352
12928
7808
7808
6784
-6529
-7553
640
-897
6784
2688
-16513
-1153
17792
-31872
-12673
-19329
31103
-21121
896
8064
29824
27264
19840
11136
15744
3200
-13441
-8833
11648
9856
4480
1920
-31360
26496
-1153
-14209
-25985
-25985
28288
17024
-32384
14976
-2945
1664
12160
-6017
16256
1408
2432
-2945
10368
-8577
32128
30080
-2177
-22401
-20353
-32641
29824
11136
26752
12160
10624
4992
16512
9344
6016
10624
16000
9344
-12673
-6273
-22656
-28544
-7041
-24961
-21633
32383
28288
12160
21376
11904
-31360
23424
8320
2432
-6017
-8833
24960
-897
896
-6529
22912
25216
-10881
-13441
-21121
-21633
21632
16512
10368
18304
17536
14464
-5761
-8577
3712
-12673
17536
17024
3200
-5505
-26752
28800
8064
-11393
-7297
-18561
24960
11904
13952
12416
14720
4736
2944
-6017
14464
-1665
19328
8576
9856
6272
-9088
-29056
4480
-13185
-16769
-20353
17024
3712
-29056
19072
9856
3968
29056
18304
9856
13952
18048
4992
-12417
128
-16256
-25472
-10113
-12673
-13953
-19585
16512
30336
-26496
20352
20864
23680
12928
13696
-31872
13440
23168
17024
896
2944
-32640
-24704
128
-7809
5248
-15745
-15744
23680
26240
23680
18304
31872
2944
6016
18304
11136
9600
-641
-8065
-13441
-32128
-30080
-5249
-10881
-27265
-26497
-31872
6784
25216
8832
-31360
23168
13440
11136
15488
-5505
6784
-641
-2945
-1665
26752
-27008
-12417
-19073
-19073
-19329
-32640
29056
15232
12160
21888
-27776
3968
12928
3712
13440
