-2177
-27008
5248
-3969
-1665
-8321
-3457
-8833
-4993
7808
-385
-18305
-129
26495
3456
-4481
896
-14465
2432
384
-1665
-6273
-9089
-18561
-9089
-30337
-6017
-25473
-8065
-6529
-8065
-27521
-10881
19071
1408
-16001
-6529
-8833
4736
-10369
2688
-5505
-3713
-3457
-5761
-7041
3968
-10881
-641
9856
2176
-12161
2432
30847
-6017
3712
-7041
7808
-4993
4224
-6529
-3201
4224
-8833
-3457
-4737
-10625
-7041
-10625
10368
-6529
-19841
-2177
-25473
-641
14208
-11137
4992
-8065
6272
-6529
-5505
-16769
-11137
-9089
-8065
-4737
-4737
-8321
10112
-7553
-18305
-7041
-24961
-12673
3712
-1665
10880
-2945
-4737
-13441
-12417
-2689
-9857
-7297
-10369
-7041
-10625
-8577
5248
-5505
-20609
-4225
-32385
-8577
-12161
-10369
-5505
-4737
-6273
-7297
-11905
-6529
-12161
-4737
-129
-3969
-1665
-2433
19072
4736
-1665
6528
-27521
6784
1664
4224
8064
1920
-129
6016
-4993
-3969
-6273
5248
-7553
2176
3712
8064
11392
128
-7553
-5249
-11137
3968
9856
640
2944
-385
384
1408
2688
4736
640
6016
-2945
6528
128
-3457
17792
-2177
-15745
-7041
-20353
384
-897
1408
7808
-3969
8320
128
-6017
128
-2177
2688
-9089
-897
-897
2176
6528
3200
-20865
7552
-25217
6528
11648
1664
9344
-4737
6784
-3457
-5761
-1665
-1409
1408
1664
-641
-10625
-5761
19072
-385
-12929
-6529
-11649
-3201
1664
128
1408
5760
128
-2945
2688
-6529
-1153
-1665
-129
-1665
4480
3968
11136
-129
-25217
7040
-2433
9856
640
9344
-129
4224
4224
1664
-2689
-3969
-9601
-4737
-8833
-5505
3968
-5505
14976
2432
-8321
896
2432
-129
16256
3456
11392
-4993
18816
-3457
384
-3457
2432
-6017
5248
-7809
4736
2176
6784
-6785
-21633
-2689
-16257
-1921
896
128
-641
-7809
-3457
-11137
-17537
-2945
-18305
-7041
-9857
-5761
-4737
640
8064
3968
-25729
-129
-9857
3712
8320
3456
-3969
-2433
1152
-2689
2688
384
-9601
-8065
-2433
1408
8320
128
3456
-1153
-23425
-4993
-11905
-1665
6528
-2177
13440
-129
9600
-2689
14464
-4737
-1665
-7809
-129
5760
-9089
2688
8064
-385
-22401
-2689
-12929
2176
-6017
-7297
-3457
-9089
1664
-7041
4992
-5249
896
5504
3200
9088
-641
7552
22400
1920
-12673
1920
-2689
1152
7552
9856
-2433
-129
-3457
12416
-2177
10368
384
896
-4737
4480
-8321
3968
640
-3969
-30081
-4737
-17025
3456
2944
4736
7040
-1665
128
3968
-3713
9856
-7041
1920
7808
1408
4224
640
6784
11904
-16001
8320
-6785
11136
-641
6016
2176
9344
3968
7296
-5249
10112
-8321
6528
-5761
4224
-3969
1408
3712
1152
-12673
3200
128
4480
6016
2176
2688
3456
4992
-5505
-6529
-7553
-2945
-7041
-2177
-6785
3712
-13697
21888
-1153
-17281
-2177
2176
2176
896
1664
-2177
-2945
-11649
-2177
-1665
-4481
1920
-6273
-9345
-10369
7808
-13953
1152
-9089
-16001
-2945
-3713
-11649
13696
-10881
9856
-3457
8576
-7809
3200
-2689
3200
-4481
8064
-5505
4224
-9857
6272
-16769
-12417
-8321
-129
-385
-4225
-4737
-2689
1408
4736
7552
5504
16000
2432
4224
-1409
-7041
8064
384
10112
1408
-10881
-8833
-2177
-2945
2944
1152
9344
4224
2688
-1153
128
2432
1152
1152
-4737
6016
-9857
-7809
-1921
2944
-20353
2688
-4993
-2177
1152
-4481
-2177
-7553
5760
2944
1152
3200
5760
2432
-129
1152
1152
-2177
6272
3712
-10113
1920
16512
-385
11136
3200
17280
-1665
15488
-3969
8064
-1665
8064
2432
7296
2432
-5761
-1921
1664
-7041
-13441
2176
128
-1153
-8065
6272
9088
-1409
4224
-2177
9088
-129
-11137
-2689
-8833
-129
10624
-2433
12160
-4993
-14721
-2433
5248
-4993
5248
-15489
10624
-15233
4480
-9089
5248
-2689
8320
-2689
5504
640
5504
1664
9600
-4481
-10625
-2689
8576
-9089
-1921
-12161
19072
-7297
21376
-4225
24960
-17025
21888
-8577
8320
