12160
896
7808
-1921
5248
-385
7040
3200
384
-4225
-4993
-4225
-10881
2944
640
-1153
-129
4480
-1153
4480
-3969
8832
-10369
-8321
-5249
-6785
640
-4737
-385
640
-4993
2688
-4481
-897
-2689
-6273
-11905
4224
-2689
2944
6016
7296
640
10368
-8065
12672
-13697
9088
-7553
384
3968
-1921
-6273
-1921
-4737
-7297
-5761
-8321
640
-5249
9856
-3201
1920
-897
640
7296
-2433
1152
-9345
-2945
-11393
-4225
-17025
4224
-6273
128
-14209
11136
-12417
2176
-10881
4992
-7809
7808
-14209
13952
-9345
-2433
3456
-6785
1152
-3713
-3201
-5249
-1921
1152
-9857
-1665
-15233
-3713
-8065
-12161
15744
-16001
12928
-8065
10112
-1921
6272
1664
896
7040
1664
9856
4736
6528
12416
-7297
12160
-17025
4736
-9601
6272
-2945
1920
-2177
-7553
3200
896
-8065
4224
-3457
6272
2944
-7041
384
-10625
-3201
-4225
-9601
-8577
-3457
-3969
-897
-2945
-1921
-2433
7552
-6273
-129
-6529
2432
-11649
1408
-2945
4992
-2945
4224
-6017
2688
-1153
-6785
-1921
-2945
4992
-4737
12416
-8321
7552
-1921
1664
2944
2944
7552
-6017
7040
-8577
10112
2176
3200
9088
1664
12160
4736
7296
-4993
5760
-3713
2176
2944
1152
-10113
4224
-11137
128
-5761
-2177
-14721
-897
-4481
2176
-4737
-6017
-1921
-2177
-3457
-385
-4225
-2945
-16513
-6017
-3969
-5505
-4737
-5505
2432
-17793
4736
-7297
-6273
1664
1408
-10369
-641
-6785
-7553
-4481
-6273
-5761
3456
6528
7808
2176
12672
-129
6528
5760
3456
1664
-6785
-5761
-3969
-12161
8576
1152
16768
-2945
-129
-385
7040
7552
-3457
384
-385
8832
-4225
17024
-8321
15744
-1921
12160
2176
13440
7040
16000
6272
13440
5248
16256
-641
22656
2176
8832
3712
7808
-1409
7808
-3201
-6529
6272
-4225
2432
-7297
7552
-6529
-1409
-897
128
2432
4480
-4225
6784
-385
11136
1664
1408
-897
-641
-385
3456
1152
-1921
-2689
4480
-2689
-1409
-7297
-1409
128
-4481
2432
-14209
-6529
-10369
3456
-8833
-897
-6017
-129
-10625
3456
-12929
-1153
-15233
-5249
-4993
-8833
-3457
2432
1920
-3713
4224
-7297
10368
7296
-3713
4224
3968
11904
-3457
384
-9857
8064
-2945
-3201
-14721
-385
-13697
-5761
-8833
-7297
-11905
-4481
-4993
-6273
3968
-5761
2176
-4737
-6017
5504
-10625
-5505
-641
6784
7296
7808
1920
13952
4224
18304
384
2688
-8065
10112
-11649
8320
2688
8064
6784
-2945
384
4224
-6529
-3713
384
-3713
1920
-2433
-2177
-2177
2432
-1409
-4225
6528
-6785
1664
-5249
-3201
1920
-5505
1920
-4737
1664
-1921
7040
-6529
128
-9345
4480
-10625
2432
-8577
-6529
-6017
-10369
1152
7808
-11137
1664
-6017
-1409
-10369
-1665
-7297
1408
-2689
-3969
-641
1920
9344
-1153
128
-5249
-14721
-1409
-17537
-1409
-2689
-6785
-4737
1408
-2433
7296
-5761
2688
384
6784
8320
4736
2688
3456
-5505
-6273
2176
-8321
3200
-2945
-897
-385
8320
-12161
-2433
-641
7808
-14977
16000
-1921
4480
4992
-1921
9600
-3457
640
-11905
9344
-2689
2944
6016
3968
4992
7808
12672
5248
9344
4224
3456
-1921
-2177
-3457
5760
5248
1920
640
5504
-1409
896
-3457
5504
-1153
3712
3968
3712
11392
-129
-385
-7041
-1665
-19841
1664
-9857
-385
-11649
-1921
1408
-3201
-6273
-1153
-9857
2688
2688
640
-7297
3456
-7297
7296
1408
10624
4736
8064
896
9600
-3457
5504
-6529
12416
-8577
4992
-15745
2688
-11649
-5761
-9601
2432
-129
-1153
4480
7808
-9345
-3201
128
896
9856
5760
2176
4736
-129
1920
-4225
-3969
3200
-4737
1408
-7553
1408
-3713
-4225
384
-4225
-385
-2945
7552
-385
4224
-385
-15489
-6273
-16257
-1921
-15745
-1153
-7297
-1921
-7809
6528
-6529
1664
-2945
3712
-5761
1152
-5505
-129
-4737
-4993
-1921
-8065
-1409
-11393
-9857
-14721
-9345
-15745
-10113
-9345
-4481
