-25473
-28545
-20609
-23937
13952
5504
-11905
-25473
19840
27264
-8065
-10881
29823
-19073
4992
20864
7040
12672
-1665
-12673
9344
25984
18048
-6017
3200
-4225
-19841
13696
23168
-16512
10624
-7553
14207
-6529
14208
8832
-16257
128
16000
23680
16256
22400
1920
-1665
-1921
8064
16512
7296
32384
30592
-11137
-16513
-13185
-14721
29568
8064
24704
1920
-2689
14720
15232
13440
-9089
-2945
19584
-3201
8320
-3969
-27264
24448
896
-26241
-14209
16512
5760
-4481
-2177
-4225
16256
18560
26752
-2945
27264
-5761
10368
3456
6528
384
28800
28800
1408
-18817
-26241
5248
-2177
-11905
-129
-3457
15488
-12417
-13697
-1409
21120
11904
6528
-9089
-8065
9088
14976
-25216
384
-6017
-25217
-25473
6528
6272
10112
16512
640
-14977
15232
14208
-897
4224
-15489
-9601
20608
11648
8576
-5505
6528
15744
-9857
-20353
-6529
-4225
11904
12416
18304
17024
2432
-9857
5760
22144
2688
6272
-6785
1664
20352
21632
6528
10624
-24961
-24961
-31872
27008
11392
-4225
22656
28288
3200
4736
3712
-14977
7296
17792
-19329
-12673
-29056
20608
4224
5248
2432
3200
19584
14208
19072
10624
10624
19328
-129
12928
-11393
30848
-6785
384
384
23680
8576
24704
-129
-4737
-5249
8832
10368
12672
32384
22144
7808
18816
6016
-29824
-12673
-20865
4224
23680
11136
12928
12672
27520
-26241
-9089
-1153
16768
21376
12416
12672
4736
-3457
25216
16512
7552
-8577
12416
-19841
-17537
128
13696
15232
27264
-28545
-10881
-8577
-6017
19328
26496
18048
29824
-16769
1408
-4993
1920
20864
1920
6272
11904
-6529
14720
14720
20608
-18305
-7553
-10881
13184
23168
18304
19072
16768
28288
9088
-9345
-2689
-7297
15488
384
-6785
8320
22144
-8577
19328
-25217
-26497
-3713
24448
24192
27776
3968
11904
-1921
11648
6784
20352
-4225
384
-17025
23424
-8321
6784
8320
-23680
27007
-17793
4480
-897
3712
-1153
20864
6784
20096
-897
24448
-2177
9856
10368
-10881
-4481
-3713
13952
15232
-26496
11648
1920
-11649
5760
8320
31104
-6273
17280
10368
31616
23936
26496
-3457
10624
-9345
14720
-2433
9088
896
17536
-2689
6272
7808
7296
21888
3968
26240
9344
22400
-2177
23936
32640
15488
8320
11904
896
-641
9344
17792
8320
-10113
-18561
21120
-14465
31616
22144
-30080
20096
-641
7808
14720
11392
8576
-2945
-15233
7552
14464
25216
19584
27520
-28801
-19841
-18305
15744
10112
-6785
-6785
-13953
-897
-6785
12672
16000
7808
-5761
-385
7552
11904
-8833
6272
13440
-10625
-8577
9856
-28544
13696
9088
13184
-3969
8832
7040
8832
2176
16256
-11393
13184
-5761
17792
-6529
7808
5760
-10113
-23681
12928
16768
13696
-16001
15488
640
-2177
-20865
3712
-3713
16000
19328
9088
640
-4481
-3201
3968
7552
-29057
31615
-1409
8064
14464
11904
12672
-25217
20096
13184
9600
-14721
-22145
-22913
-7553
-8065
18816
4224
13696
5248
30335
22399
-3201
-1665
128
9600
10368
6528
24448
23168
5760
10112
-19073
10368
-11905
-17281
10112
21376
-2177
-1409
-4737
-19073
-16257
-12161
-12929
5760
22144
-9857
4480
14208
3968
2944
1920
5504
-3713
5760
-12929
15232
18560
14208
-19329
-10113
-2689
-6017
-5505
6272
-8833
19328
6272
18560
-4225
17536
-11649
-3201
-12417
9600
-9857
-16257
14720
14976
-4993
-7809
-11649
-641
1408
14976
-1153
7040
-6529
-3201
640
13440
640
-10881
-13953
-2945
-10881
-11649
4480
26496
-18305
-1409
-23681
7552
-8577
-2689
8832
-15489
-7297
7808
19328
-9601
-3201
384
17280
-8065
-21121
-9345
-1665
29056
-14977
-19329
4224
-13953
-14465
-641
-641
-641
1664
17024
2944
-8833
-9601
-3713
-8577
18304
-16769
1408
25728
18560
1664
-31617
2432
-3969
-19841
25983
18816
-12929
12928
6784
-4993
-3201
29055
-16257
-24961
-14721
-11137
-16769
-5249
15232
-32641
-21377
2944
11648
-25985
-11137
-3457
11904
-14721
13952
-13185
8576
-22657
10368
31871
-11905
