4480
1664
22656
20096
29824
-27008
15232
13696
-23168
-1664
-6785
-11137
-30081
-9601
28544
-17792
29568
-21632
19584
-27264
32384
-23680
10368
26240
9088
8064
-12417
-18305
30336
31872
-2177
-3969
-29569
-31873
21376
18560
3968
29312
30848
-17792
-28800
-24448
4224
-7041
10112
5504
2432
640
-26240
26752
-16513
-32129
13184
-1921
27264
-32640
-31872
-18560
23936
-27520
-30080
31616
-3969
8832
4480
4992
1920
-5505
28032
28288
-11905
-9857
-2433
-21889
11648
8576
-30848
-17024
12160
14976
20352
9856
15488
13696
5760
17024
6016
-8833
22912
19840
-25729
-14721
7552
9088
12928
20352
9088
23424
20352
-29312
17024
19584
-20097
-129
7296
26752
29567
-31361
18048
28032
-20353
-28289
-23169
-15745
-13697
-2177
14208
-14976
-4481
29312
18560
-23424
-17537
-4993
5760
896
12160
7296
9344
-641
7040
4480
-27521
-18305
1920
-1153
10624
18816
25984
31104
14464
384
-1153
3968
-1409
-2433
-4225
4224
1152
15232
-18305
17024
-18049
-17793
-1921
32128
-4225
19328
17536
27776
-641
23424
-12417
12160
-6273
6272
-12929
-5249
3712
1920
-12929
9856
-16001
-17281
-8833
3200
3968
3968
10880
19328
27776
-27008
-18561
-21633
-5249
7552
-5249
-3457
-6785
-8577
-24449
-25473
-16257
384
-30593
-28545
4480
29312
2432
15744
18304
-30336
-19585
-2433
-17025
896
9344
28800
10880
15744
-6785
-12929
-19585
-16001
-13441
-21377
14464
32384
3968
-28800
-27264
-12672
-10881
-12929
4224
8320
896
-13697
-385
-15489
3200
5248
-14465
30591
6272
-3457
22656
24704
8320
4224
11648
10624
10112
5248
-11905
-5249
-2945
-2689
11648
2432
32639
-25729
-7809
-7809
-19841
-24961
18560
-23424
13440
-28544
-6529
5760
-11649
-2177
-8065
-4225
-6273
12672
4480
16512
17279
-30849
896
19072
-30849
30847
18048
18304
6272
9088
11648
25216
-17793
-25985
-5505
-11649
-5761
-11393
19840
11136
-13697
-7297
384
-11905
2432
-17025
12928
18816
24192
-30848
7808
-32640
-2177
19072
7552
640
128
-129
-3713
-1409
6528
10368
-22145
-19073
-19073
-28289
3712
21376
24448
19328
25728
-30848
-13953
-3969
-1665
-24705
384
8320
-129
3456
-17793
-11393
-3201
7040
-23937
-18561
10624
19072
1152
17536
896
8832
6272
18048
-17537
-11137
-1665
3712
-4225
5760
-18561
-18305
6528
6784
-18049
-23681
27008
-23936
7808
10368
12928
-2177
640
2176
-2177
1920
-6785
-4225
6528
13184
-2945
7040
-10881
-26753
-27521
10111
12672
-31104
18560
28800
21120
25216
-12417
-10881
14720
12160
2944
10368
-11649
-13185
-1665
-8321
7808
19072
14207
383
18304
18816
-1153
-14977
15232
23936
-14977
-8065
3968
-8065
-18049
-30081
896
-10881
-20097
-385
-13697
-3201
28799
11903
12160
29568
1920
-13185
16768
20864
-20097
-12417
-13697
-10881
-18305
-4225
-897
16000
-25473
-6017
31103
-14209
-28801
1919
1920
23424
21632
-32128
-6273
640
-11905
4224
3712
-129
10368
20608
1664
-8065
21375
14719
7808
1664
27263
21887
18304
16512
5248
15744
3968
18816
-24193
-29569
10880
-7297
-2433
3456
-5249
-1665
384
640
-25217
-28545
24447
-7554
-2689
3200
8576
7296
-641
21376
-19073
-22145
4736
4736
-23169
-21377
4224
-16001
-20353
-27265
-897
-8577
17535
-9602
-1921
10624
9088
15744
28544
21120
-23425
-12161
-3201
3456
-8065
-13953
-6273
3712
-3713
-385
-5505
-2433
21375
-5762
-4737
8064
6784
17024
18304
28544
-21633
-22401
-385
-4225
4480
4224
-641
-12673
-2945
9856
24703
-24705
-27009
12927
-7809
-1153
2176
7552
18560
11136
-13185
26495
-6017
-8321
-20097
-26241
-21121
-12161
-19329
-31873
-23937
-14721
15743
-10370
6528
13952
3712
13696
18560
6784
-17793
15487
-10113
-19585
-5505
-16257
15232
5504
3456
-19073
-21889
-15745
11903
-32130
640
23168
1920
15488
-1153
21120
24703
22399
-12929
-4225
-9345
-6273
3968
10624
-12929
13184
-27265
-12673
22911
19839
128
18816
19072
19584
-4225
3200
-4225
3712
5504
-11393
