-17536
29056
2944
-2433
28543
30591
29311
25471
32127
-31873
-15233
-21889
-22657
-17281
24191
22143
-30849
-31617
29567
20351
-26241
21887
31615
24703
30335
25727
-27265
29055
-28545
-29313
-16769
-19585
-25473
-13185
3455
28031
32383
-19585
-25217
-12417
28287
-21633
-31361
-15233
31615
-17281
24959
-23681
-25985
-21889
-8833
-15745
-7297
-30849
-23425
28543
-20097
31871
-18561
-29057
-14465
-26497
-4993
-21377
-22913
-26241
-6273
-24961
-18561
-13697
-8321
-641
-2177
-15233
-21377
15487
-15489
-30593
-14465
-21377
-7041
-23169
-17537
-18561
-1153
-20353
-2689
-24449
-19073
-21633
1920
2944
1920
-6785
-24705
29055
-6017
-27777
-6529
-19073
-17025
-19073
-1665
-16769
384
-22145
-11649
-3201
-20609
-5505
19328
11648
-385
9088
-21633
-23681
-13185
-12929
-12417
1408
384
-2945
-4737
-2177
-7553
9088
-20865
-7553
-15233
-6529
-641
13696
-25217
-4993
-29057
-20353
-21377
4224
-19841
4992
-22401
-2433
-29313
16768
-17025
-5505
-12673
-19841
-17793
-20609
384
-8321
-13953
27775
-22145
27007
-18049
-17537
-29057
-16257
-15745
-21889
-11393
-4481
-7553
-2433
-897
384
384
-18049
12672
10624
2432
-11905
-1153
-16257
-4481
-385
-1153
-12161
-2433
-3201
-6529
-12673
-3713
-19073
1920
-24193
7296
-641
24960
6784
-13441
-16513
-12417
-16513
3200
-5249
-385
-1409
-6273
12416
-897
1408
1920
-6017
-9345
-18561
7552
-15745
12160
-4737
-6785
-13697
-10625
-4993
-6273
-897
-12673
-4481
896
-5249
1920
-1409
-2945
-1665
-897
-7041
4736
-385
21376
7552
-5249
640
-385
-4225
7040
-897
5504
10112
-385
-1921
-6273
-3457
1920
-2945
5248
9088
2176
8320
11648
-25728
-5505
4224
-5249
-129
1920
6016
-5761
19072
-4993
10368
-2945
18560
6016
8576
-6273
5248
-1153
3456
30336
22400
-4737
2688
-9345
-2177
8832
-385
5504
-6529
-1153
12416
4736
4480
1664
-8833
11392
-9345
1664
384
17792
7808
1664
-2177
-17793
-129
-17281
2432
-7297
4736
2176
13184
-1665
14720
-9601
2944
-8577
-4225
-1153
11392
24192
-23680
-10625
-1665
-4481
-8577
-1153
-8321
896
-11649
4224
-4993
-8321
-8321
-2433
2432
-4993
-3201
-2433
-5505
-32384
10880
3712
-11137
-6273
-11137
-8833
-14209
-1409
-5249
-4225
-19073
-6017
-3201
6528
-641
1920
-3713
2176
896
23424
22912
-6017
-8833
-8577
-14721
-3201
-13441
-6273
-14977
-4737
-13185
-3457
-12417
-11137
-11649
-4481
-9857
-8321
-12673
15744
11392
-9601
-17025
-3201
-2945
5504
2432
-4225
640
10368
9600
4480
14976
14208
-641
3456
-6785
-897
-3457
29312
24192
-11393
-23169
6016
-6273
4480
-8833
2432
-6273
3968
-9601
1408
-4993
11648
7552
5504
-2945
-13697
-4737
14720
20608
-8065
-8321
18304
8832
896
13696
6528
7808
-8577
10624
7040
12160
1664
640
8576
-1409
-8065
5248
14208
23424
4736
-9345
11392
17792
1920
-5249
11392
1920
12416
6016
9088
13440
25728
13952
9856
16256
10624
5760
32384
4480
-14721
-23169
10624
7808
1664
-11905
7296
-3201
4992
384
18048
6784
10880
1152
10624
9088
-9089
1408
-27520
22912
-12929
-12161
16000
18816
640
1664
2944
6528
4736
13696
12416
19840
6528
1408
4736
10880
1664
10112
17024
25728
-6273
-6017
22144
7552
-129
-385
9088
4992
2944
12160
7552
7040
7808
14464
-11137
-8321
14208
-5249
20352
7808
-10369
-22657
16768
-7553
640
-17537
3200
-11137
12416
-8577
3456
-10113
-641
-897
7808
11136
-2433
-385
-28800
8064
-15233
-27265
12672
-2945
-1665
-9345
4992
-13185
-7809
-6529
-2945
896
6272
1408
2688
3712
-9089
8576
30592
22400
-17025
-9345
23680
10880
10368
-15233
2176
-12673
9344
-1153
-3969
-2433
11648
1152
16256
-7553
7040
-5249
-28544
8576
3968
-22913
29568
11392
10368
-11905
3712
9088
4224
-4481
12160
4736
6272
-6785
13696
9088
4736
11904
29056
30592
-9089
-5249
18304
24960
3456
1152
-641
1664
3968
-10113
6016
-9345
1152
3456
