641
-7296
31871
-32641
24959
32383
26239
-20097
19071
11135
-27777
30079
-30081
-6017
30591
24191
16255
-18049
25983
10368
25983
22656
27519
18304
-21121
-13697
32639
-10113
-32129
-30337
-13185
-5505
26495
14464
32127
-17025
21119
-7553
29567
-9089
-12929
6528
-29825
-10113
-30081
-8833
-30081
-15233
-23425
-25473
31615
-4737
-23169
16768
19327
-11137
20863
-2177
28543
-6785
-26753
2688
14207
-5505
29567
-7297
18303
-13185
-25729
-14465
-19841
5504
-24449
12928
29567
-18817
-31873
-10369
-29825
-3969
-24449
2688
-17025
-4481
-29313
128
-32129
-4481
-30337
-16001
-12673
14464
-23425
19072
-27009
-9345
-31873
2176
30335
1664
-10625
896
-19841
5504
-22145
4480
21887
7552
-21889
-12161
-25985
-129
-22145
23680
31615
1152
-28289
-897
-24449
-5249
-12161
-9857
-31873
-385
-25729
-2945
-18305
4480
-24961
-8321
-12417
7040
-25985
17536
-17793
-18049
-22401
-6529
-27265
-11393
-24705
-641
-29569
-4993
-19585
9856
-22913
8064
-30593
-14465
-26753
11136
-31105
16512
-25473
-18817
26239
9856
-19329
7552
-25985
14976
30591
9600
32639
29312
-22657
12416
18815
-2433
-18561
23168
-16001
-30848
31615
3712
-29313
7552
-28545
8832
-3969
17024
-30081
5504
-21889
15744
-27009
15488
-20097
8320
-21377
-28800
-25473
17280
-29313
-6273
25727
-641
32639
9856
-28033
24960
-32385
19072
25727
19328
-21121
14720
-32641
2688
-17793
-25728
-25985
24704
30079
-8321
32383
4992
-30593
7808
-25985
15488
-27265
14464
-23169
20352
27007
12416
25727
-2689
-9857
31104
-26497
29568
-28545
1920
30335
10112
-29825
10880
-29825
5504
-24705
12160
-32129
21376
-31105
16768
-29569
-3713
-19585
25472
-15745
9344
31359
-15233
28287
-1409
25727
3456
-28801
13440
-26497
13952
-29057
9856
-30337
4992
-17281
8064
-16257
31616
-25473
18304
-23169
6016
-27777
11136
-28545
14208
-30849
6528
-31105
21632
-23681
20352
-30593
22912
28799
4736
-13697
-26752
-27777
14208
-21377
-10113
32639
8320
-18561
10880
-21633
15488
-19073
8320
-18817
19328
-23169
11136
-8833
4224
3968
28032
-12929
13440
-13185
-1153
-18817
-2433
-6785
10880
-12673
-897
-12929
7296
-19073
3456
-18049
10368
-25217
-3457
-18049
27008
-18561
8832
-24449
5248
-19841
9344
-26241
9088
-14977
6784
-8833
6016
-5761
16512
-7297
17024
-11137
7040
-2689
-22912
-18561
21120
-20609
-385
-8321
-385
-10625
1152
-18049
1408
-11905
3712
-5249
13184
-10113
2688
-8833
-9857
11648
14464
-19841
8832
-10881
-13185
-20865
-4993
-15489
8320
-4993
-6273
-12929
640
3200
-2689
-18817
-641
-12673
-6017
6528
25216
-13953
-129
-20097
-3969
-15233
4224
-17025
-2177
-5505
3968
-18817
8320
-4225
5504
-15233
12416
-12417
9600
4224
-25472
-21377
25216
-13185
3712
-24193
5760
-19585
896
8064
9600
-23425
-385
-8833
-2945
-14721
3200
-14465
1664
9856
-26240
-9857
4224
1152
-10113
-10625
10112
-21633
384
-6529
5760
-13441
8576
-8321
3712
-4993
17536
2432
2688
-2945
-25728
-8065
10624
-12417
-6785
-5761
9856
-13185
-6273
6016
10880
-16513
1408
2176
17024
-15745
8320
-13441
8064
-2433
32128
-14977
3968
-10369
-12929
-16513
2688
-7041
896
-6273
5760
-19329
128
1664
4480
-10369
6016
-13185
9088
6272
-21376
-9089
13440
-13185
-9089
-10881
-1665
-21633
2176
-2689
8320
-7809
5760
-19841
-1153
-8577
14720
4992
10368
-3201
-29056
3456
12160
-2433
-2945
-12161
2432
-1921
11904
7296
-6785
7552
2688
384
6784
-6529
-897
12160
-13441
12672
12416
-4993
-9345
640
-14977
-7297
-8833
-897
-7553
-7041
-7553
2688
6016
640
6528
-385
9856
2944
-3969
3968
24448
-14209
-1921
5248
-14209
-5505
-16257
-5761
-3969
-5249
-30080
-1409
10881
2432
14976
-2689
-8577
5760
-9601
9344
18048
-8321
-7041
-14465
-13441
-17537
-10369
-9601
-10113
-1409
-4481
32383
5504
-4481
1408
-22401
-6273
2176
-6017
1664
31872
-12417
-9857
13952
-6273
-11393
-385
640
384
4736
10624
-13441
5760
9088
11904
