384
-8577
19072
22912
21632
29312
16512
19584
26496
29056
14976
2944
384
-7041
23936
19072
16512
16000
8320
18048
14720
20352
18560
6784
20864
10368
6016
7296
18048
22400
2432
1664
-12673
-3969
1664
21376
-1409
13952
9856
21888
3968
10112
-4993
7808
-1665
384
-6785
-9345
7040
4224
-13185
-21377
-13441
-28033
6528
4224
2688
-3201
4480
5504
-4993
-2177
-14721
9088
-15489
2944
-17281
1664
-3201
12672
-16257
-11393
-16257
-15489
15488
10624
2432
13184
-1665
20608
3200
19072
-10369
20864
-11393
18304
-13185
10368
3456
25472
-7297
3968
-12673
5248
-3457
19072
-10625
14464
-13441
7552
-5249
7040
-8321
2688
-6017
-129
-13185
-2433
-1665
10880
-22401
-12161
-23425
-13185
-8577
2944
-13697
6272
-385
9088
-129
6016
-11905
896
-4481
2432
-2177
-11905
-3969
3200
-13697
-29057
-17793
-21121
384
384
1920
-4225
6272
2176
3712
-2433
-6529
-3201
-4481
2944
1408
1920
9344
9600
-8833
-22657
-4737
-5505
896
-17537
1664
-1665
-8065
-7297
-129
-2945
-3969
-385
-641
1664
3968
9856
-2689
4736
-22913
-14465
-12929
-10369
-5505
6528
-641
11392
-7297
8320
-4737
9344
-15233
2688
-9345
-1409
-8577
2176
-3969
12672
-27521
-7553
-17793
384
-10369
4992
-13185
2432
-3457
6784
-641
-1409
-19841
384
-17281
1920
-7297
3712
-8321
7808
-14209
-15489
-12929
-4481
-9345
7808
-4737
7040
-8065
6272
-16001
-6017
-9345
-2945
-5761
-641
-14465
-129
-1153
10368
-14977
-13697
-7297
-5249
-4225
11904
3712
6528
4992
7040
-6273
6784
128
1152
-12673
8064
-17793
-1153
-4225
7552
26239
-11905
-25473
-641
-30081
7296
-14977
12672
-16257
12672
-641
6016
-13441
3712
-15489
2688
-22145
4224
-15233
12672
-30081
-13953
-32641
-9345
-15745
1664
-6017
10624
-2689
9856
-16001
4480
-6017
4224
1920
2432
-6785
-1153
-6273
2944
-22657
-13185
-7553
-3969
-9601
4992
-7041
12928
-4993
4992
-10625
3200
-8577
2432
-13185
12672
-19073
-3457
-9601
3200
-28033
-18305
-9089
-2945
-14465
-4225
-12417
12672
-9601
6016
384
-3713
-4993
640
5248
8832
13184
-641
-1409
5504
-18305
-17537
-2433
-4481
6272
-7809
6528
5248
-129
-3713
6272
-6785
3200
-6017
3712
128
6272
-897
3200
3712
-14209
-17537
8064
-6273
10368
-9089
12928
4736
1664
5248
-3969
-6017
128
-10113
-129
-5761
-4737
-6273
-129
896
-8321
-21377
3712
4224
-7553
-1153
-6529
7296
1408
5248
8576
-385
4480
2176
3968
-5249
6528
6784
896
10368
1408
-15233
14976
-6273
3200
-1409
13696
16256
13440
4736
6016
128
3712
-6273
7552
-7553
-1665
-897
-4225
1664
-12929
-14721
2176
5248
-8321
2432
5248
7296
3968
17280
8832
2688
-4993
-3713
-2177
6528
-10625
4480
-1409
8832
-11649
-11649
-385
7296
-8065
-5505
4992
14720
1920
6272
-2689
3968
-7041
6528
-7809
-1665
2176
-129
-1153
3712
-15233
-2433
-641
3456
1152
-6785
9856
8576
7808
2432
5248
2944
3456
4992
16512
3712
7552
-3457
20096
3200
-1921
-7041
-2689
1408
-2433
-5761
8832
1664
6528
384
10368
3456
3968
896
8832
-385
-2177
8064
1152
7808
-11393
-8321
-7553
10880
-10625
128
5760
19072
2688
15488
-2945
12672
640
13440
-6273
10880
-10881
9856
-8833
13952
-18817
-8577
6272
6528
-9857
-1409
13440
20352
4480
16000
6016
8832
3456
11904
-6017
8064
-129
128
9856
128
-9345
-8065
4480
11136
-9601
4992
2944
17024
-5249
11392
-1409
18304
-11649
9088
-11393
6784
-6017
1408
-1409
-4481
-14465
-17537
4480
-1409
3200
-8065
2944
9344
2176
7808
11648
17536
6528
-2689
9856
-3969
6528
-8321
14208
-3969
-4993
-17281
640
-129
5248
-13185
16000
-1153
3712
128
8320
-5249
-1153
2688
8832
-641
-6529
-4225
4736
-2433
-15489
-13185
-2177
2176
-13697
-7553
3456
18560
1664
10880
3200
17536
1664
3968
5248
5248
