-10625
-4737
24704
21376
29056
23424
24448
21120
19840
27008
-897
1664
22912
6784
-18816
26752
30594
19328
-32637
16000
-2941
25472
-17533
6784
14978
10368
-13951
6272
-7807
15488
-19583
-4481
-1919
-4225
-17535
11392
-11135
3200
-13695
14976
-11135
5504
25217
10368
30081
4992
15745
6528
10113
19584
-16000
-2689
897
-129
-21120
17792
-22144
16256
-12416
17024
-23424
7296
-17536
-1921
-25216
6016
-25216
-1409
-7296
15744
-25216
-9089
-1920
-10369
-21120
4480
-14464
896
-7808
7808
-3968
1408
-20352
-3201
-12928
-6017
-24448
-6273
-13696
3200
19072
-18049
-12928
-11649
-29568
1408
-17024
896
-14976
-4993
-9344
-3457
-13184
1152
-9344
-4225
-11392
-9345
-11904
8320
-22912
-19585
-13440
-11649
-17280
-6273
-1152
-385
-1920
384
-10880
-897
-21120
-7553
-10368
1664
-21632
640
-8320
12928
-21888
-14209
-18816
-14721
-30336
640
-18560
7552
-21120
5248
-19840
128
-31616
-1921
-27776
1408
30848
3712
30848
14208
29568
-17025
-14208
-1921
24704
-6017
-18304
-1153
-17792
-897
-12672
2688
-22400
-7553
-24192
-385
-19072
8320
24704
9600
22656
-11137
-19328
-9345
-29568
128
-7808
-4993
-18560
128
-25728
-4737
-22400
-11137
-19840
-6785
-14208
-11649
-21888
-2433
-21376
-12161
-12160
-13697
32640
-11905
-8320
4480
-9856
640
4993
2176
-8576
128
-10112
-3457
-19584
-2177
-24192
2432
31104
-14465
-21632
-11137
27008
-10369
-17024
1664
-14976
2432
-13440
-2177
-25984
-2433
-23424
2176
-27264
-6785
-31616
-4481
6784
-17793
-10624
-7297
19072
-12161
-19328
2432
-17536
5760
-28288
-2945
-29824
-5249
-27520
-8065
32128
-4993
32128
11136
17536
-22657
-24960
-8321
9344
-9601
-23168
-3969
-21120
-10881
-24192
-16513
-24960
-14721
-23424
-8065
-29824
-8321
22656
-8065
22656
-24449
-29056
-10113
18048
-7553
-19328
6016
-27264
10112
-26240
2176
-29312
-897
-32640
6272
-19584
2176
31872
3968
31360
-8577
-13952
-7041
22656
-7809
-8576
2944
-21376
-385
-7552
-9345
-21120
-10625
-28800
-5505
-21376
-14209
-24960
-1153
28032
-17537
-14720
-3969
27776
-2433
-10624
4224
-17024
128
-13696
-5505
-12672
-4993
-17024
-1409
-15488
-641
-27008
-1921
-23680
-15489
-19072
-5505
-32384
-7297
-13184
-2433
-10368
3456
-9856
-4481
-10624
-5761
-6272
-10113
-11648
-8577
-14976
896
-21376
-12929
-9600
-1153
25472
-15233
-17792
1408
-5504
-385
-9856
2176
-25728
-1153
-14720
5248
-11904
7552
-28288
7040
-25472
-6529
-10112
8064
26240
-2689
-14208
14208
-21632
12928
-30592
11392
-27008
11904
-25728
2176
-19584
6016
-28288
640
-28288
-3201
-23680
6784
6272
128
-17792
10880
-19584
7808
-29824
4736
30848
-385
27264
1152
29568
5760
22656
7296
26496
-6017
25728
7552
4992
-1409
27264
11136
31872
11392
27008
10624
21376
-5249
-31360
-1665
25216
-6273
-30080
-3713
-12160
-13185
-24960
896
10624
-7041
-22656
3712
-28288
4736
29568
7296
-24704
128
-31872
3712
-31616
-641
25216
15488
-15232
-2433
-30848
5248
11648
-11649
-25472
-129
-32128
4224
-27520
1664
31872
-8577
-25472
-897
-22400
-4993
-19072
-897
-14720
-10625
-20608
-2177
11136
-11649
-16256
2944
-11136
5248
-17024
1664
-23680
4224
-28544
3712
-16512
-4993
-25984
384
-6016
-15745
-19840
1152
14208
-4225
-7040
6784
-12928
3968
-18304
2944
-21632
1920
-17536
2176
-25728
-3201
-27008
-5249
-3968
-13185
-25216
-4225
19840
-7041
-20608
6016
-4224
4992
-12672
1664
-13440
384
-14976
10112
-29056
-385
30336
7296
-9600
-5505
-24960
10112
1408
3200
-31360
24192
27520
19840
31104
10112
25216
15488
31616
18304
31104
19328
18816
2944
-17536
-5505
26752
2432
7040
-1921
-13952
7552
-14719
10112
-3966
11648
-11133
384
31874
10880
11137
5760
16512
3456
9856
-3713
-29313
1408
383
-6529
-4994
12928
-16770
18816
-6018
12416
4479
14976
-14978
10368
-22146
7552
-23938
16512
-12674
2176
-24962
9600
12158
-7297
-6274
13184
-11138
5760
-7042
6016
-8066
13184
2175
10624
