7297
9345
-32129
1919
27519
27263
-27777
10623
10112
-31617
19839
31103
-6785
-20865
-22145
-20097
29311
23679
-18817
15999
-3713
15232
-12929
30079
-19329
-27777
-8321
-22657
22912
-6529
31103
-24961
-12161
-22913
-21633
-10881
30079
-23169
21887
-22401
1920
12672
-18305
24959
-3201
-16769
-9857
-385
7296
1920
20863
-27009
4992
-26752
-20353
-8065
-8577
2688
-20609
-3969
10112
4480
-15489
-28545
4224
-9601
-8321
-17537
27520
640
31615
6016
6272
11392
24447
-22145
-10369
-5505
-7809
13184
-12161
3712
-385
-22657
10112
-7041
-3201
1152
10624
-897
-20097
-30593
-28288
-29824
-24193
-19329
4480
-10625
17280
-15745
13696
31872
4992
-19841
-3969
5248
16256
-897
12928
22400
-28801
640
11136
-129
-4993
1408
-7297
-1153
-13185
-16257
20352
18816
24704
-18049
896
-20609
7808
12416
896
3456
-17793
21888
-1921
6272
-17281
27007
9088
-129
-21377
-13185
-1409
13696
4224
4992
-14721
10368
640
-18049
-14721
7040
29055
6528
7552
6016
-1665
6272
-5249
-19841
12672
22912
13184
17792
-22401
-19841
7808
9856
-14209
-11137
15744
16768
-23937
-13441
9088
27264
-13185
-2689
9088
2688
-9089
-641
-2945
20096
10368
31103
-4737
-23169
-10881
-10881
10624
-9089
-22145
-27009
2432
6784
-17537
18303
-3969
-23169
-385
-20865
1152
6784
-21377
29311
9088
5760
-5249
-4737
9600
-12161
-28545
-13953
16512
4736
-20097
-27265
-2177
-12673
1408
1152
7040
17280
-5761
-10113
-3201
-25217
3200
13952
10624
1152
-31873
-9345
30336
4736
-6529
1152
-2177
896
-385
-12929
-27521
-2177
-4225
-8065
1152
-14465
13184
7552
-3457
-14721
-32129
26239
18816
7552
640
-22913
-21377
-13441
-11905
31871
-10625
-30593
128
-20097
7296
-19329
1920
6272
896
640
21631
26239
20864
28032
8320
-6529
-11649
-17025
640
-13441
-2945
-8321
-19073
-21121
-3969
-19329
6272
-17537
4224
9344
23679
-20353
30336
1152
-2433
-15233
-7809
-7297
-7809
-22657
21120
-6529
-1921
-21633
-13953
-15489
8064
-4737
5504
2176
-16257
1408
-14465
-2177
-15489
-16257
-2433
-8065
-10369
-7809
17792
22656
-7809
-31105
5760
-10113
-15489
5504
1664
-15489
24191
-19841
-2433
128
-27265
-26497
-26753
-13953
-20865
-20865
4224
2688
3456
-2945
-15745
-17281
-20609
-9345
-11649
-19841
17023
-17537
19328
18816
-14465
-2945
-9345
-1921
-26497
-5761
-6529
7552
-385
-9089
3712
-6529
-23169
8320
-7297
-9601
20863
-7297
-3457
2176
-16001
-10881
-14977
-16769
-23681
3712
-3969
7808
-12161
4992
12416
3456
-10369
-2945
2176
-8321
-20353
4480
20608
18048
-18305
27263
-11393
-13441
10368
-26753
-5249
-14209
-24449
-30337
3712
-19329
-4225
-19841
-4993
-18817
-28801
-11649
-11649
384
-31361
23423
-15489
-16257
-23681
-24193
6272
5504
-22657
-20353
-16769
-21889
-15745
-25985
10624
-25217
-16001
-9345
22400
-16513
-14465
-12929
-16001
-16257
-10369
128
6272
-23937
-6785
-12417
12160
-5249
5248
-26497
-1921
-25217
27007
18303
-4225
8064
-1665
-28033
-19073
-29569
-3457
-11393
-5249
5504
-22657
-30337
-24961
-15233
-7297
-3969
-20865
-25985
12672
-9857
640
-23681
-17793
18047
-9345
-20865
1920
-27009
16000
-15489
-23425
-20353
-13185
-20353
-14977
-21633
-7297
-22657
-3457
-28289
3200
-18049
-6785
21119
-17537
-13697
-13441
-5249
2944
-4737
-14721
28799
-897
-19073
-12673
-17281
8320
-14977
6016
-2945
18304
-17793
-12161
-19329
-15745
-22401
-18305
-21121
-2945
-11137
-15745
-31873
-5505
-25473
128
-18817
-4225
-5249
-2177
8832
2176
-18561
-17025
-25985
-6017
-31361
-31873
-25473
5504
15232
1920
-22401
32639
-20097
-21121
27519
6528
3968
2176
30335
4992
-11393
-17025
25471
-385
-23681
-4737
-21889
-17025
31103
-12417
-30081
-4481
28031
-21889
-24193
-897
-18049
-8833
-14977
-8577
-18049
-6529
10879
-24705
-13953
-8321
-24961
-22401
-9601
128
25983
-17281
28799
-9345
-6273
-897
8320
-12673
-5761
4992
-3713
-27777
-20609
-6017
-19073
-32641
16000
4480
-2433
-20097
-21889
-7297
-21633
