1408
-6785
-1153
-129
-6529
1920
3200
-129
1152
6784
-3713
2688
-1921
11392
-5505
9344
-3969
-7041
7808
1408
1664
-3969
-2177
-3457
-2433
-11649
-2177
-9601
-3969
-3457
-10881
3968
3968
5504
-4225
2176
-9601
9088
-4481
4224
5504
640
-12417
-385
-14209
-6273
-20353
-1153
-15233
-6017
-8833
1408
-17281
-1921
-2433
-10625
-9857
-385
-12673
1664
896
-897
3712
-4481
1408
-2689
5248
-897
5760
1664
12928
-2689
12416
10368
3200
10624
-3201
-2177
128
-385
3968
-1409
640
-129
-1921
-1153
14464
8320
4992
-641
384
-2689
3968
640
-897
-385
18816
6784
7808
-3457
4224
-8577
6784
-14977
7552
-9345
6272
-9345
8832
-4737
1152
-4993
640
-5249
8064
-10625
12160
1408
4480
7296
3200
-1153
8064
-4737
-129
-385
-3713
1664
7552
5504
-897
-5505
-10881
-5761
-9857
-3713
-4225
-3713
-1665
-10881
-2433
-11905
-5761
-641
1408
-4993
-4225
-5761
8576
-9089
1664
-12929
1152
-3969
-2689
-13697
-11905
-7041
-7297
-897
-4737
7040
-1665
2176
10368
1408
10112
-2177
1408
-2433
4992
-8833
6528
-3457
6528
-3969
1664
-3969
-4481
-641
2176
2432
8320
-641
1152
1152
8576
-385
-3201
-9601
896
-1921
6784
-6529
3968
3968
3200
4224
6016
16000
-897
5760
-641
7552
-641
11136
14208
-3969
14464
11136
-2689
5248
8832
6784
-1665
3968
-129
2688
-4737
-3457
9856
-13441
13696
-3201
4224
-2945
-3713
-3969
-1665
-6017
1152
-5249
-385
-8833
6528
-10369
6528
-10369
896
-7041
1152
-10625
-3713
-8577
640
-1665
-4993
6528
-2433
7296
3200
5760
3456
7296
-4225
-6017
4224
-2689
8832
6528
13952
3200
-2689
3712
-4737
384
-3201
-5505
-4225
-6785
3200
-3201
5504
6272
-4481
-9345
6784
-3201
-5505
-1153
-2689
-1409
5504
-14977
8576
-8577
1664
-9345
128
-13185
6784
-9345
2944
-129
1920
-3713
21888
-6017
14464
-8833
10880
-9089
11904
-8577
12928
-1921
384
-3201
6784
4224
6272
-7297
4736
-129
-129
-3969
-9857
-2433
-1153
-1665
-897
-11137
-5761
-1153
-3969
-129
-1921
-12929
-2689
-15233
-6785
-13441
-4993
-7809
-4993
-15745
-1665
-8577
-4481
-8577
-10625
-5505
-17281
-9601
-18049
5760
-3457
-641
5504
-6529
3200
1664
896
-129
-1921
5504
-897
4736
384
7296
9088
16512
8576
9600
13184
12928
6784
12160
6528
7808
-3201
2432
-2433
2944
-6273
128
4480
-12161
4992
-6017
-2945
-385
3456
-641
640
-2433
5504
-3713
6528
-1153
9600
6016
4736
-1921
-2689
-5249
-3201
-9345
6272
-3457
5760
-9345
-1921
1920
1152
6272
-897
-385
-2433
1152
384
-1921
-8321
1408
-897
-2689
-6273
-3457
-1409
-7297
-8833
3200
-11905
8576
-11905
7040
-4225
7040
-1153
3200
-4993
4992
-129
4224
-11649
3200
-8577
-641
-8321
-4225
-3713
3456
-897
3200
-9857
-1153
-1409
-385
6272
-3713
-3201
-9089
-6273
-2945
-5761
-2689
-12673
6016
-10369
7040
2176
-7553
4480
-1153
-129
-2177
7296
-5249
-4481
2944
10624
6016
8832
4480
4480
7040
5248
-1153
5504
-2177
13952
-5249
13952
-641
12672
-2433
2944
-2177
2944
4736
3456
-2177
7040
640
6784
-8321
10880
-4481
9856
-1409
384
5248
3200
1152
-129
-2945
-7041
384
-2433
2176
-3969
1408
-385
-3969
8832
-2945
4224
-6529
-4225
-4225
7808
-1409
-1921
-6273
4736
-10625
6272
-4481
-1665
8832
-7553
9856
-3457
-3457
-8065
-11905
-3969
-15489
1408
-13953
10368
-4481
10368
-2433
10624
6272
-4481
4736
6016
-6785
1920
6016
4224
-129
640
-129
1664
-8065
8320
-2945
-9601
8576
-6017
-3713
-6529
-10881
-8833
-11393
-3201
-19073
-5761
-12929
-13953
-19585
-3201
-5505
3968
-6529
2432
-2177
7552
-9345
6016
-10369
1152
-19585
-1921
-15489
4224
-10369
-2177
-4481
-5249
-8065
-8321
-8577
-14977
1920
-6785
-10369
-17281
-2689
-7553
640
-1665
-3457
