22656
22400
-31872
-27520
19584
19328
25728
29312
17280
16256
-13440
-10880
-129
25216
20351
-6786
-27776
-6528
27520
-23680
27776
-32384
-385
2944
11392
24192
17024
4224
-25985
17791
24704
24192
9600
9600
10623
-18050
31104
24960
5504
17536
17024
23424
22144
3712
23424
11904
23680
16512
-6785
-27777
-21632
16768
5760
-7809
-27521
-24194
20608
-29568
-26496
-16000
21632
-641
-26752
26240
-12161
-10625
18048
1152
128
-19585
31104
22656
-10881
27007
28031
-30594
11904
7808
-18304
-20864
23936
12928
-7041
-20865
-31872
23424
12416
2944
13696
3712
18304
20608
-13697
-27009
32127
-17538
-24960
-26240
4480
1920
19072
25216
-20097
-22401
-3201
-8321
5504
128
29055
31615
-24192
21632
22143
19839
27263
-23938
-2689
27008
11904
24704
-17537
-5249
15744
22144
7552
4736
-4993
-18817
10624
-6017
21888
-2433
-12417
-19073
17791
-27266
23168
29312
14208
-2177
26752
28800
-25729
21375
16768
10368
-12929
-18305
-3969
-19841
19840
31872
-23681
-14209
11647
32638
31616
5249
-4993
-5249
20864
27008
-14465
3712
-4225
7040
-10113
-15489
2176
6272
13952
9600
-385
-13185
9343
-30850
18560
27008
11648
17536
384
-20609
10624
17792
-9857
-14465
12672
10112
-7809
-9345
-32128
28800
19583
11647
6527
-15234
-4993
7296
10368
27264
17280
22144
-18049
-9601
5504
16512
-20353
-23681
16512
11648
-16000
-17280
-7553
-14721
3455
21118
15488
23168
18560
31104
18816
-27008
-11393
-17281
8320
-2689
5504
-5249
29312
4480
19584
7552
19840
128
-4482
17534
17536
9088
28032
20864
16000
9600
20096
16000
9856
11648
21376
18048
-6017
-10881
-25984
21632
-24961
-15745
2431
20606
5248
25728
1664
13696
15232
27520
12416
26496
7296
9600
-1153
4992
-11905
-8577
-14976
-11136
1152
19840
19071
-18818
18816
23424
29824
-17280
15232
12160
20864
14976
-1921
-3457
-3201
-19329
18304
2944
-22656
-23936
-11649
-28033
28799
-27266
-20608
-16256
8064
-5505
22144
-16256
-30081
-19585
-30592
-23680
5504
3200
8320
20608
5760
-897
8576
-2945
24959
-7554
2688
17024
20608
29056
-30848
22912
-385
9600
4736
-12161
2944
-6017
-10369
-14209
-30848
-30592
-25473
-27777
25727
9599
20608
31104
25216
25728
3200
9344
-129
3968
28800
-22144
2688
-1409
16512
25472
26240
24704
-9345
-32641
16767
127
9600
23936
-21120
-14720
25472
17024
8576
10624
6016
-2945
11392
21120
2432
4480
29568
15744
15744
13184
18047
-10114
20096
17024
6784
24704
10112
9856
24192
-32640
-385
-7041
19072
18304
11392
640
27008
-32640
-25729
-12929
-29569
4735
1408
15744
-17536
-26240
14208
23424
16000
17792
-10113
-14465
23424
17280
12160
5248
23936
29056
-16001
-2945
20607
-3714
20352
32128
30336
-31616
6528
-7297
384
13696
7552
19840
-4993
1664
-6017
20352
-27776
-12928
-24705
-14977
20351
14719
29312
-15232
9600
19840
24960
-26240
15232
20864
11392
4480
15232
-31360
-3713
-4225
-5504
-15232
-13185
-7809
-28289
21631
14464
26752
13952
7808
30080
-17792
-7809
640
-8065
-7809
4224
5504
18560
18048
23168
-28800
1920
11904
-25729
10111
-32640
-14720
26240
31616
28544
-14720
-2177
8832
-8321
-641
29824
25984
12416
6784
29056
21632
-9601
-9601
-18561
13695
7296
29056
13696
25728
25728
22656
-13697
-7553
-2433
13696
23168
-27520
-5761
-3457
-20096
-14720
-10113
-6529
-30081
23423
32640
-19072
28032
-11136
6016
14208
-30592
-10112
-4993
-11905
19072
-30592
-129
-18305
-22656
-21120
-20865
8576
-31105
15999
24704
31104
30080
-25728
26752
-31104
-3457
-3713
8832
-641
20608
13696
-12673
-10625
21632
28032
-4225
11904
-21377
-25729
-30848
-17536
-29056
-12928
-29824
-25216
20608
-9089
15488
-2945
11904
4224
-7553
-14977
-896
-16768
-385
-4481
-27265
21887
15232
-31104
24704
-25216
24192
-16512
10368
29824
-14209
-7553
-2433
2176
-4481
-10881
30848
-30848
-8577
16768
20607
30335
23680
-15488
13184
24448
-27776
-7040
2432
7040
25984
24448
