-11392
-14976
-30593
32127
-26497
30335
-30081
-24705
-16769
-14977
29311
23423
-5761
17024
-21377
-23937
-28033
-25217
-22401
29823
-20097
-26753
-24193
32383
-13441
-20609
-26753
-16513
-6529
-14977
26239
30591
384
20864
-22657
-9089
-21633
-3201
-18817
-4737
-20097
-12673
-23937
-4993
-19073
-7809
-19841
-10113
-10625
-4225
-25217
24703
24704
9088
-8321
-21889
-9089
-20097
-5505
-19329
-3969
-13185
-2177
-4737
-5505
-14977
-8577
-1921
7040
2688
-22657
-30337
30336
6272
-2433
-23681
-2945
-15489
-2945
-10881
-2433
-2945
3200
-7041
7296
-14977
896
-9857
10880
-1409
-13697
-23425
24448
21888
4480
-12673
3968
-13697
4992
-3201
3200
-9601
-897
-15489
-5761
1920
-8577
6016
12416
13952
-14209
-11393
28288
-31616
-4993
-5505
-641
4224
11136
9088
5504
6784
-2945
18560
-7041
8064
-4225
6528
-4737
12160
31615
-20609
8576
31104
-12929
11136
-10369
15744
-17281
9600
-17025
18816
-21889
20608
-5761
640
-6017
-8833
-9857
-11649
-32129
23679
22656
7552
-21377
-19841
-13697
-9601
-9857
-15745
-10881
-1153
-2433
5504
4736
8320
12672
-1409
1664
-8577
-8833
-25729
-32640
-32640
-897
-10113
3712
-3201
-2689
2688
4224
-12673
-1665
-3969
7040
-14721
4992
-4737
22912
1920
-13441
-17793
20864
19840
128
-9345
640
6272
12928
11648
-1921
2688
4736
640
-7553
-5761
3456
-10113
9088
-12673
-20609
31871
30336
26752
-12673
896
-3713
4480
-2945
-6785
6016
1664
1152
3200
2688
-3201
3968
6528
1408
-897
-6017
-20353
32640
-31360
6272
-7041
6272
7040
7808
4736
7808
-385
2176
-1409
4736
4480
5248
5504
-3713
17280
-19329
-385
25472
-29568
-12673
-4481
128
14208
-4737
24960
2432
13184
-4737
9344
6016
6784
-7553
2432
13184
2688
-16769
-15489
16256
-24960
-10369
-3713
9856
-897
3712
2176
-8321
7552
10368
2432
12416
-6529
4992
-5761
1664
-2177
-14721
-27521
17792
-21888
-24705
-9601
-14465
6528
-11137
10624
-3201
10624
-17793
7808
-12417
128
-12929
4736
-2177
22400
-14721
-6273
15744
20096
-20865
-16769
-12161
-13697
128
-16001
-7809
-9089
-13185
-1153
-129
-5249
-9345
-7041
384
-15233
-15489
29311
24704
20864
-18561
-31873
-3201
-17537
-12417
-9601
-3969
-18817
-1153
-6273
-1409
-6273
1408
-7809
-5249
-897
-21377
-23425
10112
9600
-21377
28543
-18049
-14977
-10369
-18817
-17281
-20609
-15745
-21121
-12417
-12417
-18561
-17793
-10113
-16769
-15745
-29569
11904
12928
-11649
-22145
-9345
-5249
-3457
128
-2177
384
640
4224
4224
-9345
-9601
-22657
-6785
-1409
-8577
-25729
10624
-385
-18049
-25729
-641
-11137
-3969
-7809
896
-14721
-6273
-3201
-129
-3969
-9345
-14209
-13697
-11649
-12161
-24193
21120
12672
-21377
-9857
-8321
1664
-8065
2688
-3713
896
-10113
-1921
1920
-1665
-8065
-3201
-8321
4224
-11137
-16257
12928
19584
-20865
-13185
384
-11393
-6273
-9345
6528
2176
6016
7296
6784
4736
6016
2176
8064
-16001
-8321
-30081
8320
4736
-30593
-30081
-5505
-17025
-7041
-8577
5504
-1409
2944
-3969
5504
2432
-11649
-11137
-129
3968
-10881
-29057
10880
21376
-28289
-16769
-3969
-7297
-11905
-641
-6529
7552
-6273
-2433
2176
-6529
-16257
2688
-15233
-7809
-4993
-8065
11648
13184
-25473
-31617
-5761
-4993
-6017
-3969
-4737
-385
-385
-2177
-17537
-4993
-8065
-17025
-1409
-17281
-27777
-28289
6784
-1921
-31617
20863
-1409
-28545
-8833
-16001
-7809
-19329
-4737
-17793
-10113
-3713
-17281
-4225
-4737
-11393
-7041
29311
-641
-3201
-27009
30079
-10881
-22913
-16001
-28801
-12673
-10113
-16513
-4993
-16257
-8065
-13953
-3457
-9601
-7553
-15233
-8577
4224
7808
-18817
31359
-4737
-30593
-7809
-16001
-13441
-21377
-5761
-9089
-2433
-12161
-2177
-15233
6016
-17281
-3457
-21633
22144
8320
-16769
-29569
-6529
-19841
-4737
-6529
6272
-6529
-7809
-9345
4992
1664
-3713
-4225
2688
11136
-11137
-1153
11392
12672
-19585
-27777
-9601
3200
-12673
-21889
-4993
-11905
-11905
-10113
640
-5761
