13183
6015
-9601
5504
-5505
6528
640
12416
23168
11136
-385
-32641
-16001
-25217
14464
3968
19584
21376
20096
8832
-25984
8064
-4737
8832
14464
9344
23168
896
7552
7552
-5249
-22401
-24961
-3713
3712
16512
-1665
-29824
5504
-31360
25728
21120
-3457
17792
14720
13440
3456
16000
2176
14976
-19073
-27265
-16257
-28545
-18049
896
2176
21632
-5505
16768
12672
13696
-13953
14976
-4481
9344
4736
9856
2944
13952
-21121
-17537
27007
-9601
-21121
14208
17280
28544
27008
32640
11136
23936
-6017
20864
6272
14208
-1921
14208
-5249
15232
-12929
-12929
-11649
-5761
-385
9856
22656
-21376
18560
-18304
13440
22656
-10369
15488
-16513
7040
13952
2176
-9345
-1153
1664
27775
-28033
-19585
14464
-9089
10880
17280
16512
24192
22656
6272
-4993
2176
1152
-2433
17536
384
128
9344
12928
-28033
32639
-16769
-6273
3968
29312
17792
2176
22912
19072
11904
-1153
8064
-1153
-1921
-7041
1152
7808
8320
-2689
-20353
-13185
-13185
13440
-8577
22912
11648
-29824
8320
28800
-2177
-19073
-2945
6528
-4225
-6273
-1409
1664
128
-14465
-17793
-17537
-9089
-10113
-13697
30848
15744
19840
9856
19584
8064
9600
-129
7808
-15745
-385
128
15744
4224
1408
-25473
-17537
-16257
-21889
-25729
26752
2688
22656
-3457
13184
-641
-9089
-1409
14720
-13441
-4737
-9345
8576
-9345
5248
-28033
-9089
-12673
-18817
-11905
24704
17792
14208
23680
21376
-385
-3969
-7553
-3969
-9345
18816
-2945
2688
-2689
-12673
-25985
7040
-21633
-17793
-21121
17024
14976
23424
10880
14208
4736
21120
640
14464
-7041
30336
-16257
19584
-1409
4736
-12673
6528
-17281
4480
-14721
21888
17280
21120
18560
21888
-2945
26496
-2689
18048
-10369
15232
-5505
10368
-385
4224
-25985
14208
-16513
-641
-28289
20608
11136
23424
8320
19072
2432
8064
-2689
-641
-641
9856
-7297
6784
-3969
-13185
-19585
2432
-18817
-5761
29311
32128
7296
19840
10112
-29824
8064
5760
-385
7808
-3201
20096
1152
13696
-5249
9088
-17281
-21889
-3457
-12161
-26241
-25728
14720
18560
10112
-31872
7040
-3201
-897
17280
1408
11648
4480
7296
2944
-4225
-12929
-10625
-25217
31359
26751
10112
-3713
12160
1152
-31616
-3713
7808
-9345
-13697
896
384
-5761
-5249
-9857
-27521
-20353
-129
-16001
-30849
22911
12416
12416
19328
8832
18560
4736
-6785
-8065
19328
-1153
-6017
1408
-7809
2688
128
-14209
9088
-3969
-24961
30335
15232
20096
20864
12928
28032
8832
3456
-897
19328
896
2432
-1153
5760
-2945
640
-16513
-12673
-17025
32383
-24449
20864
23168
-22656
14464
10624
6272
-7553
7296
14976
11904
9344
16768
7808
15488
4224
-2177
-12673
-6785
26751
-30337
26752
14464
12416
15744
28800
3456
5760
3712
8576
-129
13696
-9345
23168
-6017
3200
-9857
-2177
-12417
-18817
20607
20864
11136
20096
15232
17792
5248
13440
-1153
19328
-4481
15744
-14209
13696
-10113
14720
-23169
9856
32127
-3201
19327
29056
896
28032
-5249
30080
-3201
-1665
-8833
128
-18049
26752
384
10624
-7041
-26240
-4225
-2945
-3457
-24705
-32129
17280
12672
-25728
12672
-27264
8576
2176
9344
9088
-2177
15488
7040
24192
1920
6784
3456
384
6016
-18049
32383
15232
16000
27008
16512
25216
14720
-4737
6784
25216
-2433
6528
-9345
28544
-11905
19584
-7297
3456
-13697
-12417
22143
11136
12928
27520
7296
-26496
896
-7553
640
16000
-8833
5504
-9857
6272
-7297
16000
1920
1664
3968
31359
29055
-28288
24448
20352
18816
-24960
8832
16512
4992
-5505
2944
23168
-2433
23680
2944
27264
1664
-1665
-10369
-31873
22143
-29824
10880
-23424
10112
1408
1152
6784
-897
1408
-8577
-9089
-16513
-7553
-7041
10368
-8833
-14721
-16513
28799
9087
9856
-6273
9856
2944
14464
1664
17280
-3457
-11137
-6785
3968
-5761
6528
-7809
6016
896
-6529
-9345
13695
9343
16256
11904
128
10112
20352
4224
-18305
3712
-1409
-3457
