-896
-15232
9088
19840
-29313
-31361
-31617
-32385
-28545
-25985
-13441
-3201
-30849
-31617
896
-25985
-16513
-29313
-23937
-11393
-18305
1920
-26497
-30592
-1921
-6273
-12929
-24449
-3969
-14465
1920
25728
-11137
-6785
2688
-6017
-16257
-19585
-13697
-17537
-4481
-1153
4224
1408
896
-11393
-13697
-22913
-7809
-18561
1408
16256
-24449
-13441
16512
10112
-15233
-15233
-7809
-7553
-10369
-15489
-4993
-9857
-9857
-23681
-8065
-23937
-897
-14465
5504
14464
2688
-7297
18816
-1665
-17281
-21377
6784
-17537
-2433
-15233
3712
-11649
14208
-9089
4992
-26497
3968
-10113
2688
11648
2176
-8833
23680
4224
8320
-20097
3968
-20609
2432
-16769
13696
-9345
20864
-11137
8064
-14209
1152
-8833
18048
-3201
-2689
-13185
28544
8832
4992
-13441
10880
-27521
8832
-29313
12928
-20609
15744
-14209
-1409
-30081
20096
-15233
20608
3968
640
-18817
-26240
-5505
15488
29823
9344
26495
12672
-31105
-6017
-28545
15488
-20865
20096
-9089
10624
-29313
10368
-7041
-1153
-32385
30592
-2945
12928
-27521
5248
-32385
18304
-9857
9344
-8065
-2945
-10113
-4225
-9089
11392
-11393
-7297
-8577
9344
-6785
-32384
22144
-3969
-25985
8064
-18561
15744
-6273
22144
-9601
9344
-18049
14464
-20097
18304
-6785
11392
-6273
-4993
-18305
21888
12160
4992
-27009
-2177
-18305
-5249
-9857
-7553
-3713
18816
-4737
-6017
-14977
10880
-8065
-641
-6273
5248
-4737
28288
10368
-3201
-22145
4480
-23425
-4481
-24705
1152
-8321
8320
-15233
-129
-24449
5248
-16001
640
-8065
-641
-13441
19584
17024
-6273
-8321
-8833
-18561
-6785
-15233
-3457
-19329
896
-10625
-1409
-16257
-1153
-9345
1152
-24449
4992
-24705
23936
-1409
-10625
31359
-8577
-30337
-12929
-12161
-8321
-17537
13184
-14977
-2945
-22401
-2689
-17281
8320
-3969
3200
-23681
24448
16256
896
-14209
-4993
-26497
-4481
-12417
-9857
-12673
-4737
-6273
-641
-9857
4224
-14977
-12161
-3713
-3969
-14209
24192
10880
1664
-24449
-3457
-12161
2432
-27777
-1665
-10625
9856
-2945
640
-16769
12416
-9089
2944
-11649
-1665
-19073
-27776
11392
9600
-20865
5504
-19585
12928
-20865
2944
-10625
7296
-16001
-5249
-24961
-4481
-14465
-3713
-25985
-11137
-20865
16000
21120
-8065
-16769
-13185
-21633
-2433
-14977
-4225
-9857
7040
-3457
7296
-4481
7040
-13441
7552
-10369
640
-10113
10112
25984
-8577
-8065
6784
-22401
640
-25473
1920
-6017
-5505
-18049
11136
-16513
11904
-17793
2944
-30337
-1921
-28289
10624
10112
-2177
-23937
-8065
-28545
384
-16001
-6529
-11137
640
-21889
4992
-20353
-3713
-21633
-1409
-26497
-12929
-23425
16768
20096
-20865
-17025
-8833
-16257
-7041
-19073
-8321
-9089
-8321
-13697
5248
-3201
-5761
-6785
-6529
-4737
-19841
-3457
17792
-32640
-10369
-16769
-1665
-15233
-14721
-19329
-8065
-3969
-8321
-18561
-641
-13697
-10369
-17537
-12161
-12929
1664
-10113
24192
18816
-5505
-13185
-5761
-4481
-12161
-9857
-12929
-12929
-1665
-7297
-641
-2433
-11137
-6273
128
-15233
-20097
-11393
9088
18304
-4993
-3201
-12161
-9601
-7297
-13441
-12161
-3969
-12673
-4993
-2433
7296
-14465
-3713
-10369
-6529
31871
-7553
7040
32384
-17537
-5505
-17025
-19073
-6017
-6785
-7041
1664
-15745
-10113
1920
-3201
-11393
-2433
-17025
640
-19841
896
8576
30336
-25473
-18305
-19329
-10625
-21377
-897
-21377
4480
-8833
-2945
-24193
-6785
-6273
7296
-11393
-2945
-3713
4480
24960
31360
-14721
-1153
-16513
-6785
-1921
-6785
-3457
1408
-641
-6017
-7809
2944
-14977
-13953
-2689
-19329
-21121
-17025
3456
29824
-16513
-8065
-4225
-11649
-22401
-19841
-24705
6016
-10369
-641
-4225
1152
-16001
-2689
-13953
-9601
-30081
-7809
128
-30592
-19073
-11393
-14721
-13697
-14977
20864
28287
11137
-6785
-9088
2176
-2177
-13185
-897
-13697
-12673
-10881
-7553
4224
27264
31615
-12929
-23937
-2689
-17793
-8065
-11649
384
-21889
-11137
-7809
-4481
-18817
-11393
-10625
-16001
-15489
896
8832
21376
-7553
-10113
-9601
-897
-3713
4992
-18049
11904
-13953
9088
