19327
23423
11648
18816
10880
29568
16256
23168
25728
-31616
8832
-22657
-15745
-27777
11904
21888
30080
-7552
16512
-28800
20096
-30080
10368
25216
14720
16000
4736
2944
12160
15488
-7297
-31361
-10625
28799
896
896
17536
-22912
29568
-22912
-26752
-24960
2944
640
13952
10624
-3201
-129
15232
9856
-13697
32383
-11649
29823
8832
1664
24448
-18048
-18560
-19584
-26752
27520
12672
5504
18048
1152
8576
1408
29056
26240
-7809
26239
-4737
-20097
1920
-2689
27264
-27264
25472
-31360
21376
17280
-3457
12416
12672
5760
8576
2176
28288
16256
-641
-25729
2688
-9857
2688
-9089
24448
-22656
-31360
-26752
23936
22912
7040
9344
27776
11392
18304
-21633
-23936
7296
3968
31615
-4225
-30849
2176
-23169
-25472
-24192
-32384
20608
-28032
15488
2176
1408
19328
3968
15232
6272
12416
6784
9600
-24449
-30337
-29057
-13953
-8577
29312
-15232
19584
-21632
14976
29312
-19841
11136
1920
16512
12672
22400
6016
6016
-10369
-16001
-15745
-25985
-15233
-20097
23936
-24704
3968
-28544
1920
23936
-13185
7552
-897
896
-2689
-10113
-4737
-10113
-19841
32639
-9345
-26497
-21633
18815
9088
32128
13184
31616
27776
25984
11392
2176
13184
9600
5504
2432
22400
3968
9856
-22401
-7553
-15489
-20865
10111
29568
-24704
32640
-29568
19328
22400
-11905
1152
7808
-2177
3456
-5761
9600
1920
-3201
-24449
-15489
-15489
-28545
11647
16256
-19840
21120
-22656
17536
24704
3200
10368
896
1664
-8833
-5761
-7297
-385
-9089
-18049
-12417
28799
-8577
13695
30848
-21376
28288
23680
28288
9856
16512
2176
4992
-4737
16256
-5505
24704
2944
-10881
-23937
9344
-13953
-19841
3711
23168
-17024
20608
-28288
21632
23424
-4481
8832
6528
10624
11648
7296
-641
12160
-9345
-20609
-9857
-17025
-31617
-1922
-32640
-18816
22912
-23168
15744
23424
11136
9600
16000
7552
11904
-1409
11904
-1153
2432
-13697
-10881
-15489
30847
-642
28288
-29568
19840
29568
17024
14976
6272
-129
7296
4480
640
-4737
25984
6272
22144
-12929
-10881
-29825
-28033
-12674
20096
29056
21632
30336
12672
28288
8064
128
12928
-2689
9856
8064
3968
-8321
384
-14209
10368
-18817
29311
-6018
28800
-30080
14720
20352
9088
18560
-1921
128
-3201
-6785
9856
-2945
-1409
-13441
7808
-22913
-13441
-28801
20095
-22146
31104
-27520
25216
30080
8576
17536
21888
25728
6528
-3969
7808
-4993
19072
7296
21632
-4737
128
-13185
28799
-23426
26752
-32640
21376
31872
20096
21632
-16257
9856
10624
16512
3712
10624
2944
5760
10624
1664
5248
5504
29311
-28546
15744
-28032
19072
29312
29568
23936
-7809
8320
12672
-4737
3456
-10625
5760
-7041
28288
4736
-1409
-11649
-28545
-20098
29056
-18816
-32384
30336
31616
27264
2688
3200
4224
-2433
8832
-6273
14720
6272
18304
-4737
-2177
-14209
15231
-29570
13440
-29824
13952
-31616
14208
14720
-7041
-4481
-7041
-3713
7808
10624
5504
640
11904
-6529
-7553
-12929
9087
31870
25984
-30848
4480
19584
27520
21888
-8321
1152
6016
8064
7552
1152
9344
-2945
28544
13440
-23681
-22401
19839
30078
27520
-28288
22400
21888
23680
25216
12416
2176
12928
5504
-641
-11649
2432
-11393
19584
-5761
384
-5761
22399
-23938
20352
-25472
12160
28800
19328
29312
-641
384
3456
128
2688
4736
14208
3968
7040
15744
10880
7040
23935
-22146
24192
-22400
17280
31872
12416
13440
2944
7296
8064
-5505
3968
14720
-2945
6528
17792
20608
-7041
-4481
18815
-23682
20352
32128
-30080
-28032
13696
24960
2176
1664
14208
6272
1920
-641
13696
-3969
21632
10624
-17793
-15233
13695
25214
24192
-29312
17280
27264
18560
27520
2432
-4225
13184
-5249
21376
-2177
9088
-2945
21632
10112
7552
-18561
12671
16510
18048
-32640
20864
19840
32128
24448
-5505
-4481
8064
-11137
2176
5248
14208
4992
8320
9344
-641
-11905
14719
-25986
10880
-24448
16512
32128
20864
24960
1152
7808
3456
2432
