-2433
-5249
1408
-4737
-2433
1920
-4225
-2689
7808
6016
128
3456
2688
3968
-385
12928
-5505
-641
-1665
-7297
6016
-3713
-6785
-3457
128
-9601
-3969
-10625
3456
-1921
-8833
1152
-4225
8576
4736
-1921
-10369
3200
-7809
3968
6016
8576
-641
-385
-16257
-5761
-19073
-3201
-17793
-4737
-13441
-4993
-12161
128
-2945
-8065
-9345
-7041
-11393
-897
-1921
1920
2176
-4993
640
-1665
2432
-1921
2688
-2177
11904
384
16768
6784
10880
11392
-3713
6016
-4737
-1409
1664
1664
6528
-4481
-1153
-4225
2432
4480
10112
6528
5760
640
3456
384
384
2944
4992
896
14976
640
3456
-6273
6272
-8577
11392
-11905
4224
-7809
8576
-5505
8064
-7041
1920
-9089
128
-4993
10112
-6273
2688
6016
6528
4992
6016
-1665
4224
-1153
-5505
-129
3968
640
1152
4480
-5249
-11649
-12673
-1153
-2689
-4225
-8321
-7809
3968
-13697
-9345
-4737
1920
128
-5505
-4481
-3457
-6273
4992
-10369
3712
-12673
-7041
-2433
-6017
-12161
-10113
-5761
-8833
8832
-4737
384
3712
4480
13184
-2689
5760
2432
-129
-8833
5760
-7809
3456
640
3968
-897
896
-3713
5248
-3457
3712
2432
4992
2432
6784
-385
-3713
-6017
-3201
-6273
6016
-1153
4992
-2433
4736
4736
4224
7296
-1665
12416
-2689
14976
-897
5248
9600
5760
9088
896
4992
11136
-1665
1152
-1409
4224
-2945
2944
-2689
2944
-385
-9089
7552
-10625
8064
1408
2688
-5761
-2945
-4481
-4225
-3713
1408
-4737
-385
-6529
10112
-7809
128
-8577
1408
-7809
1664
-9601
-6529
-385
-3969
-2689
-897
6016
-1409
3456
2688
9088
-385
2432
1152
-2433
10112
1664
9600
7040
4224
1920
-3201
5248
-7297
-3969
-3969
-6529
-6017
-5505
7808
-2945
-385
-4481
-4225
-6529
-129
-3201
-5761
3968
1408
-11649
5760
-13953
12160
-9345
-4225
-11649
-1665
-14977
5760
-6273
2944
-3201
3968
-7297
19328
-4737
8832
-11393
3968
-7041
14464
-3201
4736
-8065
3712
384
5504
-2689
2176
-7809
3968
-641
-5249
-4225
-7553
1408
-4737
-8065
-1665
-5761
-6273
1152
-1153
-4481
640
-18049
-9345
-16769
-8321
-12161
-4737
-7553
128
-10881
-11137
-10881
-7553
-8065
-13441
-8321
-21121
-2433
-14977
896
8320
-2945
-5761
-3201
384
-4993
-1409
1408
-1921
4736
1152
10624
1664
8064
9344
13440
15232
13440
8320
8576
7808
10880
-385
4224
-2177
2944
-9345
1664
-5249
-3969
3968
-9857
3712
-3713
-2945
3200
6016
-6273
1664
2688
-1153
-6273
11136
640
7808
2432
-1921
-4481
-5761
-7553
-641
-2433
2688
-8321
2176
-1665
-4225
4224
896
3712
-641
2944
-4481
-6785
1408
384
-6017
-3457
-3201
-2177
-8833
-9089
-7809
384
-8577
6272
-8065
4224
-12161
7040
-3969
7040
-6529
3712
1664
5248
-8065
2432
-5761
-385
-11649
640
-4481
-2945
-3457
4480
-10369
1920
-6785
-4225
128
1664
384
-8577
-2945
-7041
-7041
2944
-10369
-5249
-14465
9088
-1921
128
-1665
-2177
1152
-2177
-1153
384
11648
-2177
1152
6272
8832
4224
7552
7296
4224
-2177
5504
-129
1920
-2433
11648
-1153
14976
-2433
-897
-2689
6528
1664
2432
-5505
2688
-3201
5504
896
9856
-7297
11648
-897
3968
2944
4736
384
640
-897
-8577
-1153
-6273
-385
-6017
3968
-4225
-11137
5760
-1665
7296
-1153
-8065
-2945
640
-5761
3200
-129
4224
-11393
3712
-8833
-385
4992
-3201
7296
-1921
5248
-6529
-5761
-6273
-16513
-8321
-16001
6272
-11393
7296
-1921
14464
-641
3200
8832
3968
-6273
4992
2688
3200
-641
-1409
3456
-1409
-5761
11392
-6529
-3201
4480
-14977
-1665
-7809
-6785
-7297
-9857
-10625
-8321
384
-19841
-10881
-14977
-9345
-9089
3712
-10625
3712
-1921
640
-1921
8320
-12929
-897
-10625
2688
-17281
3200
-9345
2944
-10625
128
-8065
-12673
-4993
-12161
-7297
-11905
-9345
-14721
-5249
-5761
896
-2433
-3713
