1921
16001
-641
-1409
29311
-30849
26751
-15489
31359
-28801
-22913
-23937
31871
-28545
-12673
7807
-23169
-19329
-28033
-19585
-28289
-29825
-18305
-24193
-11905
-27009
-12161
30335
-18561
-30593
-8321
-29569
-21121
-23937
-3201
27007
-31361
-24193
-20097
-27265
-8833
-17025
-7041
-20097
-4225
-13441
-11393
-14977
-19841
-10369
-2433
30847
-3713
-9601
10112
10623
-16001
-1921
-10369
-21889
-13441
-5761
-8577
-23169
4992
-10625
-12161
-23937
1920
-23169
384
-26753
640
-18049
8576
28799
-5761
1408
-18817
-4993
-11137
-19585
-1921
-15745
-4993
-19585
-7041
-3457
3968
-5505
1920
9856
2432
-8065
16256
-25473
-4225
-2177
10112
7040
6016
-2433
128
1920
14208
-13185
15232
-11905
11392
-3713
21376
-19073
14720
-13185
-27264
-14465
17792
-10113
16768
18304
12160
-897
14464
-8065
-385
7296
-5505
3200
3712
-11137
1408
-12161
-12929
3968
13696
25471
-6529
8320
-5505
4736
-2433
-15745
-1153
-4225
1408
-9857
4224
-6017
7040
8832
-8065
-1665
7296
4224
19328
25215
-7297
-8833
-6273
3968
3456
-5249
-1409
4992
-6273
2688
-7297
-14977
1408
3456
-2945
-6785
1152
-8577
19328
23423
-8577
-897
-9345
-1921
4992
5248
128
-19585
16256
-4225
12672
-7297
16512
-6017
-3969
2432
3456
14208
17536
32127
-14465
13952
-5249
7040
-5505
-6529
5504
-9345
1664
2432
-4993
-129
-9089
9088
-21377
10624
1408
-897
25472
25983
-5505
5504
384
-1153
-9345
-3713
2688
-3713
-1153
-641
-9345
4736
-641
-5249
-12417
7040
-1665
14720
24960
-29569
-3969
10368
-3201
8320
4992
13440
7552
3712
13184
9344
17024
-129
6528
-8833
-3713
3968
18816
-3201
30848
29567
4480
9088
3456
-2433
6016
1408
6784
-897
10112
-14977
1408
-3969
4992
-3201
4992
11136
9088
384
22144
32639
2176
11904
128
-1665
896
-6529
14464
1920
19584
-13697
6272
-9089
-10881
128
-11137
-129
-4481
384
11904
20095
-10113
4480
-20865
-4225
-6529
-8833
-7041
-1665
9344
-14721
-897
2176
10624
-4737
3200
-5249
5248
3200
29824
-18817
7296
2432
-129
-3201
6528
13184
1664
-2689
1152
-897
4480
8576
-897
-18305
-12417
11392
6784
4736
18560
22655
-6785
20096
-12161
10368
2432
896
-4993
-16257
-19073
1920
1664
-10369
-2177
2944
-12417
9600
4992
-9345
17280
25983
-8833
4224
-3713
2944
-9345
2176
-1921
-11649
-385
10624
-2177
-5761
128
-2945
-4737
16512
4480
6528
21888
14207
-13697
13440
1152
5504
-7809
7040
-2945
-6017
-2177
-5761
4224
-16257
896
20608
-9857
15744
7552
9344
11648
-30337
-10881
22144
-9345
19840
-1921
2432
-385
8832
-6785
10368
-9601
-2689
-2945
-9345
-4481
-2689
2432
-8577
25216
15999
-2945
18816
-4481
9600
4736
10880
14464
-2433
1152
-4737
-4481
-8833
-2433
-3713
-17793
14464
-3713
9344
19328
-24449
-12673
15488
-6529
7552
-4993
-14721
-6273
10368
-3201
11136
5248
12160
-1409
2944
-11905
7552
-5249
11392
10112
-26241
-23169
2432
-14209
3712
-2177
896
-2433
-14209
1664
6528
1408
-3713
-3457
-7809
-8833
-1665
-9857
-6529
10112
25727
-17025
-4993
-13441
4480
-14721
-1409
-5505
10880
-7297
3712
-10369
-6273
-4481
-3713
-24961
18304
640
-8833
18304
-30593
-1153
640
-14209
8832
-17025
25216
-9089
12160
-9601
11648
-10625
15488
-2945
12160
-16001
8320
-4225
7808
13696
-25985
-9089
-129
-8065
128
-641
10368
-4737
4736
896
128
-9089
-10113
-9089
1408
-12161
4224
-641
-7297
19584
32127
-11137
-4737
-6273
-3969
-14209
6528
-4993
8064
-1921
-3201
4992
13440
-5761
4224
-10369
9088
-3201
7040
13696
-21377
-6017
3200
-10625
6784
-13953
3968
-6017
15744
-6529
-5761
2688
5504
-641
9856
-13441
19840
4992
-5761
17024
-16257
-2689
7552
-1409
5760
-14721
2688
-385
9856
-14209
-7553
-897
8576
2944
17536
-8833
-2689
6528
-5761
23424
-22401
-3713
4992
-6529
5760
-11905
3968
-29057
6016
-13441
-4737
