13696
-9857
12928
27520
-25728
-28544
18816
21120
-22144
-28800
12160
-4737
6016
1152
28032
-30336
-32384
24704
28032
13952
32384
24704
31616
15744
27520
22400
10880
6528
-27776
-31104
14464
1152
896
-17025
20352
12416
17024
12672
31872
18560
-27264
26496
6016
-1665
6528
8576
1152
-7809
31872
21120
-6529
-20097
18048
-4481
23936
10368
31104
24192
-32640
9088
-31616
14720
-4993
-7809
9344
-7041
640
-5505
-30336
15232
-18561
-21633
-4993
-9345
-8833
-3713
11392
2432
-8321
1152
-2689
1152
-3457
-8065
-8065
-7809
-7809
-18049
17792
10880
-25473
31359
-5249
-3457
-385
12160
2176
384
2688
-2433
18048
5760
5248
640
21376
17536
-18049
-3457
21888
31360
-30337
-21377
-2433
-4737
-15233
-1153
15232
22912
11904
12928
-30848
27008
2176
384
14464
3456
16768
13184
3712
6272
5248
-11393
-7553
-13185
10880
-3457
17024
14720
21632
11136
13184
6272
-3969
-11393
640
-4481
5504
-8577
9088
-6529
-1153
-20609
-12161
-13697
18816
4992
-897
2688
20608
13184
12160
10624
5760
-14977
14464
-1665
6016
-8833
14208
-385
-20609
-24961
9600
-6017
-2433
-1409
8832
14464
3200
-4993
22912
5760
-10625
-15745
9856
-5505
-1665
-10369
6784
2432
-25985
-29569
-1409
-1153
-8321
-12929
18560
20608
9600
10112
22144
24192
-3457
-5761
1408
2432
16512
4224
18560
3200
640
-24449
2688
-28033
-7809
-24193
22912
13952
12416
17024
3968
17792
-7553
3712
-385
1408
-9601
-12673
-2433
5504
-8321
-10881
-11905
-8577
17024
-641
23168
6272
11136
5504
6016
-4225
6528
2432
-10369
-8321
-3457
-3201
5760
9344
-25729
32127
11136
-7297
-13953
-9345
14720
14976
16000
9088
17280
6272
-8577
-2433
-8321
6528
4992
896
9088
11648
26239
-24193
4736
2432
-9345
-14465
8064
7040
-2177
-129
3712
-18305
-18049
-16001
-21633
-3457
-9089
-129
-4225
-1665
-19585
-23937
-3713
-12929
-9857
-10881
9600
7040
15232
15744
-9089
15232
-8321
128
-14721
9088
-20353
-2177
1408
-1665
-1921
-2177
-19329
-21633
-22401
-23425
-2433
-1921
12160
-2177
8576
4480
-6273
-18817
-4225
-10113
3456
-2689
384
-897
-25985
-17025
8832
-1921
-18049
-13697
-129
13952
-2433
8320
640
1408
2176
4992
640
-641
-5505
-7041
-9089
384
-23169
-16001
-3969
7040
-19329
-13697
22656
8064
-4737
-8577
-385
-2177
14464
-6529
4736
-10625
-18817
-6529
10880
-10625
-2177
-17281
-7041
-3201
-23937
-21377
11136
6784
12416
3712
9856
5248
-18817
-13697
3456
2432
-11649
-4737
-15745
-8833
-24961
-6529
7296
-4737
28543
-31105
9088
16000
-1665
4480
11136
6528
-11137
-14209
1920
-1409
-16001
-8321
-4737
-2689
896
-19329
-7809
-8321
-21889
-28289
19584
8832
-3457
-3713
18816
11904
-7297
-21377
-4481
-10113
-4225
-14465
9856
-4225
-5761
-25729
-3457
-24449
-32641
30591
7808
3456
22400
-1665
6016
2176
-11393
-7809
-12673
896
1664
2688
1664
128
-23937
-32129
-3457
-14209
-31361
28031
17280
-2177
12416
6272
14208
14464
-26497
-18817
2944
-2945
-1665
-17025
-13185
-16257
6528
-7809
-17025
-17793
22911
-31617
-2433
640
896
1920
-17281
-4993
-18817
-20097
384
-3969
-20609
-20609
-1665
-9857
-6017
-9601
-1921
-12673
32383
26495
2944
-6785
-3457
1664
13440
10880
-8577
-19073
-641
-10625
-14721
-11649
6272
-4737
-8321
-13441
-1153
-1665
27263
22911
4224
-4993
640
1152
7808
-1921
-9857
-2689
-7297
-7041
-8577
-6273
-1153
-129
-11905
-2689
-19073
-14977
-32129
-14977
-3201
-385
10880
3968
3968
21120
5760
-6017
5504
640
-16001
-8833
-4481
-6017
-8321
-897
-1921
-9345
-26497
-32385
12672
4480
-6017
2432
3968
10624
-26497
-20097
-13185
-18305
-12929
-17025
-8321
-11393
-9601
-4993
-22913
-20865
18815
12671
10368
-7553
13440
3456
18560
14464
-22913
-13441
-8065
-18049
-7041
-7297
6272
-3201
-14465
-13185
-16513
-10625
-22657
-32641
7552
4992
6272
12672
-5761
13440
-14209
-1921
-11137
8064
