640
-5249
1152
-6785
896
2176
6016
-4481
1152
896
3200
-1153
4736
-9857
7808
-2433
5504
-7553
6784
-11649
3200
-19073
5248
-7297
-6017
-5761
384
-8577
-11137
-3969
-16513
1408
-9089
8576
-1153
3712
-4481
7552
-385
-129
-1153
-4993
2432
-897
384
13184
4480
-1665
8832
4224
-1153
-385
2944
5760
-8833
2176
-9857
128
-17025
3456
-7809
1408
-641
9088
-7553
9088
-1665
640
6528
-2689
8064
2432
6528
-3201
-5249
-7553
2432
-2945
-385
-1921
2432
-7553
896
-6273
-1665
1664
7040
640
-129
5504
4992
1920
1920
-129
-10369
896
-10369
-129
-4737
-7297
-7553
-7809
-4737
384
-4481
1408
5248
-5761
-897
6016
7552
8320
384
4480
-641
1408
3456
4992
2432
2432
5248
2176
8832
5760
10368
4736
9344
384
7808
-12673
16256
5248
15488
-6017
8064
-4481
11136
-4481
9088
2944
1920
4224
5248
-4993
-4481
-5249
-2433
3200
-2433
4992
-10625
7808
-6273
-3969
-7553
-1409
-10113
-6529
-6017
-3713
-11905
-8321
-4737
-12417
8832
-7809
128
-9089
5504
-5761
4992
-8065
-2945
-4225
-1153
-14721
-6785
-9601
-9857
-4481
-1665
-3969
-3969
-3713
-5505
-2945
-2689
-2177
-1409
-129
-1921
4480
1920
8064
-2433
1152
-897
-641
-9857
-2433
1408
3712
-6529
6016
384
3456
4736
10624
3456
9600
5248
8320
6528
8832
-5249
-1665
-6273
384
-5505
-1921
-8833
2432
-9345
-2689
-3713
-5505
-2945
-129
128
1152
-641
-897
-2433
6272
-9601
-1665
-5249
-7041
-1921
-10625
-3201
-2689
4224
-12161
-385
-13697
3200
-3969
-1665
-2945
-2177
-10625
4736
-10881
-641
-15745
-4993
-17793
-7553
-12929
-7297
-9601
-8065
-14977
-6529
2176
-6785
-1921
4224
1408
1408
-1921
-385
-129
-2433
1920
-2433
-3201
-6273
7296
-2689
640
2688
-3201
640
-1921
4224
-5761
-3713
-3713
4480
2176
7552
-2689
-4481
-3457
1408
6528
-4225
11904
-4225
3712
-4737
-385
-4225
-14465
-2177
-12417
-1153
-15233
-10625
-8321
-3201
-4481
5248
-3969
1152
-7809
-1665
-9601
-1409
-10625
-5249
-5761
384
1152
-897
-1665
-2433
1664
-4993
384
-3201
-3969
2176
-2177
-4993
1152
-7553
128
-11393
2944
-3713
2432
-3713
-1409
1408
3456
-8833
9088
-4737
5248
-2689
2176
896
-1153
2688
2688
1664
2944
5504
1920
-8577
1664
-7297
11392
-3457
-385
-3713
-2689
-129
896
-4737
3968
-2689
-4225
-10625
-5761
-12161
-2177
-13697
-2177
-7809
-4225
-9857
-897
-10113
-13953
-6785
-4481
-6785
-4993
1152
4480
1152
6528
1664
17280
-2177
7808
-6017
8064
6784
-897
-3969
2944
-1153
-641
7296
-7297
6272
-9345
9088
-8833
10880
-6017
-3713
1920
-4993
-3201
-641
-1665
-6785
1920
-7041
3968
-6017
-385
2688
-2177
1920
-3457
-7553
1920
-3201
-641
1152
-6785
-897
-4993
1152
-3201
-7553
3712
-2177
-641
2944
-7041
-1921
-11905
-1665
-14977
-6785
-7041
-3713
-10625
3200
-17025
7552
-1921
3712
8320
7040
640
11136
3456
10368
-641
11648
2432
18304
-2945
5248
-10625
9344
-8833
1408
-7809
4736
-13697
8064
-5505
9600
-1153
8832
128
7808
-4737
8832
-4481
5760
-1665
-897
-641
4992
-9857
-897
-7041
1408
3200
1152
1664
3968
-1665
7808
384
128
3456
5504
-1921
-897
-897
4224
3200
11136
-2433
4224
-3457
4480
384
640
7552
-7297
4224
-3713
384
-7041
4480
-3201
-3713
384
-385
128
3968
1920
384
7040
-3201
1664
1920
-3969
8064
15232
11904
5760
17024
640
6272
-2689
12672
-2945
12672
-4481
12416
-14465
5760
-17025
13440
-12929
15232
-10881
8576
-8321
-1921
-3969
-3969
2432
7296
-385
-1409
3200
-3457
3200
-4481
1408
-10369
4480
-7553
14464
-385
8832
-8321
5760
-14721
6528
-14465
3456
-11905
4480
-10113
896
-14977
-1921
-9601
-6017
-11137
-6785
-15745
128
-15489
3712
-10881
-9345
-3201
-4225
-11649
