14976
-129
3456
-1153
12160
7040
-1409
-7041
128
-6273
-11393
2688
-9857
-641
5248
-1921
-2177
4736
-4481
2944
-5249
-1665
-8321
-11393
-1921
-5505
-1665
-641
-1665
128
128
-2433
-897
2432
-1665
-3713
-10113
9600
-1153
10624
1920
4224
-3969
12416
-10625
14464
-10881
8064
-2945
128
-1665
-3969
-4225
-2689
-4993
-12161
-4737
-8577
4224
-7809
384
128
-3713
7296
896
1664
-3457
384
-6273
-8321
-17793
-641
-12417
-1921
-2177
5760
-13185
8064
-16257
1920
-9089
8064
-11905
10368
-12929
6528
1664
-7809
4736
-2177
-4737
-1409
4992
-8065
-7553
2688
-17281
-7809
-11137
-11137
2176
-16257
13952
-13953
11904
-4481
13440
3968
896
4480
-385
9600
1664
6784
9600
4480
16512
-14721
4224
-13441
7552
-6273
5248
-2433
3712
3456
-6017
-6785
3456
1664
3456
-5505
-2177
2176
-6529
-3969
-7553
-7809
-6273
-3969
-6785
-1921
-2177
6528
-3201
-1153
1408
4992
-2433
1152
-10625
640
-2945
896
-8321
8576
-4225
-897
-6017
-4225
-2177
1664
384
-6273
8064
-7297
8064
-3969
6016
-1153
1664
3200
3712
6272
-8321
11904
-1409
8064
7040
128
16512
-385
10368
2944
9600
-4993
4480
1664
2944
-3457
7552
-8577
-2689
-7297
-2177
-12673
-3457
-6785
9600
-4225
-6017
-3969
-3457
896
-1665
-6273
-2177
-19073
-3457
-8577
-4737
-641
-7553
-6273
-13953
3968
-10113
640
-3201
-7041
128
1920
-11137
1408
-2433
-12161
-1409
-1921
640
10368
5760
8576
640
7552
8320
4224
3968
640
-1921
-4481
-1921
2176
-6273
17536
-3457
10368
640
7808
2432
-3713
640
-3201
1408
1152
13184
-9601
20352
-3713
13952
3200
12416
1408
15488
7296
9600
5504
18560
4992
22912
-897
15488
3456
10880
4480
9600
-4737
4736
640
-7809
6528
2944
7552
-8833
2432
-8321
384
2432
3456
-641
6272
-3713
11648
3712
6784
1408
640
4224
3456
-2177
1408
1664
-385
-2945
2176
-3457
-4481
-3201
-4225
640
-7553
2944
-16769
-1409
-8833
-385
-8833
1408
-8577
7040
-12417
128
-14209
-385
-10113
-10881
-4481
6528
1152
-3969
1152
-5249
11136
4224
-1665
11392
3200
8576
128
7296
-5249
7552
-3457
2176
-11137
3456
-8065
-2177
-10881
-5505
-9601
-3713
-6529
-7297
-3969
-8833
6528
-4737
-4737
-1409
-3457
2944
-2177
128
2688
11392
-129
9088
3712
19072
5760
9856
-4481
5504
-15489
13440
-3457
12160
11648
-385
7808
640
-3969
3712
-897
-1153
-129
-6273
-2689
-3457
-3201
128
2176
128
-3969
9344
-12161
128
-129
-3457
4992
-2433
-2945
-1921
5760
-641
6272
-9345
-2689
-9601
9600
-6785
-4993
-6785
-11137
-3457
-1409
-6273
1408
-641
2176
-6785
-6017
-8321
1152
-3201
-2689
-2945
4992
9088
4480
5504
-6273
-8065
-3969
-14209
-641
-9345
-897
-2945
1664
-2177
4736
-6017
1664
-6529
9600
7040
1152
4992
1408
4480
1664
-3713
-10625
7296
-4225
-4737
1920
6528
-6785
4480
-4993
4224
-4481
11392
-10881
12672
-1153
-641
8320
-4481
8320
-5249
5504
-8321
2432
5760
-2945
7296
12416
11392
2432
13184
3712
3712
-1665
1152
-4737
384
10880
2176
-2177
5504
4224
2176
1664
-641
384
5248
-3713
4224
9600
896
4224
-385
384
-24193
-385
-10113
-385
-7809
-2689
-2689
-3201
-5249
-1409
-8577
-385
-6273
5760
-2689
-1153
-7297
4480
-5249
7296
7296
9856
3968
14720
-385
5504
-10625
6016
-8577
8320
-11649
7040
-14977
2944
-9857
-641
-3969
-129
2944
5760
-2433
8320
-3969
-3201
896
8320
3968
-2177
3712
3200
-4737
1920
1408
-6273
-385
-9089
4224
-6017
-1153
-1665
-4481
-129
-7041
5760
1152
7808
-7041
-5249
-897
-13441
-6273
-20097
-5249
-12929
-3457
-7041
2944
-7809
4480
-3201
640
-9601
3200
-1921
1664
-7297
-6529
-3201
-7041
-2689
-7553
-3969
-13953
-9601
-18817
-10369
-13697
-6273
-4481
-9345
