2944
-4993
14208
10880
20096
19840
20096
22912
23680
23168
17280
3968
20864
20608
-385
-14721
31872
22912
16000
18816
26496
19328
19584
21632
31616
7552
21888
9600
13696
11904
15232
7808
18816
18304
-25473
-13441
10624
19584
8064
13184
9600
16512
7296
12416
8576
9344
2688
-8833
4480
-1921
6016
-9857
2176
-12161
-11393
-31361
15744
6784
16512
3968
7040
3200
9344
896
-3457
6528
-641
7808
-4737
3712
-641
-9345
8832
10368
-11137
-26497
24448
12928
15744
18304
14464
23680
4224
18048
8064
25728
8320
17280
8320
12672
5248
8576
18048
25984
-11137
-15233
7552
16256
6272
6784
7040
14208
9344
6784
7808
4224
13952
1664
4480
2688
9856
2432
6528
1152
-25473
-28289
11392
6784
10368
6784
16256
10624
10624
5760
19840
8320
12160
-8065
10624
-6529
11648
-4993
15744
-8833
-10369
22911
19840
3712
22656
1152
26752
1408
17024
-3713
10112
-2689
21632
1408
20608
3968
26752
-129
20352
3712
-5249
24191
26240
-7041
16512
-2177
15232
-2945
19072
1152
13184
-641
17536
1408
24704
9088
17280
896
9856
5248
-19329
31103
18560
14976
12160
7040
14464
12672
9344
4224
9600
2176
10880
4224
2688
2944
18816
14976
3712
5760
-22145
-28545
14976
9088
12160
4480
13696
2176
10880
2432
7296
-1665
9856
5504
8320
7040
21376
5504
15488
2432
-19585
-27521
13952
10112
11392
4736
4224
-4225
4224
-129
13696
-2689
13952
-1665
3456
896
19072
12416
14464
-1921
-14721
-24961
15232
16256
20608
7552
14464
12672
14720
5760
15232
896
-1665
1920
2432
-1409
10880
14976
-7553
4736
23935
-27009
-6273
14464
-2177
14464
12160
8576
4480
-641
8320
8576
-3457
5504
-7553
6272
15488
14464
-3201
-1153
30335
29567
11136
11904
12160
9344
14720
7040
3968
2944
12672
1664
17792
-385
10624
-2433
9856
10624
7296
1664
-16001
-27777
13952
13440
8064
8320
7296
2688
7296
4224
3968
9344
3968
2176
-7809
-4737
8576
11648
3200
-6017
-16769
-32385
6272
13440
3200
5504
9344
-897
10880
-2433
14720
3712
19328
4992
19584
-385
16000
9856
2176
-897
-13185
21887
21888
2432
9856
-1921
16000
-7553
12416
-6529
15488
-1665
12160
-6785
15744
-6017
16256
4992
10880
-9345
-6017
30335
28288
6784
18560
1152
6016
-2177
8064
-1921
6528
-7041
14976
-11137
6528
-641
13696
6272
10368
-2433
-18049
-31873
5504
7808
-1921
7040
17792
6272
7296
-8577
11392
7296
15488
2688
10624
3712
21632
14976
18560
-7041
-8577
-31873
19072
9344
22144
10112
11392
-3713
9344
-14209
14208
-6273
4992
-7809
1664
-3969
12672
10368
-3969
-2689
-17793
-27265
9344
9600
11136
8064
9600
4224
5504
3200
1664
-8577
896
4480
-7553
4480
16000
16768
1152
4992
-25985
-26497
11136
9088
7808
7552
11136
9600
-6529
1408
-4225
-2433
-4993
896
1408
-385
14976
13696
-4225
1152
-16001
-27521
19072
6016
9856
9600
8320
-2177
8832
1408
6528
-3713
13696
1920
14464
-6529
24704
17280
1408
384
-22145
-30337
6528
4224
12928
-1921
11392
-1409
8576
2688
4992
2176
3968
896
-5249
2432
18560
21376
-10881
-3201
-28545
-23169
128
12160
4736
11392
-7553
6272
-7041
14208
-7553
10624
-10369
3456
-12929
10368
2176
18816
-8577
1920
-21889
-24705
2688
18048
3456
10624
3200
11648
-2945
4992
-5249
7296
-4737
896
-2433
2944
7808
12416
-6017
-897
-28801
-19841
1664
16256
-8321
12416
-6017
14208
-17025
9600
-13441
5504
-18561
-2689
-8065
-8321
2432
11904
-12929
-11137
-28801
26751
11904
8064
-6785
4736
3200
12928
-9601
1920
-4993
-13953
2432
-7297
-1665
-8321
14464
1664
-9857
-11905
-28801
27775
14464
-3969
-1409
-4737
-3969
-12161
10880
1408
-5249
-6785
384
-7297
-10881
-5249
10368
11392
-12161
-6273
30335
-23937
1920
11648
-3713
11136
-2433
8832
-6785
7296
-1153
-1153
