10495
22403
30336
30599
6143
12927
-4226
31629
6912
-10720
-29026
-23674
-513
31472
20207
26357
27135
-5524
12785
388
-19456
15830
-7194
10211
0
-95
-2864
24724
22527
11928
26008
2943
31641
31877
-27263
25727
19590
-13187
24701
-12141
26590
15619
-29463
131
3068
2557
2557
31484
-28710
10906
3213
7811
-30080
-26233
11651
20863
-1666
-29040
-20933
3107
10908
3206
9719
17646
-26387
-19467
-16719
-24208
16369
-17787
22640
10198
-22299
-30493
37
14242
-8752
30872
-12612
31383
16025
26751
31129
22149
-20607
20607
24966
-7811
29565
-22891
-28708
26115
-14618
-4736
1276
-3588
-4868
29692
12510
18079
-15220
-13950
29312
-377
-25725
-32641
4735
31633
18745
-18652
-7781
-20090
-22282
11501
12524
12277
-24657
-31378
-10000
-12412
-13970
-7980
20453
2020
27431
18593
-25647
10136
22970
31893
-19562
15483
12441
-2172
-25983
-21377
-22394
-12931
-25475
-17259
-14118
26371
-21274
-384
-5
-7684
-11012
28924
-21795
26270
28556
13699
-25472
-19065
12931
20351
23935
7563
25144
27432
19610
-21630
-24842
12524
6378
5620
27310
-31380
5359
31108
14446
-14894
12515
-18720
-30422
-12897
2252
24980
-8264
-18795
-10604
-9864
2457
20869
-15743
32639
26246
-8579
-16515
15506
5082
27395
13030
24190
-773
-13060
-21252
28412
-16164
9373
18828
7555
-25984
-17529
10371
21887
25727
1680
-5579
26920
-21864
-123
10230
24555
23018
-8717
6574
-31381
4335
-11901
11884
-27694
32738
-12320
-7382
7071
205
26775
16311
-32107
12183
23414
16025
25221
-18303
32639
32646
-5763
-5507
22937
5848
27395
-18715
24450
-1797
-16132
-20996
27644
-11044
22429
7052
-7038
-32384
-2169
10627
10879
18815
10640
-10189
-7383
-14697
-10107
-2059
-5910
2281
32243
-25940
28011
6894
8068
28011
-2864
-16927
32479
-23252
11422
-8244
25751
21941
-29292
-5482
-30348
2201
6277
-19839
-15489
-31610
-16003
-15491
-29804
21206
27907
10725
4736
-2565
-17668
-27396
27132
-6949
9116
2188
9347
16512
13192
3459
29311
25215
-11892
-6863
-9683
1430
-15229
28661
1002
-14617
27890
-5718
-27543
18157
-5501
12649
-23345
21984
-22050
560
-17252
-10810
4757
-20812
5269
-22379
-32143
-1384
27781
-32383
-129
24198
-11395
-12931
3730
-29484
29187
30692
29566
-3589
-21764
29436
26876
29146
-10599
-26997
-10878
-31104
12936
13699
22655
20607
28820
3375
-15315
3476
-4217
-24844
-16408
15081
17650
-21846
30824
-23059
25475
22375
21967
30689
16864
-29904
12444
-27959
27033
10930
-1645
-29801
25197
-27496
10117
-20863
7296
-20602
-10115
-22915
25752
-12335
29443
-31005
-20350
-4613
-27652
-28420
26620
-22822
-10599
-28021
-21630
-32384
17544
1411
14719
17023
653
-7379
7215
-109
-9341
-22285
20455
-16411
-25871
32680
23655
-23829
-24703
15464
-25652
5342
23516
-14285
-359
-25146
13204
-19792
-3183
-5229
16749
-13160
-10620
-12927
4992
-31866
-18307
-27779
-18544
-24624
30467
-11549
-25219
-4869
-32004
18940
26364
13783
-6508
-14710
-11390
-14720
-30328
-2942
28031
7295
-24693
13612
-1999
-26223
32387
-10254
10214
-28189
-25104
-23130
14437
-11031
-32383
25190
-12342
27100
7130
-16074
-4200
-31551
3987
22446
-25199
23699
23402
16536
21125
11650
6528
29062
-9603
22397
-29296
-8754
32003
1763
20093
-6149
27132
764
25852
-11307
-15213
-886
-6782
30848
-28792
8323
32127
9599
-28015
16681
4401
-24176
-24185
19186
3045
-18462
16368
-20571
-15004
25833
-6528
25700
30409
988
26585
10295
11928
-17724
23446
-9045
32144
24468
25446
29080
11909
-16255
-30848
29062
-3971
-31619
2707
-29493
31747
-10014
-27777
-6661
20988
-5893
25084
5334
14483
14474
-17278
-31104
29320
-7038
-29313
22399
8332
-16089
-31436
-627
6789
-13071
10724
27617
-8978
-25437
12387
-23320
24961
-28317
13768
-3622
-11560
-9670
13207
-12096
31891
2731
-12143
-5230
-7069
-21097
10629
-17023
19328
19078
-2947
-22147
-31606
-16183
-30973
-26143
29819
-8197
12284
-29957
24828
-5677
2449
-7543
-12670
29824
-27512
-24958
-30081
20095
21900
-4827
26678
4235
-18556
3057
20963
-17953
-14867
11427
19299
4839
-18815
24673
-30778
-12584
16598
-15812
3222
-6724
-26221
22698
22418
-16749
-5791
-17513
7813
-19839
-31872
3462
382
-27779
-15985
28359
-29437
-7712
25981
-9221
5372
29947
24316
10964
2960
-19319
-23166
30336
8329
-25470
-24961
-30337
22671
29731
2359
-7287
-7290
-20752
26082
23007
29165
-19550
-22942
30950
-32639
-29088
-26171
11992
20694
11838
26517
-6466
-7020
-23385
14481
22163
9565
-24937
11397
-17535
5761
9350
-1923
-18051
-2160
6340
-28669
10976
28286
-9733
-1797
27643
24060
-13357
32399
13705
30850
21376
3977
-19838
28799
21119
-7033
-1247
-26053
29062
6531
-14096
20706
-28963
-28437
929
-1951
-1564
-8318
23647
1732
15831
19413
-10686
-9581
-29513
-7280
12967
-18798
-26480
-31653
22167
-3964
-26751
9089
12166
-10627
-26499
-27766
-2111
-22781
21214
-19590
-9989
-4613
5371
23804
22226
24205
-2168
29058
18304
13705
13186
25727
-20097
26509
23839
-29122
7812
-10875
-28177
-17440
11741
-16919
-14688
-17824
7652
-4990
18781
-22590
-12332
18642
-26555
-16238
14518
-14445
24484
29074
-1390
-23723
21399
-5756
-27775
20865
-8827
-18563
-4995
31632
-6723
-18685
-26915
4478
-12037
-19717
-9734
23548
-7983
26252
-13688
23682
-31104
27529
16002
-9857
23423
-1650
32541
23103
-5759
2951
-7953
-7201
-23844
-5655
-1633
-3999
32739
-18813
32092
8897
-28204
11729
-10937
-7023
-10313
8597
21667
14738
9875
11092
7319
-380
-7551
-30079
2950
13950
-23171
28304
-15174
-16893
-3109
-29058
-10757
-27653
31226
23548
-25648
-3188
4744
20354
17280
18057
19586
-19841
-6273
25737
-4581
-14779
-25986
32387
-22546
14047
-27428
23527
-14178
-5280
-29215
24453
-28838
-11841
-11310
26320
-20915
18832
-4690
29841
-27486
29843
-14191
15953
-25450
-636
-30847
31361
3974
16254
2430
13966
-5449
-4093
-24615
18557
-12293
-32517
-13574
23292
-24113
-8311
-8569
12930
21888
-32375
16002
-29057
-30337
-24177
-17383
322
-12934
-15737
-5651
2015
-9251
-27673
4767
23906
21986
12678
15706
-17472
-15405
-6448
-21429
-12401
-16976
-30827
-26463
17812
-24427
-23727
-27754
-10364
-27007
-8831
9350
-2179
-12163
-5994
-21581
-11773
-23593
-32638
-12805
-27141
20475
23292
4048
9867
30087
22658
21632
-12407
4226
-17281
-14209
-21618
13592
22345
-27527
-30073
3309
15325
15580
17125
-22115
24162
12255
-30842
32088
11965
4304
-12339
-19630
-7539
1711
19348
3229
3219
-25197
25161
9622
-4220
-18303
4226
-9083
12670
4222
26257
31920
5380
-16939
3456
-14597
22267
4859
22524
30159
-13174
6279
6274
2688
-5751
-4223
640
-13953
-25461
-9450
-31666
-5002
-20859
11756
28380
27354
-6942
21404
-23456
-4644
6023
-27818
3003
23502
-11318
26455
-28788
-18266
-19822
22683
14739
-11630
13639
6806
-11644
23681
11650
-13691
21374
-7811
5264
29357
19972
26324
18047
-15621
15099
-13830
20988
16334
18313
-16250
6018
-641
-7543
-2431
-7041
-14721
15507
-18668
16719
8820
-9591
-28950
16346
16090
4322
-27749
-20128
-19236
-7546
31571
-14919
-25139
202
15705
-19317
-30039
-6506
-16232
-3950
11414
4676
-7275
-19068
23937
15746
-11899
8830
5246
-20586
20136
22532
-11054
32387
-18949
-4102
-17158
20476
-11314
28553
32134
2178
4224
11146
-15487
10624
-26497
-15475
-31469
12627
10354
-17017
7658
-7719
-30248
-32544
7066
21856
-9510
-14201
-27565
1208
715
-5945
-7843
6026
-29788
-20333
19095
-20077
27029
-30143
-19819
-13692
30593
-30334
-28795
29310
-9603
22161
12709
-28412
-1072
-9344
-18949
-7174
-27142
19196
13518
25481
-3707
2690
3200
18826
-6783
384
-7809
31884
22802
4695
-14994
32646
3305
-6952
19671
-24099
-32360
-24226
-24360
16264
-5807
6326
5833
-4668
26721
-18296
29086
-13678
23700
5267
18067
-13251
28565
-12924
24705
-15998
-13435
31358
6526
14737
-4959
-12540
-13873
-30592
-21253
-17670
15354
16124
5581
-14456
-23931
-2687
-4737
-21110
-9599
-8065
4992
-1391
-11760
14934
-7572
-24182
-6937
23767
-2602
21469
-22889
-25762
-41
11656
24911
31156
-27704
-8764
1122
16007
-19551
-18539
-20591
-27246
-875
-31942
5525
-23932
23937
2179
-23675
13950
12670
22676
22941
-16380
25294
-12670
-22789
30458
21242
15868
4045
25224
7301
-10111
-4481
32394
-28543
17280
8832
15244
4112
-6308
-28822
21895
10471
-24362
21972
8923
-18026
27997
-28971
-3704
13135
21682
27334
-14654
872
-11131
22171
-8303
18831
-8046
-30062
17464
-24684
-24956
14465
131
32133
-22914
11390
-30580
-4198
15365
22476
-22914
-24325
25338
23289
13308
-12085
8583
-13692
-27263
5504
-25462
-20351
17536
-2433
-18292
-7666
-27040
-1689
-23417
-20251
5845
22995
-1577
30612
-17572
25299
12681
28748
-13393
-1596
6082
26475
29572
22934
5778
-12660
11922
-7023
17205
-32108
21636
30081
1923
-20859
-30594
9342
1170
-6762
-30459
15307
29825
-28677
4602
28153
9212
31179
-1915
-19324
27265
-8065
-6262
-25727
26240
5504
29327
-14067
-30880
-4763
-28535
-13852
-2605
-30510
-19497
30356
-10405
-16174
3209
17227
-10066
-26173
1728
3437
-31101
-15976
26003
-21110
22418
28563
32562
23188
27012
21121
29059
-18811
-20610
13182
19347
-9326
-29947
-18743
-30334
-29445
-11015
10233
8956
-22069
-4730
-5501
-24191
-9857
907
8577
10368
-897
1928
-3572
-24990
-1183
18566
-17948
-28973
-20017
-1325
-25197
-27299
-561
10890
-25781
14253
8130
18365
17776
-28030
-7024
32143
17804
5268
29074
-24524
-8045
29060
16769
-15997
21637
-30850
9854
-18803
-30833
-16379
-6969
12159
-29189
-15879
-30984
2812
19146
-12411
-19325
-31103
-2945
-886
7809
3456
13696
32653
23052
-2458
31585
3721
1507
-13103
10448
8403
31122
-28836
463
13962
-26296
-21077
-1345
-7492
4211
24449
-32369
8082
-8057
22931
-20589
-24786
-18797
31108
30081
-22909
18309
14206
29822
16275
1933
9734
-20026
29570
31739
22009
-31240
1020
14538
28038
-21117
24705
-14721
3723
24449
20608
27776
31630
-28149
-28823
-6817
-20087
2530
29648
-5169
30674
-11887
-31909
-1331
27786
-6585
-26710
-18242
-21317
18294
-25472
-8048
-22382
16517
32146
-9325
-31700
-12141
21124
14209
-19837
26245
-29058
-27266
1171
-27767
28422
2245
31106
27899
4857
-31752
-517
-22071
18309
5507
10369
-13441
23179
-14208
15488
15232
-21368
6155
22383
-25763
-18042
3041
-6193
-6707
12495
-2417
6491
29899
-19318
-30138
16296
-30788
29881
29051
26495
17031
-31601
2437
-25197
7570
-2517
21651
7556
23169
2692
-1916
-26754
28798
5008
20871
7431
17347
32385
23035
-5128
5880
-4869
9416
6020
-12926
4481
-10369
25995
-20096
20608
22144
5263
19722
-19601
16219
12170
-30752
975
15567
28878
9616
603
459
-24693
11588
-3417
-13124
10425
19067
15230
-30584
18323
23426
-9836
-9580
14121
14227
-893
17793
22404
-1660
-21378
29566
-30312
23171
9223
-19775
-7035
22011
-28424
32760
-7941
-23608
6020
-9854
11649
4224
28811
30848
17792
6016
23438
-5879
-15500
30810
-8567
-10017
-20018
19407
21452
20112
26203
-311
29068
-19389
-29530
-2885
5817
-13185
-26499
-19833
-17518
9344
28052
24980
-25305
7571
11652
-28799
15748
-20604
-25218
12670
21907
21377
-12281
-25153
-28029
24571
-31752
20472
-11269
12233
388
22658
1153
-12161
-28789
-17024
15488
31360
10377
-23287
13438
-5286
29574
-27170
-2355
-31539
23496
11406
2649
6597
140
-28094
25251
-2889
-5708
-31610
-19589
-14979
31631
29051
-21360
7568
7973
-15726
132
19329
32132
133
-30594
-28546
-12910
-13185
21001
-10307
5507
25851
-11272
31736
-18693
-7992
-29820
20354
-6784
-11649
-16245
641
25728
21376
-1392
13065
20607
-9125
29578
26844
28876
-10291
22472
23949
22616
-27195
1675
20289
12195
16824
-9804
-11641
-11910
1667
18835
-4745
22671
3473
8227
-26478
-9597
18049
-26236
14213
-20354
25982
-19816
15741
32521
-11331
-8826
17659
-28936
30200
-19717
31176
25988
-11391
-13440
4224
32651
-4992
-27520
28032
-3446
-25336
7811
10329
-15225
-22053
22219
-20277
-11579
13195
6232
25794
18059
24128
-31072
2998
-7758
19084
18297
-19075
-21617
14197
-1906
-15986
5409
26770
-11389
30849
-31612
11653
-7554
26494
-8302
-20871
15114
-32325
-19325
16635
21496
-9481
-28933
15047
-23421
25217
2689
-21121
-27765
-18816
17280
15744
18569
18440
15237
28759
21127
-27944
17609
14280
12482
-23160
26965
7102
-24950
-16068
-32099
1459
-17232
19342
27256
15735
-4467
27507
30350
29070
-29153
-623
4484
9345
-31356
-10108
-30082
23934
11666
31607
-23030
28091
16003
-9478
-23049
10487
20475
-6714
16770
-23423
-14976
-12929
-31605
-8064
-29568
4992
-882
-14329
20098
14167
-12406
22488
23752
20680
5827
-3960
-11691
-32065
14217
-29635
-2403
-19277
-24400
3725
12407
-4228
19089
30066
8335
24466
26143
13458
-7037
11649
-25212
7301
-4226
13950
10389
6260
5386
-2118
6277
-4358
-31753
3319
26363
2502
18818
20609
-11136
-18817
32395
27776
-20096
18816
-31608
-14073
-28789
8023
14471
31447
29639
6597
-12353
8839
19284
-4164
-6775
19005
-6502
10161
-12370
-3693
14966
28534
16269
-21649
-25459
29581
5149
-7535
-1149
11137
-21628
-23420
-10114
17022
908
9588
268
8378
17280
-3846
10487
-23307
13307
-22588
-18304
-17536
-6784
-8577
-2421
26496
-5248
21632
7561
25351
-4468
85
135
14550
3270
-17468
-7747
-17274
11347
-12870
-10359
-32197
31385
-10833
15276
-8044
13173
16754
-15475
30831
7310
-371
28188
30353
-6013
18561
8837
-27772
8831
31870
29073
10097
21260
10425
30850
-14342
-22794
24565
5883
5060
29823
11905
-10624
-31873
5772
23424
-11136
16256
-24181
-4346
-15476
-31660
-30328
-21292
31940
-1341
21949
20101
-31662
13242
-21623
-13511
-28520
5294
-25173
-28266
23668
-1163
-11122
-19092
28813
21902
-22502
-4463
-3965
-9344
10629
-25212
4479
27774
-16750
-28051
19212
16568
25475
-19718
2806
1781
3579
5571
4991
-8576
-20864
-30337
140
8832
-20352
-32128
31619
-9466
-15982
-10414
-21116
27092
3780
-5952
20154
14724
8786
-11594
1162
-7367
1174
-15189
27561
20123
8051
-8852
1418
-12949
7054
-7542
23578
29329
-19581
-5504
4997
32132
-2946
-23170
-21108
-6804
-13299
4023
-22401
-22278
-17163
-10765
-9734
-9023
-12163
15488
-7552
-20097
4492
16256
-10112
12928
-12920
-28154
-25711
5202
-6522
-21806
6595
16577
14265
-28285
-13743
1206
-26487
-12745
-23147
-9301
-1368
-13926
-15246
18541
-3444
15722
14989
12429
-29415
-5488
-3453
7809
27781
-29052
3199
27006
-17519
25450
31757
-22090
-26494
31226
29173
8180
-13318
-24639
-28291
11392
-20096
-20353
26252
24704
32640
32128
4234
22022
-3181
22609
-889
-3887
-63
19648
25784
-16766
337
4789
-24695
23096
-10604
-17494
11432
13469
-11663
2160
26509
28775
32652
4748
-22505
-18544
-11901
9345
-22395
32132
-19074
-28802
11921
11112
7438
-14411
-8318
32506
5109
24819
-19206
-14400
-12420
-129
-25216
-27521
5516
896
24192
30592
18564
12294
-16743
-32177
20612
15313
6081
7103
-1868
27777
24143
-11087
10378
-13257
7570
9128
-14683
-19807
23408
-31130
-8055
29799
32140
-9591
11799
-19056
-15997
641
-31355
25732
-19330
-21378
28814
-15514
-17137
13492
9089
20986
-16140
5107
-31494
27838
-29575
-6529
-23680
-22401
11148
22400
-27008
31616
27273
-8699
-7016
8270
-31609
8655
-28481
12223
24244
-32640
-690
14257
-20855
-28619
-15727
9128
-5468
30625
-32145
-1432
-1652
18533
-29301
18571
10006
-11632
-11133
9857
31621
-17276
-12162
-22914
-13163
30051
-32753
-22349
14469
8442
14068
9715
27130
15294
28281
-26497
32128
-24705
6540
24960
-18048
32128
12681
-20987
-20069
-5555
-21881
13774
-7490
6078
25522
32383
3151
27055
-18295
-5835
-1137
-12378
9380
-19548
-16274
17512
16780
-31389
-19317
-24438
-492
22928
-16509
7297
29829
-20348
-642
-32130
-9584
28001
23312
10930
-3454
8442
3572
-9998
21242
6589
28280
7039
27776
-28801
16524
14720
23936
-16000
7557
-31227
6560
-28085
-6780
3277
-1347
-28485
1454
-10628
-12467
-2646
-18043
12342
-12402
9893
22688
-7256
18285
19809
-20599
5221
-24694
-14712
25110
1936
-25725
2177
-25211
31876
-29826
-17794
-15474
-28577
-13551
25265
32129
-5639
-7181
-8207
-9223
31930
25462
25215
23168
9599
17548
6016
24704
-25216
-1650
18181
25499
21576
-13430
25803
18876
31933
-22866
-6785
7504
28078
-22902
6197
9615
16293
-26976
31910
-12435
-24728
9872
-1436
-7028
-25970
-23788
27280
-28285
-17536
-22395
-32380
-14210
-20354
-7787
32348
16144
-2130
16006
-15111
17139
29682
-775
8893
10872
-15490
-30080
-30337
28300
-5249
-23424
27520
19340
6405
21147
9284
-24694
-5172
-10051
-21057
21680
-7807
9811
19889
31886
12342
8080
-30298
-15710
-9818
-13459
-17819
-10866
-5273
-28782
15507
12565
-13681
-12413
-3968
-10619
14468
-8834
-30594
-4975
7514
12560
-11861
3717
-9223
-25613
-29966
11258
22973
-25735
-17282
-23680
-24193
29324
-4737
-3200
-12928
-23670
-5116
1950
-20927
-1911
1996
9917
28861
-16212
4992
-20910
-25171
-3442
16180
25486
2467
-24673
8617
27500
864
11662
-16795
-15471
2194
-18669
-10097
-5501
7553
7046
22660
15743
-11138
2962
-28073
3601
-1111
25989
-15623
12275
-6415
-17159
26044
18809
-29058
14976
22143
27532
-4737
129
1665
19599
-21244
24735
-3263
-22132
-32055
-8005
19646
-7510
-29057
-8111
-25428
-23666
16178
22157
5283
-20834
-32086
22379
-15261
21392
-26784
14735
-12143
14098
-18801
-31101
-8576
1670
21380
6527
-1922
29333
-26797
30737
-18008
-27513
-18695
-4110
14834
-23815
22972
30585
2686
21376
-32129
-21876
-19073
-16000
-32128
-18297
-27644
17065
-703
3976
-21305
-11590
22202
-31836
16252
32080
1958
4750
3633
-15992
-32355
1179
-1103
-22679
-22694
3723
-2213
-4468
19084
31504
14479
29059
2689
28294
1668
-5506
-29314
30093
-9391
7957
-19290
-23166
-20743
15859
-26895
3577
-27461
26745
-28803
5248
17023
31628
-20353
-7552
-13440
28552
27396
-598
-14785
17288
18630
-6984
-26694
31651
-23941
-12722
19620
-19059
-31441
-18298
-21861
-19304
-15437
9576
19799
-2933
21082
-17012
26251
-9713
-2674
21635
-9856
9094
7812
6271
-14210
1683
-16306
-9707
-8028
15237
-25863
-32014
-30734
2809
-20038
-28809
31613
6272
29823
-19316
-22145
-6528
-11648
-25974
22276
24237
3648
-2679
30660
-21321
-8775
26274
9595
30030
32163
18061
17200
5254
4508
16024
-19530
-28569
-12966
-24692
-17065
-17013
-26741
-2546
1679
28803
-2176
-27514
7300
5247
-6274
5268
3917
-8426
28068
12678
-28935
10994
26866
-14856
1723
22903
-6020
12928
-29825
-4724
13183
-21632
-3968
-19071
16644
20148
-4291
12165
17602
27829
-21836
-30052
29816
25420
-17252
-22132
-6353
-22655
-15211
-22125
25532
-12187
16720
-12666
22101
23691
3208
-16115
31118
-29309
-3200
-9850
-22909
-3714
-1666
32141
6475
10010
-31325
-7551
5881
30449
-6416
760
16313
13174
12669
2688
31103
-11124
31103
-13440
-7808
-14202
7172
-4429
-17348
-889
-22082
-17230
15796
-1638
-17290
16715
24988
-21621
27436
6528
12437
11667
-7236
-30364
20560
-5495
-31149
8843
22155
-13044
-11890
26243
-640
-14970
6020
2175
-3970
18834
31047
-2279
24738
-19580
32760
26864
-785
-11273
2488
1909
-32644
-25217
27519
8077
-21889
-8832
-384
-1657
1028
-12106
15675
-23672
19900
27057
32690
18583
17781
-26550
17562
-7541
15916
-29058
27795
23953
5824
-23709
25169
-16503
29009
-12919
7561
-24821
11150
1411
-13952
25479
22404
6527
5759
-21104
-22972
29467
17569
25988
16376
-26385
-25617
15863
-23375
-5529
-901
-11905
31359
2701
2175
641
12161
-13438
-3325
-27462
17975
17030
-17478
-25938
-27219
19860
10100
8266
24215
2187
-3795
4221
-9073
8334
-25148
-12190
-23222
-890
8533
-29045
-14200
-17397
-23155
6019
-4992
12679
-24701
21375
15231
-18549
-8638
-27363
-22624
-8319
-10250
-14100
-12055
-25866
-20560
17516
-20869
896
16255
1677
383
5761
30081
14472
-10749
22970
-5835
-28791
30647
-13141
-24659
-25453
-14990
-4791
16535
-24950
26923
-19589
-19313
8333
18117
14689
-5045
-8567
17489
-11126
31370
-23542
-26227
24451
-20864
15751
-13949
9855
-29313
-23149
32062
31773
28831
9094
19702
14059
-8983
-25866
6576
108
14459
-9857
16767
-4980
-10370
-2944
5505
3207
-14333
25021
-22221
-16759
-8010
-5461
27564
16015
3955
20811
-9579
-25204
25132
20346
22413
-31606
-4664
-28320
13899
4745
19536
21386
4233
-24567
29836
17539
-24704
14983
31363
10367
9343
-11890
-197
20255
-15461
-32124
-21770
-6677
-24087
-10251
-13905
16237
-8838
28799
11391
8845
-4994
-896
18049
-4220
-18685
-10816
17200
-17784
-27980
10154
13482
-27765
-19088
-16054
-1904
-12404
31273
18807
-30582
-13177
-29237
3679
4676
32135
-12721
26506
-20600
28425
-7029
-16766
-21632
-29049
27523
12927
17535
22158
-12744
-31199
-31592
28292
6390
-24085
-10008
-524
-7506
-19347
-12934
-15745
-11650
5261
-1922
-2688
11649
28300
-21501
16063
-30161
-25716
32689
-21593
4522
-11126
-26000
18763
-11887
8076
10537
-11658
12938
12423
-27957
18270
-29623
-19061
3405
-4983
-22389
-23800
22411
-382
19072
-29817
20867
14463
20607
-32109
-14283
-31712
-618
-18297
-27147
10218
-14872
-27404
8111
-17554
24954
-25729
32383
-8308
-19330
15489
24449
28806
-23293
-28987
-9426
-28023
-16208
7590
-17497
-32378
-7570
-9910
30861
-32116
2090
-18828
-12410
16771
-24112
349
16197
-8057
17738
27529
15496
4104
-32374
-15998
-15744
-31097
4995
23935
28031
21389
26420
-5340
24725
22660
4341
18409
-12825
-6669
-30291
-18067
-2695
30079
10111
3469
-22146
4737
-26751
13446
-26365
24775
-9431
25738
13742
25253
4775
-6015
-2963
-1719
25482
16270
20518
-24975
11908
641
7122
17243
-26562
-121
-14521
8843
-7030
29703
-14199
-28030
-30080
-7033
-126
13951
-31873
23438
10032
16422
6289
8325
-7180
-2072
16360
7667
429
30828
-24967
30591
12159
-116
-29314
19841
30849
5515
-28925
-23355
-20706
-20851
26022
-24922
-18517
-29320
-24467
15433
17029
-10611
25114
-5015
31101
-901
11217
-18857
-16071
6538
-15306
17803
-9588
23301
649
32386
29312
-12921
-16254
15999
14463
13454
10284
-16092
25486
12422
20727
-11539
-18196
-8207
-11854
14194
-14216
-4994
-898
20621
17278
14977
-31871
24708
-30717
10181
9238
12939
8856
-3164
-31064
16234
14442
-10427
-31363
8334
15887
-23714
1139
-22160
-22573
-23980
31026
-31866
13611
23692
7819
-16381
-5497
-3967
4480
17032
15746
19327
20351
-14716
-2010
22308
19590
-18048
503
-12304
12525
26350
-11853
15472
25208
-17282
13951
14733
14462
14977
23937
25477
-31229
198
14866
-25972
19598
-19040
-27994
8292
3431
25923
-30087
-9331
-25846
28248
25964
25196
18901
-23727
23085
28039
13863
25229
-19060
7171
-28025
-9599
27008
14472
11906
16767
15743
-14711
-19422
-6620
29567
-21374
-10251
-18704
-15379
31980
-2380
-31891
25208
20863
18559
11917
13950
20609
15745
392
-31229
-19258
-13297
8335
17026
-613
29860
-2210
-8350
15683
-29065
-4978
-7417
14675
24680
25704
12247
17743
-723
-15224
-30436
-22388
-13428
-27134
-25465
26498
26752
11912
22914
28287
127
22154
6431
27173
-18055
-13437
756
-32272
13293
-9750
-25675
-24210
-21897
-14978
383
12941
1150
19329
-27007
-20097
-31229
-28467
5391
22155
-27009
-13927
-17760
-29862
11871
3648
11377
23951
-10489
12367
19299
3940
-6181
3405
-15834
-27005
-5350
14988
-28536
26626
-12410
-15487
12416
-32120
9346
20351
25983
-11644
27677
7723
24438
20096
27379
10991
-11029
4329
-18765
20331
-16521
-10114
-2434
27533
8574
19073
-27263
-27261
-31485
-28973
-22769
-20083
20346
-9324
19100
-16042
-10149
10557
-29844
9613
16903
22603
13152
12641
-20257
10827
-27611
2181
-17384
3720
-378
18690
-31866
-7295
15744
-5752
17538
23423
24703
30601
-6886
-3024
11381
-31102
10482
-8979
28395
18663
-25423
-662
12151
-25730
-6530
-25459
-7555
22913
-17535
18308
-31485
-25385
11791
17038
7028
26768
-20585
27986
-23976
-27845
2152
17548
-7162
-22713
23132
-23459
10979
11337
-27356
8069
-24043
26503
-7034
8962
-14459
-13183
9856
5769
6786
31103
-27009
-21113
-13032
-27851
11379
1154
-30480
-21268
22249
5093
23471
-2967
-13450
-18818
-15490
-24179
-27267
-31871
-21375
9343
-31741
-19238
-29427
-17013
-4752
-2931
-18285
28749
-11180
29497
23650
-20084
1030
28739
17751
27737
20709
4935
-31202
9090
7444
-19321
12420
5122
22661
-3199
-4481
19593
-16767
-26241
-29569
-25212
9239
28217
8558
19328
-26641
-29973
-29208
-19230
-5972
15976
-29066
30078
5759
30605
23421
-13951
-11903
31108
-31741
-5413
-14836
14991
22634
-10872
18323
12618
-10414
8760
-13728
-32372
15877
-4544
-19628
3414
-18714
1093
23071
-7548
24594
20615
-11387
2
13445
-22143
18304
21129
-22655
-9089
-13185
19596
-5356
-966
-26517
-31612
-24851
-2583
-21528
-1056
17835
-19099
1398
21630
-6530
-23923
32637
-14719
-10879
-3198
-31997
-3873
25101
-27762
-4503
-634
7566
-2746
7762
-16329
-15269
-15221
-18683
13119
15698
10067
32745
28740
-3555
16515
-32238
23685
-20348
-1535
-20860
-17279
7552
-28023
-18815
-11137
-20097
-21371
17684
-5568
-20372
-25471
-6164
28135
-12061
-26658
28581
-16543
-10891
-20610
9087
31373
16253
-28543
-21375
11903
-31997
-27415
26392
16009
-2176
21129
-3958
3148
1112
7486
-8358
22412
-10989
-9398
14427
-31655
-22546
19015
-31715
-14977
3619
1922
20095
23554
-26748
-10367
18048
-23159
-23167
-16001
-10881
-20344
23061
9811
8054
-8829
-6420
28636
14041
-10786
-7525
14943
-24203
-29058
-7554
14221
23677
-29823
-31615
-4730
-31997
-27927
-19174
8845
24703
16518
-9847
13902
6999
-11969
-3492
-14709
-1260
-4276
-10403
27995
24559
27975
21282
-22909
19749
-19328
-20606
24578
26500
-14975
17024
-22647
-17791
-2433
-19585
21902
-16877
22355
-14987
32391
18665
15576
17110
20191
-5225
-3747
-2444
-26498
-27010
27277
-11396
-18559
-17023
-18816
-32253
-9492
-31207
26250
-3972
-18301
-32634
23370
-30379
26687
-20136
-6005
19478
18762
-14502
5465
-18191
24902
-29154
-26497
29988
12160
-130
20226
-18301
-9599
-1921
1930
18049
5248
-2177
13192
-20462
24667
-7054
25988
21992
-2346
-3118
28892
19862
2397
-27532
-31618
-19586
23949
-12164
-30847
-3967
-15233
-32509
15342
-4585
-24951
14202
-10111
-30333
18758
13396
15935
-172
-28788
12053
-23993
-17321
2134
-17934
-1980
12059
28287
-5854
-4737
-899
13826
-20093
-4735
4736
2442
12929
-3201
3200
10889
17169
11103
23920
-17276
-14874
-8492
-4143
-1319
10389
-16036
-28556
16766
27006
11149
-6788
26753
-4735
6532
-32253
-13074
-22761
-13428
1910
32382
18818
1093
-29613
-8642
-22957
-14965
-26604
13382
-17323
-5549
-32269
-16829
15389
11393
4897
19583
28800
9730
26499
-28287
-23169
-6007
16001
-19841
7040
13707
-5361
-9888
5231
15750
-23835
31443
15313
-25384
15252
-24741
21364
1662
-16258
-3956
-2436
22657
-20607
22141
-32253
-28687
16406
16009
16756
28028
-23682
3136
-14767
-22211
26447
14475
17686
15683
20306
-6064
-26379
-22718
20760
-16772
32288
-2435
-30597
4354
6531
20097
7296
2186
16769
-15489
-2689
-13438
2063
-5015
10860
-13695
21476
4306
23245
-12588
-3696
-27814
-17805
1918
-23426
6285
-24964
-23679
1922
9342
-32509
22258
-27372
-10871
-31633
-28039
-4740
22333
-14258
3644
29260
26506
11283
-10176
-23985
-29620
10998
-25024
5143
-20612
29214
30077
-16773
1538
-26238
17537
3456
10890
1921
3712
9344
-17273
-16115
-28052
-19863
17796
6882
-15665
15309
14803
-9585
-22696
-17805
6526
-12162
17037
-29828
-18047
-1407
-641
-32509
5619
-31980
30347
24171
4983
-11398
4411
-13747
-13764
-7862
11658
-3054
11839
-15028
-23733
-6154
-12481
-1257
29053
-2020
-388
16252
-1023
22914
23169
12416
29578
-4736
2432
12160
-27768
-23284
32111
-14744
10885
-15136
25806
-26933
-8752
20622
28248
3955
-19587
29566
16269
27004
-32639
1666
1915
-32509
11251
-7152
19337
-5268
3448
15226
19002
-12722
18495
-17333
5773
-28908
-32193
5453
-7604
30967
32063
31764
12411
-26337
-8063
382
-1791
-24959
-1920
-21377
32650
-15488
-9857
14976
-22141
8972
7536
-14493
-1406
-31010
1228
-4666
-6961
7820
14166
18035
-21635
27774
4493
28796
22145
-10879
-23424
-32509
19955
2832
-21364
20585
28021
2425
31543
-26291
-31682
21065
28045
-20974
30525
-3253
9545
-12041
-8130
4885
8830
32286
-23424
-23681
-3583
10114
-2176
-12161
-30838
-2944
-13441
8832
20361
2571
-23440
30049
28550
-8996
-10295
-26425
-28723
-9846
30037
-18574
-12675
23678
27277
29052
-5247
-1151
-9855
-32765
19956
-15601
11149
-25499
25459
11640
6710
27980
-15554
15175
-31091
-23535
5180
31049
-21434
31224
-17091
-5868
-31874
30748
27776
-11905
-5375
28289
16769
-19585
-1142
-13440
21376
19072
-28280
14858
-18060
1888
29318
19675
-1080
29894
12748
-4983
6997
2162
-18819
19326
9613
9084
-8319
-3967
-16516
-32765
-29707
4622
18314
30307
-20623
24181
6961
-18358
-10179
-26046
654
-14576
-11976
5958
29764
13561
10812
-16112
30843
13339
-32128
18556
-5887
-5504
1665
-23425
-8054
-30592
23168
15488
2438
30729
14458
-11173
-2940
474
-26169
-5949
-8762
-13432
30804
18034
19325
-31874
18573
14204
-11135
12418
25218
-32765
-24843
31757
-1651
2143
-8850
6005
2096
-6839
29501
15682
-4467
26383
19511
32580
-6077
26617
315
16402
-28802
-1000
-8321
-1155
-7423
13697
-11136
-14977
2955
-16000
19072
30592
6542
-21752
-29830
12634
-7031
8664
-17467
3268
26566
8584
-2733
-6287
15997
-24706
12941
-5253
-18303
11650
10881
-32765
31990
-31732
-17523
-7589
7277
-25230
814
-32183
2879
-18881
6798
-21745
-20939
8259
-8640
5882
19002
-16112
31869
-15336
25216
-28034
-7679
-22400
-24448
-9089
4235
19584
9088
29824
-27000
13576
-2178
7255
25223
-5162
27077
-19775
-12093
1927
-19629
25969
-27011
27774
-11380
636
4226
1666
-4226
-32765
-32009
-31221
-26228
4956
-2197
9841
-31190
10056
-5315
-28356
16271
26894
-32717
-10434
-27587
-23558
-15304
-3315
17020
6680
-19585
26237
-8191
11904
-4736
-14465
-13942
21888
-29056
20608
904
-22265
-25980
-23213
18567
29399
29893
9155
-26688
-2170
-8108
-32143
17277
11390
-10612
-2949
-16511
12930
-31098
-32765
25335
11531
-19568
-6313
-22680
27760
-6872
-26041
28478
-14789
27278
-17395
-30414
-8386
17212
-16902
7736
6672
23936
-27370
13951
2944
-8447
6528
-19840
-32641
3211
9600
13440
32128
2701
5383
-5501
13138
20874
-15915
-26941
24258
-323
32646
-5803
11121
-24707
21886
3981
-13957
-2687
31362
-5504
-32765
29688
-1527
1934
854
-3481
-22163
-21466
15686
13630
-21703
27535
-22003
2865
4155
-3271
25083
21815
-25587
-19332
-18667
17280
-21122
-8703
-6273
-3968
-25729
25995
8064
27264
-21120
20871
-18170
-32374
19022
20871
11989
-26429
-8512
26043
28293
-4780
-23440
7037
23166
10637
-6789
11394
14466
5248
-32765
-7944
32520
7822
-5296
12133
364
30243
-6845
-26052
-2508
29840
-3062
20012
-3274
-7628
-24325
-27340
29451
17020
30995
18304
-7555
-8959
16255
24960
-32385
-20853
14720
-25984
-32640
19848
10502
19085
16201
-12153
16595
-9022
-12863
-21577
-10621
13140
22128
-12164
-2179
19597
-26501
13698
15746
-7292
-32765
2553
28936
22161
-8883
12642
-149
1827
-9149
2109
14389
-3441
-15094
22573
28472
12342
-10245
24116
-15604
25214
-32494
21887
-31616
-8959
-7810
14720
18047
-2165
-5761
-26496
-24448
-14710
-9979
-24690
-28344
-20343
12497
-8768
3776
11958
-382
-20141
6768
17021
18558
-9332
25467
1922
10114
-18306
-32765
-6151
32520
5518
335
-19870
27753
1314
7491
-24003
14899
29072
17420
24108
-27594
-25035
16636
5428
-20982
4219
2068
-24960
-15490
-8959
28542
-23424
-29569
-29557
-29569
30848
31872
29058
-18939
-24683
24391
-23419
-29233
1727
24765
17076
-19327
24914
-18577
3709
11390
-12916
9339
10114
13186
-30079
32515
2042
2056
20879
7244
-32160
31848
-20449
-12222
-25283
-20175
-26479
17163
-28630
23349
-1485
23804
-22733
-25078
-20868
-25582
29825
-29569
-8959
5502
24448
18303
-23413
27263
-29568
-24704
18825
22533
-21610
2373
-27255
24525
10429
-13637
-9297
21888
-2478
-25233
12669
32126
-24948
32123
10626
16514
23427
32515
20986
-23033
-14448
-441
23133
26727
-14050
13890
-30145
-15569
12434
-8950
-9688
3635
-19663
-28932
-26318
-19958
-29827
4881
-2176
9344
-9215
-2435
-30848
-19841
31115
-14465
-23424
-19328
-31862
517
20121
4419
-18550
19147
-13381
-30020
15279
11391
18771
-31377
-9348
27518
-18804
1915
9858
31106
21627
32515
-4614
-11514
-25204
-17851
8540
-29341
-27877
8000
-27075
4396
11667
-14839
-11483
25392
-15825
-8708
-26576
17928
-11400
-3057
12417
22909
-8959
-24963
6528
-25985
-9333
21631
-14976
-2944
-28283
-10748
-29025
20287
-26233
31946
-30277
-21319
22185
2430
-24239
4207
-14980
20862
-25460
31099
12418
-32126
17026
32259
-29190
1286
-12400
14658
21337
20577
-19687
-31425
18239
-21460
-9069
11016
-3802
31536
22062
-12548
27440
-14328
-15747
-28145
4226
25729
-8959
15997
9088
-26497
-14197
-20353
-13952
-896
-9589
26628
-14949
28218
-19573
-22074
13240
-2120
-26459
11389
-6830
6511
-13444
29822
31116
19835
16258
27010
-5504
32259
25851
27142
27023
17727
15703
-3232
21273
-25282
20797
5417
3475
-1784
-11998
11820
-19414
9469
4399
25608
-17541
28685
-14466
1150
-8959
8317
8064
-20609
-8821
-26241
-18304
-10368
8842
26628
8613
-16581
-25461
-25915
7864
28600
-27484
15484
-15024
-20114
-20868
20350
-25716
-134
-5503
-22142
5500
32259
-11013
4358
-25204
2366
-20395
-18851
13847
-15556
15677
-9947
7571
14600
-20448
7722
-10711
20221
-9171
-15866
-26504
-5620
28542
-4231
-8959
28028
-6785
21887
5772
15999
-29056
4225
30599
18948
18859
-29127
-10871
-1597
29366
-9034
14752
-13190
-26799
27758
-26500
7294
-30580
-12166
23170
32386
31105
32259
-14085
-14331
-29297
21561
26193
-23715
15382
-7365
-1988
6182
-19310
21767
2592
14889
-12760
23549
-1236
-23033
-8581
9740
-23683
-6276
-8703
16764
-11649
26239
11148
-2178
-3200
-6016
27279
1796
-16726
14135
12174
-31553
-27470
-13644
29597
3193
26192
-32402
-30596
20862
19084
-11398
14978
-16510
10623
32515
10236
-24571
-12146
-5065
32591
12634
17940
25146
-14020
-13022
-11886
-26873
2846
1574
-16347
-32003
4396
-27386
-21383
-18165
23676
26234
-8703
1148
-17537
31871
10124
-4738
-6272
4481
-32119
-4861
1969
14645
-31093
19133
19889
30386
32152
-25738
2640
-403
-21124
2942
23948
-24454
17794
-27006
29820
32259
27132
23045
20877
4405
1870
9303
32274
-18376
23867
-4577
-31598
-13562
-16101
4388
-11230
-26883
-14550
-28667
3704
779
-8581
-26247
-8703
-23173
-11905
15487
23436
-16770
-8320
3457
24200
-9725
10678
-718
6027
-25414
-17489
-20304
-10349
-30091
-13746
11118
-8580
11134
-4213
-16262
4738
-26750
-2941
32259
30204
19205
29073
5938
-2742
-6570
530
-7881
-28613
-11489
19090
-29690
27931
-24285
20003
-23555
-26070
13574
-16773
266
22650
25211
-8703
25467
-641
18303
11148
-11138
-6016
-1152
-14964
-15613
22711
13618
10894
-19529
20397
-8274
-12911
14964
1871
30573
27516
-2691
2956
-11398
32642
-25982
12669
32259
-16132
9989
13710
9007
-26041
24913
7951
-23499
-14535
-21221
12689
27654
-28648
16160
-23521
-17667
-29912
261
-27017
-8184
-24967
-24457
-8703
20090
-22401
895
27788
-20354
7041
9857
26758
-20221
31679
18480
2699
14005
-13909
18603
-1912
882
-6835
25453
29564
29822
-6773
-29574
30594
-28798
21627
32259
-7172
-7164
16013
-15061
-18364
28493
-15091
21554
9528
2329
24208
-31995
13078
-28388
-10724
-15619
11303
28164
8054
17672
-15240
-10890
-8703
17018
-25473
27519
27788
25982
7041
5249
-10618
-24317
14788
-16083
29322
14513
15273
10666
14724
25455
-14004
17261
19836
1918
-3957
-15750
31362
28034
25983
32515
-1028
-10492
-11121
9255
-18369
17483
13325
6193
29751
29719
-4978
-508
-20972
4124
21531
-13827
13606
30724
-11913
13319
-22409
9080
-8703
-1159
25471
2943
-17524
-26242
1921
-2432
-17273
-26621
-20536
-6868
30091
-21332
-20571
-4952
-18047
-16019
-30901
-7060
20348
1406
-3957
-28550
32386
-30078
-2439
32259
3581
25860
-29043
-730
-19138
-9914
-23285
21297
-14023
-1260
-19569
-23803
-4333
21275
-1767
-12803
15909
-25085
7285
-14329
18298
20088
-8703
21113
20607
4223
-10868
22654
13441
1409
21120
-28413
11725
-22232
19848
12203
11428
-25947
-28805
-26516
29515
-30612
10876
17022
-11125
29306
17794
-18814
-24198
32515
7677
27140
-28531
15906
8251
21316
6154
23598
15158
28434
-24178
-27132
10513
10007
-3818
-12035
10020
-31741
-15756
-17914
-10634
629
-8703
-6536
6015
15231
-7796
19326
5761
20865
-8317
-29437
-10542
297
16266
32675
-30817
21408
-27021
21607
14406
8812
6524
-7043
-2677
31098
-27774
-7294
-2437
32259
9213
19972
8846
-21730
-6090
26945
-31223
-723
-18890
-27119
23438
-3068
21520
10006
-25835
-11779
-30173
30723
12917
4102
-31114
-25739
-8703
28792
3455
-15234
14733
11902
23425
-28031
17796
-30461
26326
31527
19082
7326
-10853
-24419
7792
4710
31558
-4501
10108
9086
-13173
18042
28290
-17534
-7053
32259
11005
-765
-6519
-24804
-14796
-22726
1544
23338
15157
12814
-626
6660
30477
-20206
28690
-11523
6433
-13566
-5265
31493
26998
4210
-8703
2936
10623
6527
9613
-4483
18305
32129
25471
-30973
-16933
-10205
-29305
-22630
-22887
-8296
-4505
31842
15684
-27285
636
3966
28043
16506
30082
-9086
-20871
32259
11005
-11773
4493
-13288
11824
-21192
23303
-27352
-29388
11277
-8306
27395
10508
-23536
-5872
-11523
-13281
-11774
8563
-3068
-23436
21874
-8703
29047
-386
-7042
9869
-6787
24961
27009
-22652
-31229
20957
17185
-8566
-6765
14485
-17256
24164
31840
32323
-31893
-4741
-15747
24203
9850
-24446
-19838
-4231
32515
11773
-14845
4493
-4842
-15828
18486
-24826
5928
-31180
-1013
31886
-29949
11
26127
27663
-11523
26143
-18686
-9358
-19964
-24205
-30350
-8447
15223
-15746
-19330
10637
-23427
23169
29057
-23678
-31485
17633
6688
9354
-2929
-28014
31380
1630
-8098
66
23147
-22405
2686
23435
-3719
29314
-22142
32117
32259
12029
-22525
22410
26901
-27349
-16079
-5115
4902
8755
19466
-13170
20995
-8695
19213
-32756
-11523
31006
30722
10096
-30460
20339
-30353
-8959
-14730
-31618
4479
16269
31101
18049
24193
26496
-31741
26340
-17635
8073
-16245
-19313
-29807
27480
-1445
10304
363
-32389
-6787
-3702
17018
-6526
1411
11643
32259
12029
-25085
-8563
14099
24872
27442
-23547
29989
-22221
29962
14990
22531
-21751
-1011
6157
-11523
-13539
-28414
7795
14596
15986
-2192
-8703
26486
18814
-15234
10381
-22403
-13695
-9599
1928
-31741
13029
-16868
-1395
-15226
30092
26511
8277
11611
19264
20587
-7045
1918
-16502
378
-16510
-8574
-29576
32003
12541
-28669
-27252
23057
-23259
-30162
9733
292
32307
2313
4238
32003
28424
-3829
28683
-11523
1053
26114
4721
13316
22129
22639
-8703
14966
-23170
-12418
1677
16509
-21375
-18559
3969
-31997
16873
9243
27530
2178
1929
-5237
7248
32344
28223
-31382
-28037
1662
-17782
9850
-9086
-4478
3958
32259
12797
30723
10123
28176
6948
-9942
-23804
-32478
-7629
-6137
-1395
16387
-31225
-25590
-2807
-11267
-7909
20226
21871
6916
-9871
5232
-8703
27253
13950
-12162
13453
25469
-16511
-17023
9088
-31741
9451
-11496
-8567
-29058
22662
-17529
1354
11606
-24514
3435
24955
-2435
-25974
5754
-19326
12163
-17795
32259
12285
29699
26511
21775
-9182
18733
-22780
4385
-3277
-2297
9352
-16381
6664
-31988
16907
-11523
2332
25346
-5006
-253
23408
11377
-8703
-27019
5502
-19330
17549
16765
-30847
1666
15748
-31997
-12565
4632
-26228
-18310
-24957
25991
-2231
-17324
19775
-27286
-25989
8574
-27510
-21127
-19838
-4734
18295
32259
12797
27395
18316
11278
29472
-9688
15876
18209
-716
15111
-8308
-3325
-14842
-8951
-20727
-11523
15387
17154
23151
-4605
9584
2158
-8703
-10124
7806
-10626
11917
-14980
-26239
-15999
4733
-31997
21743
-12266
24457
23927
20609
27010
28228
16211
-5826
11370
-16005
-12675
-17270
15482
3203
-7806
-9355
32515
12541
24835
-26485
-6388
-20194
-12505
9220
-8416
1844
-16122
-16756
-2045
21766
21769
14345
-11267
-23526
15874
22638
-8445
21616
27246
-8703
16244
22654
-22146
-29811
14973
11394
-6015
5759
-32253
22256
9749
23434
18546
-32131
-15999
-31422
29777
-3268
12906
30075
-8835
16522
890
-14206
8835
18042
32259
12541
23299
10638
-21237
13084
-987
-12797
14879
-14796
-507
-29044
2820
-13051
-25592
21768
-11523
-13030
16386
-32656
-18429
12911
18798
-8703
15476
382
32126
17549
125
-11647
130
-128
-32253
-18959
1812
24971
-15763
13690
6014
14397
-21681
32573
-3735
26235
-7043
5258
-14983
-11646
-4734
5748
32515
12797
21763
-25717
12043
-10725
24865
-29949
8734
13876
7685
-17780
28164
10501
-2298
-28410
-11267
19226
12802
-12948
-18173
-11153
24173
-8447
31347
-9859
-28546
25997
-29828
642
2946
-10632
-32253
-10253
-25070
29063
7275
-31112
-20615
-10441
4173
30011
-8343
7035
-10627
2186
-8071
-8574
-5502
-17034
32259
12797
20739
10636
1034
-21735
26913
27139
-8163
30515
-764
-22132
-26620
3333
5639
1543
-11523
1306
13314
13934
-22525
-30865
-8083
-8703
23667
-21379
32382
20109
-11140
-2943
-6271
31614
-32253
16884
-19183
7306
15718
-5004
27000
-5836
10828
9531
-14999
20859
-6531
-17783
-24455
-6526
1923
32376
32515
12541
20739
31117
20489
-26088
23584
24579
-5091
-18636
-16892
28300
15109
-15100
24582
26117
-11267
29722
13570
14447
-25853
31087
-18323
-8703
-910
-16003
-24706
12941
27516
4482
6274
-8066
-32509
18933
-2800
-14454
-23198
32370
13431
-18637
-25014
315
-22679
20091
-7811
-25463
-10119
-18814
24451
4209
32259
12541
19459
-22647
-6648
-20457
-8675
18435
24092
-7372
28164
-8308
-28411
9476
-2043
-12795
-11267
-14567
11266
30826
-26365
-25233
-28310
-8447
-12430
-26499
30334
14733
31356
-4991
22658
2682
-32253
-27914
26127
4488
10848
8816
-17805
14384
16456
31545
26729
17531
6782
27273
32633
9603
2691
-24458
32259
12541
19459
-30580
14600
4374
-11747
14851
23068
32565
14852
7820
-28155
6404
-14075
-25851
-11267
32537
11266
-17555
-28413
7792
4206
-8703
20082
-28035
-18818
-2932
12924
19842
5250
-29313
-32509
-2314
-15346
-32629
12636
-11156
20082
-29906
32583
17465
32361
9851
-16259
25737
-28807
-14974
-9854
32631
32259
12797
19459
25997
23303
-21228
-485
6659
11804
18998
-8189
28044
9734
-18429
11525
-9724
-11523
-27879
10242
23406
-29949
-18065
2926
-8703
12146
26237
29566
4493
11388
3970
898
30845
-32509
5112
-12531
-4982
-5033
30314
-13202
18218
-23227
26681
17257
2427
-29059
20361
32633
-4222
2179
-16523
32003
12541
18435
-24692
-30201
21781
31514
4099
6430
-1478
-19709
20365
3591
-2557
-18427
-7420
-11523
25370
10242
3438
-25085
23924
31857
-8959
-22927
19069
15230
5261
-5765
5762
11906
-9349
-32509
31736
31244
32138
-31145
-6807
-12692
-27864
-18110
16183
23913
22651
-12419
17545
-19335
-28030
899
14714
32259
12797
19715
21646
28934
29970
25627
3331
17692
312
-27645
-17268
-22522
28675
7685
-27388
-11523
-6375
10498
32111
-30461
-14480
7792
-8703
-21391
-31363
25726
11917
21884
-3199
15746
13699
-32509
-2568
-27636
-30834
-944
-23708
-30613
12583
26179
3640
15209
14715
8062
4233
24441
-13182
-4222
-21641
32259
13053
20227
30093
11014
5138
21529
-1022
14620
16184
20995
-24947
25351
14339
-26108
9476
-11267
8217
9730
-9875
-31741
-6288
-9873
-8703
6001
27261
-22402
7565
-5765
18818
4482
8061
-32509
-5127
-23285
-23669
1359
28003
-19865
24355
-7615
-30921
19561
4987
3198
-11128
20345
-23934
-126
20086
32515
13053
20227
-26484
7942
6418
12570
-2046
-4580
10043
20995
-19825
-17913
12291
-29180
-2557
-11523
-32487
9218
31853
-30461
31346
-20369
-8703
2929
12157
-25986
-8564
-12165
-6271
17794
4733
-32509
5114
-29686
-1397
-28083
27233
30566
26914
21057
-12233
21097
17275
-13955
-20088
-28039
-18302
15747
6782
32259
13053
21251
7825
-27131
-13040
-21734
-3582
-16868
-17349
16899
11663
-17913
14595
29188
-5885
-11267
-17895
9730
4210
-32253
15728
5745
-8959
-11920
17533
22910
-14452
-11141
11394
29314
-28031
-32765
18426
22794
26767
-22967
-15778
-7068
-15584
25664
11577
2921
1659
-25475
-24952
17017
-19838
20611
24440
32259
13053
22275
-21363
518
29458
30749
-2558
-3554
15935
32259
2707
14088
23043
-29692
18436
-11523
-11495
9474
2927
-28157
5747
-20367
-8703
19568
4989
12926
-10612
22395
4994
-24446
-3714
-32765
-13575
16904
22670
-5556
-22942
-16534
1570
8260
-7363
8297
22651
-10627
-25208
-30087
32642
4739
17782
32515
13309
23043
3724
-32507
-30192
-21223
-4862
-8165
-10950
5891
-31344
2312
-2558
4
-32509
-11267
-7145
9986
5741
-32765
-7313
23149
-8703
18544
20605
27262
-5236
-12421
-10367
29314
26752
-32765
-3335
-26873
11406
26441
24927
16745
-30945
-18878
-23747
-11160
15483
-6275
-30072
25721
-14974
19331
634
32259
13053
25603
-2418
10245
-8690
536
-6142
-1509
-14022
-254
-8562
-18168
-14334
-18173
23299
-11267
20760
10498
-1170
31235
-2706
31342
-8703
-6545
9853
19838
-7796
-31621
16514
-25726
6785
-32765
29178
-17401
8847
-24506
-24740
-6810
-2532
4162
-21955
7785
6011
4478
25736
17017
-8830
6275
-4750
32515
13309
27395
395
-9724
3854
22292
-7678
3098
21306
-22782
-13938
12297
30978
23299
2051
-11267
-1001
10242
-19606
30467
-15506
-4246
-8447
-18577
-388
-26498
-10868
19835
13442
-29566
9848
-32765
24315
-23033
7306
8772
346
-19360
5402
-8899
-28614
-15256
379
-21891
23432
22649
-4478
-7550
-23691
32515
13565
29187
-7029
30212
19981
17940
-7678
-28391
11578
-29438
24462
15881
25858
12291
-18942
-11267
13080
10498
14700
29699
1134
16747
-8447
24943
-10116
12414
-11892
26491
18562
14466
-10371
-32765
29435
27399
-25715
9024
-30121
16480
-23271
-25540
-23751
-10904
379
-16259
4232
29561
-6270
-5246
20857
32259
13309
28931
-17010
19460
-16628
19219
-7934
29
-1215
-17150
32144
17931
-16638
-22525
3075
-11523
-11239
10754
26991
32259
-11664
-145
-8703
5999
-9348
10366
-18036
29051
28546
20866
27775
-32765
-27141
-13562
4239
-2243
9557
-20131
-19176
-13763
317
20584
2171
-3203
3976
19065
-5246
-6526
-32657
32259
13565
-30205
27016
-765
-28661
-27119
-8446
8216
21051
23042
-30578
-23798
11522
-10494
-25598
-11267
-27881
9986
14952
30467
13422
28776
-8703
-24210
-4484
21886
-22132
6011
26498
32642
-4743
-32765
11260
-18426
15755
-1223
-28847
9049
-24043
22585
-9161
-19608
10875
-5507
2440
7545
-14206
-15998
629
32515
13565
-25597
15243
-15101
-12278
-2288
-8702
-15080
4412
20226
-19059
-758
9474
-15358
17666
-11523
10776
9730
-31381
29699
-17555
21867
-8703
-14482
-12932
19838
-20596
1659
28802
14722
-25473
-32765
15356
-14330
1422
-27082
-30130
-681
-12268
19256
-14025
-6296
379
-6531
-12153
14201
-20350
-4478
12149
32515
13565
-20221
-24693
-25341
7946
2576
-8702
-16360
-10436
15618
6797
-6133
3330
-25086
17666
-11523
-17128
8962
26987
28931
-5780
-6294
-8447
-32146
-20612
9598
29324
-2950
19586
20354
-31876
-32765
-31236
22022
17037
5684
4940
-24492
-19694
-15306
23095
-17816
8059
-10627
-29817
19833
-17534
-11390
-9872
32515
13821
-14845
-6264
27651
-31223
-26610
-8958
31255
-30916
11522
12429
-22516
-4095
28418
12546
-11267
11288
7938
29288
28419
25964
13160
-8447
24942
-18052
10622
18828
-5510
21634
29570
-27270
-32765
-22020
-9211
22924
-6096
31561
26193
24337
-5324
3382
-15256
891
1918
28295
20345
-16510
13955
-3210
32515
13565
-9469
-31605
12291
21768
-25074
-8958
-10473
-7876
11010
-1141
-756
-5887
24834
2818
-11523
5144
7682
-21909
27651
1131
1641
-8447
-2195
-21636
16510
9868
-1926
29058
-19326
386
-32765
-17924
-21243
7056
21292
9029
-6320
14097
5684
12342
-11160
16763
-13955
25735
12665
-15742
-3454
-9357
-32765
13821
-4349
31114
7427
-1529
-24308
-8958
-28905
31805
5634
21388
5134
-10751
17410
-6655
-11523
30232
7426
-17303
27651
-25494
872
-8447
-19347
-15748
4478
14220
-22662
29314
32642
-23429
-32765
-6404
26629
8589
-19414
25667
31563
28686
-16334
31286
-23192
7803
10622
10631
15993
-7038
17795
31857
-32253
13821
1796
5769
2563
-29945
-15861
-8958
-8170
25149
3330
2444
18446
-14335
11778
-14335
-11267
28696
7426
25192
27651
-30614
-31385
-8447
23149
-28292
26238
6796
-22662
-28798
-6526
19066
32515
-1540
8197
-18292
-21976
-19648
-8120
-15091
-9424
-28363
-2712
-390
4734
-890
24441
-13950
9091
-8328
-31229
13565
-1533
909
-4350
-2810
13068
-8958
20503
11326
3074
13450
28431
-14335
13314
-13311
-11523
-4584
7938
17772
28931
618
-26006
-8447
31853
26748
17278
3980
-18310
-29310
-16510
-14979
-32765
1789
13317
-14706
-27867
-1475
17480
5133
5936
18741
-18072
7291
-7043
3463
26489
-18046
-1150
21363
-30205
13565
3844
29578
-6398
-14586
25354
-8958
-19946
-3266
770
-20598
-4592
-17151
3586
-20735
-11523
537
7682
9833
30467
15723
-10392
-8447
-14996
31868
1662
11404
-18054
31362
-21374
-24202
32515
7165
-9212
28555
-32732
-32708
16451
19211
5166
-1996
-27544
-9606
-16259
-11386
25721
-19070
4739
-7564
-28669
13565
1284
-2677
-11262
30726
-19191
-9214
23578
14407
3330
6542
5906
-13311
13570
-18943
-11523
-29158
8450
6507
-32253
10606
-27540
-8703
-29332
13436
-10371
-5237
-18310
-31870
-16510
2683
32515
4861
24324
-8563
-12511
5690
23873
27146
8240
28218
-1688
-7814
-2179
-28282
9849
-8574
7811
-29578
-26365
13565
24580
22668
-15614
-10747
-18167
-8958
-10218
16448
258
-9591
5138
-18687
-1023
-23295
-11523
-19687
8450
20842
31235
29034
-17559
-8447
-20884
9852
6782
-13429
15482
-23422
-11134
-32390
-32765
8701
-31996
13453
-738
-19146
-2241
-20215
-26836
7989
-19864
-9094
13950
27526
-6792
-25982
4739
-2448
-21757
13565
30724
-26487
-17150
-13307
-3064
-8958
-26602
6978
-1279
32651
-5101
-19711
-2047
-24831
-11523
16666
7938
6759
-32253
-12693
-18840
-8447
876
7548
23678
-22133
-647
30082
-6270
-7310
32515
10237
17156
12937
-20451
-16843
-20676
-23800
-727
5428
-14744
3707
-2691
18054
5497
-21118
-7806
-27789
-17405
13565
-26364
-15222
-19966
16901
-9720
-8958
8983
31811
-1791
4491
25108
-19967
-4351
-27903
-11523
16922
7682
-12184
32515
16492
30825
-8447
-12949
11132
6526
-25973
16762
32386
-17790
32632
32515
10493
9988
-22388
22811
3634
30523
4872
24105
8500
17256
-10886
-13443
-10107
-2440
-20350
2435
-8843
-16125
13309
-19964
-4213
-23294
-14076
-28921
-8958
-2794
4675
-2047
29323
-22764
-20991
-7935
-31487
-11523
9754
7682
10858
-31485
-18581
29290
-8447
21099
-14725
-4995
23179
2682
-29310
-6782
-21383
32515
11005
-9469
21133
17943
-27090
23094
-14842
31271
-7118
104
-10886
5246
6790
-6792
-1150
-11134
14446
-4349
13821
-10492
-26489
-23806
29956
26887
-8958
30998
25924
-1535
27020
-13290
-21247
-8447
-30463
-11523
-26087
8194
26725
-28669
-7316
-32664
-8447
-12182
-2181
2686
-21877
-3463
-17022
-12414
-31883
-32765
12029
-20733
14731
3350
-12245
22324
19718
-31451
8241
-11673
-23174
-10115
-5755
-10888
22146
387
23924
11012
13565
4101
-16758
-25342
5636
-8698
-9214
-15850
-32187
-1535
29580
-9962
-21247
-9471
-32511
-11523
-31463
8450
-8600
-26621
-917
-27543
-8191
-28566
-19333
-131
-32117
-15239
23426
-3966
-3461
-32765
12285
-27645
-21874
-3822
13096
17202
-9211
21284
23345
-23962
-25478
7294
30597
-9352
-7550
-11902
30068
32516
13565
28165
-29302
-25598
-5885
22022
-8958
17175
-22713
-2047
-25461
19225
-20735
-9727
-32767
-11523
24858
7682
-28312
-24829
29546
13416
-7423
9321
-28549
9598
10123
-17799
-13182
-21630
-9608
-32765
12797
-32509
-23923
32017
-5595
-31954
16901
7971
2098
-2971
19066
-31875
-23163
-23944
22402
-3966
15728
-7164
13821
-19451
19592
-25854
-17405
-7163
-8958
30231
21833
-2303
-15220
-29670
-20735
-10239
32513
-11523
-30182
6914
614
-20989
10859
19559
-6143
19304
19323
-28547
-29301
30073
21634
-12158
18551
-32765
13053
28163
19853
2064
16675
10795
-15100
6946
-16591
-22171
8314
-26755
25733
-25224
-12926
-9086
3702
15109
13565
8966
9355
-26110
-27389
25606
-9214
537
22859
-2303
-15733
-28644
-19455
-10239
32513
-11523
-7141
6658
9065
-19453
-10390
3690
-4095
-9881
4475
-26755
18059
22393
-11390
-6526
-18562
32515
12797
27139
-28527
-29938
-4320
24619
22276
-28382
-15053
3429
5498
-29315
13445
-30600
-28542
-9854
18549
-26363
13565
10502
-7029
-26366
-23805
774
-9214
-25828
-26030
-1279
14478
23583
-15871
-8959
-32767
-11779
-30435
7170
13929
-7165
16493
10603
-3071
615
2171
-27011
16523
17529
-23934
-4222
14203
32259
13053
22019
-30832
15630
-22496
26920
4356
3109
-21190
1381
4474
29821
6277
-25224
-23422
-10110
19827
12294
13309
-4346
-28279
-26366
-24573
-2042
-9214
-13285
-17072
-1023
-9329
-30177
-18431
-9727
32513
-11523
-4580
7426
-9113
-10237
-4756
30825
-511
-15770
-7046
28541
13451
20089
-13438
-11902
-1158
32515
13053
19203
-9841
1806
32032
11053
5124
-16349
20025
12645
30074
32381
-8828
-19080
-12926
-4734
23674
-22266
13309
32519
25229
-26110
-30973
7175
-8958
-1764
-28846
-767
6287
24096
-16383
-9727
-32511
-11523
-3555
8194
22635
-8445
17004
-8853
3074
-21914
12411
24957
3979
7545
-8830
-2174
-25986
32515
12797
18691
-4975
-29940
-19682
-17365
-12797
-19421
-23495
2405
-5511
-23171
-24700
-18312
32130
-10366
14452
31495
13309
1544
-13687
-26366
30723
18694
-8958
-22501
-23981
-511
15759
-29406
-15103
-9727
-32767
-11779
-30178
8194
20327
7172
14956
32617
8706
1894
-28550
-28291
-9334
11897
-24190
1667
21112
32515
13053
18179
17039
-18933
21533
-3289
-27133
12833
-11207
6757
1914
-12931
22660
-28552
32386
-30334
3442
-21752
13309
-11256
23432
-26110
26371
-2811
-9214
-5092
30804
-1279
11150
-2780
-11519
-9215
-31999
-11779
11551
8194
-3995
6916
13162
24935
19970
-11163
-22662
-20611
-19318
-13704
-20862
-14462
-29062
32515
13053
18179
-15985
3851
-8933
27942
30979
-9695
-24774
3429
6010
-28547
-4221
31864
-27262
-5246
16501
15114
13053
-4343
2954
-26110
25603
20230
-8958
-5858
-32425
-511
-12404
-9944
-7167
-8191
-29951
-11779
-19936
9986
-29849
13316
11369
9832
-31486
-29851
-21638
31613
30090
-11144
-18814
6531
-17029
-32765
13309
18947
12688
32522
6683
-19162
23043
-15326
-30660
5221
11898
-28803
9348
-26504
-31102
-21886
7790
-25590
13309
-3063
-30074
-26110
18179
30213
-8958
12060
25940
-1791
-3956
10792
-7679
-8959
-31999
-11523
21791
8194
-15006
23812
-14489
27235
-24574
11621
-19846
29309
-32630
-14216
-19070
-11390
-28812
32515
13309
18179
27788
30217
5401
27938
13059
-31200
-25029
12645
21626
-18563
-10109
-8072
27522
-18302
-4240
-19701
13053
21514
10631
-26110
10243
14597
-8958
17948
-6828
-2559
-12149
-7129
-4863
-8703
-29439
-11779
-29665
7426
-10908
-32764
7527
21349
-11262
9573
-21126
-30339
17546
3705
-26238
-8830
8314
32515
13309
18435
-4466
10248
16150
-736
10243
-10721
15676
25445
15738
-23683
32131
-19848
29570
-2686
-24974
-27380
13053
18187
9352
-26110
7427
11525
-8958
24604
-14762
-3583
-30837
-6359
-1791
-8447
-30719
-11779
19488
7938
24165
-24828
1639
-17820
6147
1381
-27014
23677
1674
-17032
-15230
21379
-20870
32259
13309
18691
-15729
-29433
-3308
-23265
4355
6175
32060
32613
3706
-25475
21891
5497
32130
-30078
27242
8462
13309
-23797
25475
-26110
4355
-24316
-8958
-26598
5716
-4095
-2679
32554
258
-7935
-30207
-11779
12576
7170
-9632
-18684
-27290
1633
19203
2405
31866
25725
2954
-5256
-21118
-9854
-652
32515
13565
19203
-885
-8442
9235
-28645
3
-2789
-11209
-17051
21114
-18563
6019
-10632
-30334
-25726
3698
21775
13053
-27637
18824
-26366
1795
-27644
-9214
-738
-27302
-3327
14219
16172
15106
-3071
-24063
-11779
-3295
8962
20070
1285
-25751
-12696
18947
-7324
-22662
31101
-16247
-4488
-8318
6787
10876
32515
13309
18691
-31344
17414
-28399
27162
-1790
29725
27708
