-19704
7523
14685
-4086
12899
32122
28285
11400
26744
-22142
-9342
30318
32515
9213
1284
30598
26627
7945
32525
-8958
21013
-5062
9474
5259
-12532
-13055
13570
-11519
-11267
-5355
8194
-21402
-32253
5226
-16283
-8447
30570
17276
-7555
24205
16762
26498
27778
-28039
32259
-15620
-1019
8075
31024
26440
12553
10595
-29088
-15605
29539
15226
20349
-6009
-22408
2179
-1150
-23435
-32765
8189
3588
-11639
16643
25608
22797
-8958
29974
-197
10754
-15479
26125
-13823
13058
-16639
-11267
26646
8706
-3990
-32253
20841
23146
-8447
28010
-3717
-19587
15757
-25734
-15486
32386
-29314
32003
-13060
4614
-2419
-19667
2118
-32503
-25245
1889
20492
22371
22906
-25731
-11385
-30344
-13694
2691
10608
32515
7933
2564
22663
13315
15368
11276
-9214
32532
-3781
10242
-6263
15630
-16127
8194
-18943
-11267
10262
8962
-12442
-32253
-24217
4196
-8703
4458
18556
-8579
1933
25978
28546
-17278
-14216
32003
-7684
-9211
-630
-20180
13893
-6135
-29596
-17056
18701
11107
14458
-26755
-23929
30328
-19838
387
-13970
-32509
7165
1284
30086
10243
-2553
26379
-8958
11029
3899
11522
-15223
-26354
-16127
6914
-19967
-11267
-17899
9474
18534
-31997
12648
24932
-8703
-18583
2428
-387
-9588
12666
28546
-26494
6521
32259
-8452
-25851
-23414
23595
22851
29194
-14236
-23707
2830
7011
-29318
-24195
-27001
-28296
-26494
2179
-13453
-31997
6397
8452
-14967
2819
25607
-9973
-8958
11797
-25284
12546
6793
-12018
-16127
11522
-19967
-11267
-16874
9730
10345
-31741
4199
22374
-8703
-28567
14972
-10627
-6772
16762
17026
-23166
22907
32003
-7684
-26875
23436
4137
3649
-22262
-17051
-14749
26638
13411
-22150
-30851
-24441
23672
-638
4483
10094
-31485
5885
3588
-21114
3331
27655
11786
-8958
-20972
-30148
12802
-28279
-32497
-18175
4610
-22783
-11267
25622
9986
21861
-30461
-9881
-15772
-8447
-31383
13692
-22147
5005
-391
-16254
-20094
-5774
32003
-4612
23045
-9337
-17624
-26048
16907
26725
-8607
-8945
99
24442
-17539
30087
-27016
-14206
9091
-12178
-30461
5117
8196
-11642
-2814
-5882
5642
-9214
30996
15676
13570
-25207
-4081
-18687
5890
-24831
-11267
25110
10242
6758
-30461
-27545
13668
-8447
12905
-5253
-1411
-16244
15994
31618
-15230
-3721
32003
-5636
6149
30858
22822
830
1804
-6808
-18072
2320
11363
6522
-31363
12167
-19080
-22142
-10110
23924
-29949
4093
9988
6282
515
26887
10253
-9214
-13800
-21438
16386
-884
786
-15615
11522
-18943
-11523
25112
11010
-26007
-26877
-28564
-10390
-8703
11113
-18053
-19075
-22132
9082
28034
-27006
-30853
32003
-6148
-17660
-18804
-14298
9278
-19955
19305
-19866
5394
-10910
18042
-13443
8071
21880
-24446
-2430
29804
-28925
3837
8964
10886
-1534
27143
-13301
-9214
16921
-189
15874
-3443
-1517
-17919
6658
-24319
-11267
-22760
9986
26213
-26109
9069
-31641
-8703
-28056
-17285
894
-18804
-4487
21890
-18558
6262
31747
-4868
30724
-24183
1318
-4547
-3315
13418
24680
-11246
2915
23162
-15747
-122
-27016
-15998
-126
6514
-26877
3581
12292
-4984
-6142
-6650
14604
-9214
-2536
2372
16898
3469
30739
-17663
9474
-22527
-11523
-23016
9986
24168
-25597
5229
-13974
-8703
-17816
-4485
-3203
27276
10362
-32126
-24190
-32133
32003
-5636
24836
-6004
-20189
19515
19727
1387
-28054
-16621
15459
27002
-28547
-9082
-4744
-16766
-8062
-14733
-25597
3581
14596
-17527
-7678
-13562
-13045
-9214
12057
7494
16642
7565
-23532
-18687
8194
-25855
-11523
24857
9474
26985
-23293
-9620
28778
-8703
-28568
-12165
-15747
31372
20090
-27262
-23166
-11654
31747
-4100
20740
-23412
20515
-2758
-26353
6507
9830
-11756
-7070
26490
-24451
-9338
-32392
-30846
-18302
28270
-21757
3325
16644
20358
-9982
-29178
-25078
-9214
-3560
-12219
16642
-14963
19733
-19199
5378
-26623
-11523
24857
8962
13158
-22013
13165
-17305
-8703
2920
-4997
-7043
25484
-3975
24450
32642
9848
31747
-3588
7172
-9846
-11743
30265
-12273
11115
9833
2070
3171
29562
-11907
-19578
-28552
-2430
10627
-16781
-18685
3325
24580
18057
-14846
-4859
19723
-9214
16153
-11451
17666
-10612
-19180
-19199
7682
-27391
-11523
15129
8706
16489
-22013
29293
-405
-8703
-409
-14213
-1667
28812
-6023
-8830
-3710
-1153
31747
-3588
2820
11151
16415
28470
-4593
23658
-16025
11287
-7838
26490
-20355
-28026
-32392
-29310
6531
1139
-14845
3581
30724
23945
-15870
4358
6154
-9214
12569
10568
17154
27533
-4331
-19967
3074
-29439
-11523
-3815
8194
-16536
-21501
15213
21866
-8959
-27289
-23173
-9091
15500
-8839
-30078
-11134
-1671
31747
-2564
-4349
-22644
-28130
25398
7953
5739
21862
15641
3171
29050
-21123
19846
14968
-31102
-3966
-21392
-5629
3325
-26876
25479
-18430
-19707
14601
-9214
-1768
-16569
17666
-13683
29974
-20479
2306
-30463
-11523
18201
8194
-23961
-18685
8813
-920
-8703
22375
-20613
-11139
8588
30073
24706
-10110
-11400
31747
-2308
-13565
-18293
-26596
9780
-20976
18538
-30360
-10727
19299
-31110
-26499
18054
32632
-8830
-4990
-12680
-2045
3069
-19452
-17269
-20990
22533
-4854
-8958
-23014
-27063
18690
17805
-6378
-19455
5122
-29183
-11523
11546
8962
9580
-18429
-24723
10350
-8447
-32409
-23685
-8579
3212
-22919
-8830
-22654
-6787
32003
-2820
-15101
5263
16922
-17359
23569
-2967
31848
30747
6243
-27782
-15235
-1915
-23432
-11646
5763
-20109
6148
2813
-7164
-7288
-20478
20741
-30455
-9470
29722
25417
18690
31886
13849
-19967
2562
-31231
-11779
-7142
8962
-20632
-17405
-6035
-10646
-8703
-7322
-21893
-7043
-13941
-21895
-20862
387
-14472
31747
-2308
-22525
15244
30746
4145
5905
13160
-8860
14875
5987
21114
-7811
-1659
-29576
-22910
-23166
-30862
17412
2301
14085
-4216
-21758
19717
2826
-9214
10779
17228
19970
-12145
-17384
-19967
5890
-29695
-11523
-6886
9730
20329
-17149
-21649
-1172
-8703
-16538
27003
894
-10357
-31367
-31102
-22654
11642
31747
-2820
-31229
-12147
11545
17968
30994
2152
2409
-12257
23395
-21894
-14467
-1147
-24456
-15486
8579
15479
24580
2557
-26875
10123
-23038
-8188
-2551
-9214
31259
23116
19714
-13938
30746
-20223
2562
-31999
-11523
26139
9986
14187
-16381
4462
16493
-8191
-14490
-18309
-13699
-2677
-25223
-22142
-382
1916
31747
-2564
-30717
21390
22039
31277
30995
8296
-21403
-31711
2147
28538
-18051
-12667
-30344
-10622
-1662
22641
-27388
2557
-11771
-3705
-23550
-4860
23560
-9214
13595
-17075
19458
31887
14875
-20479
1538
-32511
-11523
-7653
9730
-24217
-13309
25198
23403
-7935
9830
28283
-13955
-15989
18041
-13950
-6014
3700
31747
-2308
30723
29578
28182
45
3860
-666
31077
-1757
8291
22906
-31107
26245
-31368
-13438
-1918
-15503
-9980
2557
6662
-22649
-24830
-31484
20232
-9214
-26085
22863
19202
20623
16924
-20223
770
-32511
-11523
-13541
9474
11880
-14333
29293
31595
-7423
-1691
25979
-32387
21387
18809
-13694
-8318
-25735
31747
-2564
27139
11661
-12268
7978
8469
29286
17511
-10459
28515
22906
-18563
22917
-32648
-4478
-12670
-6285
1029
2557
-30458
-12920
-25342
20228
32520
-9214
31004
25935
19202
6287
10270
-19455
514
-32511
-11523
-26852
9218
-1688
-11517
-10388
15211
-6911
11878
19579
-24195
21643
20601
-7294
-24958
-5510
31747
-2564
26627
10126
28947
18728
-19179
-25498
-6301
-27352
4963
19066
30333
31877
22648
-9086
-2686
-14997
23301
2813
-17146
12164
-25342
19204
18695
-9214
24859
22351
18946
-19825
-28897
-19199
2
-32511
-11523
31516
8706
23908
-11005
3437
10599
-5631
-22427
21115
27773
26507
9849
-18046
2947
-31883
31747
-2052
23299
-29046
-28398
-31449
-14314
-27034
-2461
16682
2147
-27014
-24963
4997
-29320
-29054
-638
32368
-22267
3069
-250
18566
-25854
2820
-16377
-9214
3356
6224
18946
-4722
5407
-18943
258
-32511
-11523
16668
8706
29799
-7933
876
9833
-4607
24421
23675
-29315
14731
17273
-25470
-3710
-3974
31747
-1796
22275
-25715
-12528
9765
-27625
28006
13670
-25557
-24477
31098
-20611
7045
-30856
-13438
-3454
31601
-4603
3581
14087
-31610
-26110
260
29447
-9214
27164
-8623
18690
31118
-25568
-17919
2
-32767
-11523
-12516
8194
31079
-3581
26475
-18839
-3583
-28827
17019
-22915
6795
4985
-8318
5507
7034
31491
-1540
21251
16525
21008
-29404
1305
9063
-2207
27439
23907
16762
-14211
-124
-17800
-25214
-13694
15468
24838
4093
-31225
23939
-26110
-9981
-24314
-9214
-13797
10065
18690
-6514
24609
-17663
-255
-32511
-11523
9501
7682
22372
-253
1643
14181
-767
19045
7291
-13699
5003
22905
-13950
-5502
20599
31747
-1028
20483
-15989
26383
-15326
-25831
-31898
-5020
-4303
-5021
16506
-23427
-18044
-22152
-5246
-7550
18033
-16378
4349
-11513
-635
-26110
-22013
9479
-9214
5660
20816
18690
-372
-16863
-16383
-511
-32511
-11779
5661
7938
-666
2308
-1688
25446
1538
-19867
-6790
-30851
-8054
19577
-6526
6531
-642
31747
-772
19715
-23665
-1267
-18912
-4071
3430
-21917
18735
-16029
28282
-21123
30340
-24712
-26494
131
18544
16903
4349
-3833
-8827
-26366
-20221
18438
-9214
20508
-6573
19714
10125
12834
-14847
1026
-32255
-11779
-29667
8450
-31130
7172
-1175
-14745
-511
2405
9083
-30339
-19062
6777
-11902
387
1914
31747
-772
18691
21389
-4339
-20960
-19941
-18330
12643
4919
-26781
15226
-21635
-29052
24184
-27774
-14974
21868
-21497
4861
-28664
19075
-26366
-29949
-15867
-9214
-17639
32590
19202
-7542
-8670
-13567
-767
-31999
-11523
-5604
8194
-9629
12036
-28056
-11932
8194
-8348
-7046
-27523
-18294
377
-20350
-9342
-19082
31747
-260
18947
7819
2061
-3042
6940
-18843
24163
-18375
-10397
31610
-24963
31364
-3976
-22398
2435
19828
8
5117
5129
18311
-26110
27395
-19195
-9214
-26854
31055
18946
1930
32547
-12799
-767
-32255
-11523
11550
8962
4968
10244
-10650
11366
12290
-10396
891
-31875
-22902
25209
-10622
14467
30331
32003
253
18947
-18547
5900
7709
-4836
-923
-13724
-32198
-14237
18042
-23683
-32124
-20872
-27518
-10878
-3219
21256
5373
28425
14212
-26110
28419
17157
-8958
19738
-4529
18690
-19319
18981
-11263
-1023
-32255
-11779
14878
8706
23140
16132
-30361
-7836
14082
-20636
-16774
-30083
-22646
-1928
-21118
-2430
18037
31747
765
18947
32394
1292
7453
28188
2917
13922
-10947
-12701
5498
-7299
19844
-23176
-25214
-15230
8556
521
5629
-27895
21379
-26110
16131
-11260
-8958
16922
22863
18690
4233
-25051
-9983
-1023
-30975
-11523
-27107
9218
20324
15108
12904
-8860
19714
-29084
-22662
-18051
-27766
-7048
-20862
1923
-26764
32003
1021
18691
4490
9483
19226
-26339
30052
13157
-2241
9828
28282
-15491
-6269
-18568
-18814
-15230
26481
23817
5885
13834
2950
-26110
11523
-24316
-8958
-10470
-12720
17922
29832
11046
-7679
-767
-30719
-11779
-17378
10242
19302
16132
30054
-3995
24322
-16028
-4742
-22147
24458
-8072
-11134
-6270
-30858
32003
1277
19203
17547
2058
26392
31
-28317
31585
2372
-1949
12410
-1667
-1917
-16264
25474
-5502
20842
-6903
6397
12043
3458
-26110
11523
24324
-8958
9498
8528
17154
-9081
-985
-8959
-2047
-31743
-11523
5151
9218
-9119
16132
1893
1634
-32254
13156
-23174
-19843
21130
-8072
-21118
12675
24430
32003
1533
19971
-17274
31497
-14313
28448
-669
-24991
25927
100
13946
-15235
3460
-5512
-21630
-4478
23147
-16630
6141
-27381
10114
-26110
9219
29188
-8958
31515
17232
16386
17287
21289
-7679
-2047
-29951
-11779
31
9218
-20126
20484
-8092
20065
-23038
18532
-27270
-29315
30346
6521
-9598
3715
20339
32003
1277
20739
-12664
-12024
-14826
24353
30564
-24732
32328
5988
6010
-23171
-8317
-15240
-19838
-12926
-20627
-3318
6141
23052
22659
-26110
7171
23812
-8958
11803
-23727
15874
-15226
-28375
-5375
-2559
-31487
-11779
-13793
9218
-30365
25348
-6556
-6046
-19454
12644
-31110
-23939
14474
889
-8062
2691
-20876
32003
1533
20995
-24951
26632
-10987
-32734
-19100
-2719
-25270
-12701
32634
-5507
-22909
-28808
-31870
22914
15717
24075
6397
28428
18815
-26110
7427
4612
-8958
15898
-22959
15106
-30841
-26582
-5375
-2559
-30207
-11779
-22497
8194
-1698
-30972
-29340
19806
-12030
-11933
-4742
-23939
3210
-16008
-14462
-20862
24687
32003
2045
20739
-13178
13320
-26347
-24539
8552
9062
25164
30052
18810
-9347
16515
-2696
-15486
-22654
30827
-7157
6653
5900
19586
-26110
7171
11012
-8702
-4072
4945
16130
6785
-16598
6658
1538
-27903
-11779
12320
9474
22882
-10748
-26524
-14496
-4606
25188
-29062
-27011
-23927
11385
-6782
-2686
-20876
32003
2301
21251
17033
-15097
6421
-16346
-11929
1896
2641
-18844
19322
-13187
20611
-4232
-27006
-26238
-30356
21260
7165
-15604
-5758
-26110
4355
4100
-8958
7450
-4014
15362
-16251
-17876
6146
-255
-26879
-11779
-1760
9218
23394
1541
22371
-13984
13315
25700
-23430
-26755
-10615
-5000
-5758
-6526
-5774
32003
2557
22275
-16504
14855
-7405
18214
15976
-15262
-9135
20324
29306
-12419
24963
-19080
-3454
-19070
24167
1037
7421
-20212
-20609
-26110
4099
-1021
-8958
-29414
-25518
14594
-4475
23340
6658
-511
-25855
-11779
-10464
6914
-15009
-3068
9061
31328
15619
-6045
-15238
-25219
-10871
-15240
25475
-5502
-28048
32003
2813
21763
-7802
11271
-30701
-1754
-16793
-3227
-4527
-13212
-30598
-10883
-32637
-11656
-12670
31106
-20115
3085
7421
13
-28798
-26110
1795
1284
-8958
31515
-19629
14594
-3708
-15317
11010
1026
-23039
-11779
545
8962
-30877
2053
-28572
-13726
17155
-32156
-11910
-22659
-7031
-4232
10883
-10622
-31624
31747
3069
22275
-3190
-25082
-1263
20264
-31896
11367
2901
101
29306
-11139
21891
-2440
-26750
-21118
25964
30477
7933
15885
-30078
-26110
1795
516
-8958
-24805
-25773
14594
-4476
-31187
13314
1026
-25343
-11779
21537
9730
19042
9477
-24475
-16797
29955
-30108
-16006
-24707
-6263
-2952
-2174
4483
28786
32003
3581
22019
12936
-27386
-23023
6953
15209
-668
8534
11109
-32390
2430
20611
5241
-14462
-23934
24682
9486
7677
22541
17537
-26366
2307
772
-9214
29723
20051
14594
26245
12333
13314
1026
-24831
-11779
28705
9474
-26527
16645
-32155
27745
-29693
29796
-16518
-19075
-22647
4729
9347
-11134
13169
31747
3581
22019
24199
31750
-13295
25386
-4760
-11929
-8872
18021
14714
-6787
13955
10873
-31614
-22910
-31630
-26866
7677
-14579
19589
-26110
1027
3332
-8958
-9957
-11949
15106
-3196
11054
22274
3074
-23039
-11779
27426
12546
5990
22021
-32412
4196
-16381
28260
32378
-24451
-8055
9081
-6270
-1406
9078
32003
3581
22531
20362
6918
32016
-29654
23913
-24729
19289
26725
24442
2942
899
1913
26498
-31102
-5268
-754
7933
1550
-10622
-26110
2051
-3069
-8958
22300
-3243
14850
-379
23855
21762
2050
-23295
-12035
-19934
13570
21347
29701
-3994
9060
-13821
31588
-22662
-15747
31625
-13192
-19838
-8318
-14225
32003
3581
22019
647
12550
-18160
-11733
-8855
-9370
2140
28773
22650
-1667
-9342
2425
19842
-18302
20076
-3057
7677
7182
30082
-26110
1795
3588
-8958
-5348
1877
15362
11910
-21456
27394
5122
-20735
-11779
-7390
14594
11875
-27387
-10138
-15006
516
22628
-22662
-20867
24713
-1160
-14718
4227
22641
32003
3581
22275
-14713
-14331
528
-27092
617
-30358
-21155
-23195
31866
-10115
-10622
14457
-15230
-19582
22385
21776
7677
-17394
10373
-26110
1027
6660
-8958
18461
26198
15874
29317
2097
-30462
8450
-12799
-11779
-29405
19970
-1948
-17659
-16538
7270
10756
27748
-24966
-28803
24457
2681
-126
10627
-21645
32003
3581
23299
3209
-30203
21519
27694
10859
-9623
18524
-24475
-29574
-5507
-27006
10361
19074
-28542
28014
8977
7165
3086
16004
-26366
4099
3076
-9214
-23519
-2209
16642
6026
29236
-16638
13058
-15871
-12035
-21979
18434
15205
11526
14187
12649
5124
6500
-27270
-22915
13193
-1416
-25726
6787
28014
31747
3069
21507
17031
-18939
31248
-17107
-19352
-4250
-31135
-15771
26490
-23427
-14974
8569
9858
29570
-1172
3346
7165
-28401
22658
-26110
2563
13572
-8958
17951
12634
16130
-5241
-2766
-29182
7170
-16127
-11779
30500
18434
-16797
-6139
8295
-18588
-30460
24420
-25990
21117
16009
-3976
-31614
-4478
15475
32003
3069
24579
-6776
24581
28687
9771
-28572
23652
-22432
30309
-30086
-3715
-28286
7801
-22654
-30334
-31378
17171
7933
-4336
4995
-26110
2307
13060
-8958
-26594
2138
15618
-17274
-4046
-29694
6402
-17919
-12035
-10716
20738
4196
-20987
18533
-22941
30212
-7325
-25990
-22403
18825
-8584
-3966
-3454
-6797
32003
3837
27139
25481
-29947
-31217
30765
18789
-30110
9572
-30363
-24454
-899
26498
1401
-25982
-20606
19558
-24044
8445
8465
-32130
-26110
3843
4612
-8958
17695
27994
14850
16007
24373
-25854
7682
-14335
-11779
-24284
19458
22879
774
32614
11617
-11516
-3997
-23942
-22403
3721
-16008
4739
9859
1135
32003
4605
27139
12934
28421
28687
-4563
2405
-8094
-12954
30309
25978
-10627
10370
2169
19842
-19582
364
23829
8957
-1263
16001
-26110
2307
6660
-8958
-3810
28762
14082
-29562
29748
-24318
7938
-14847
-11779
12837
19714
-32158
-6651
-5788
-28830
5125
-21149
25722
32381
-4472
-13960
-13950
17539
23156
32003
5117
29187
-1144
-17916
-17907
9264
20581
30052
-14998
-16027
-26502
17022
9858
13433
22402
30338
31340
10006
9725
21267
19073
-25854
1283
1540
-8958
13343
19546
13826
28293
-8138
-22526
6402
-14847
-12035
21541
23554
22882
4614
-8093
-30367
-29179
-17309
-29318
-14723
-7288
-13448
-17022
-3454
-11662
32003
6141
-32509
-28792
-30972
5389
11057
8293
23648
-6035
-30107
31098
3966
8578
7801
17282
26754
-18841
-13033
9981
-25837
4734
-26110
2051
4
-8958
31
21594
13570
-31355
-18889
-22782
6146
-14335
-11779
30245
19202
-11681
5382
-1949
30815
-3579
26467
31610
-27267
-14712
-17032
-17534
-1918
-17296
32003
6397
-32253
-6522
25860
29196
18226
22885
24931
-32144
-3227
23674
2686
-18047
17785
3202
-27262
28525
15641
10237
-15084
10881
-26110
2051
4100
-8958
-6113
29788
13058
-24956
30263
-13054
8450
-13311
-11779
-24282
26370
10595
25094
2404
17250
20998
-19869
23930
-23427
-31608
-7304
-20862
1923
3192
32003
6909
-27901
-1654
9732
-4085
-27083
6758
-11932
6518
-5531
-31366
-1667
-17791
8057
1410
-20094
20587
-21734
10237
5654
20864
-26110
2563
-3069
-8958
-32481
-28068
12034
9860
13882
-6398
10754
-7679
-12035
-31193
-32254
-22175
-15354
2658
-21153
8455
26979
-32134
-28803
-28024
-14728
-24958
19331
-31375
32259
7165
-20989
14471
2052
3083
13368
30824
26725
-12167
12902
-20614
22910
27009
14201
19586
29314
-12696
-22756
9981
-4587
-15490
-26110
3587
-1789
-8958
-32224
-19364
12290
-4733
22587
8963
17154
-1791
-12035
29991
-32766
30816
29191
28003
12384
-12793
-23197
-31878
-6787
21640
-18824
-11390
-126
-2449
32003
6909
-20477
-32378
-8957
-28150
-26824
-7577
-4762
-19077
23142
15994
-4739
-28031
-15495
12418
-26750
-10896
18205
9725
11287
-6526
-25854
4355
4612
-8702
-28639
20062
12290
-7550
-28869
20483
21762
3586
-12035
22824
-22014
-23964
19719
-7838
29283
5640
-28573
-135
-19843
25736
9593
-17790
10883
27764
32259
6909
-13821
2953
-22781
-6903
27964
2156
12138
32639
26214
-27270
23678
18817
31865
7810
-24446
21872
-26594
9725
27156
23940
-25854
18435
-22524
-8958
-23771
12646
14850
-3704
3903
9476
-28414
21762
-12035
-4566
-13310
-23451
4105
30570
32359
-8696
21859
22650
-6019
14728
-14728
-15486
8579
-24975
32003
6653
-29949
-2424
-5373
21771
28734
24940
31849
-20606
27238
-16774
10878
-3200
-31623
6530
-29566
22127
801
9725
-2028
8323
-26110
19203
-12284
-8958
9510
8038
14594
13705
32319
22532
-22782
28674
-12291
14123
-12542
17509
-26871
20587
11369
-31479
14179
-32646
-22403
4744
-17544
-12158
16771
17267
32003
6653
-28925
24201
-22781
9994
-10180
11625
-8086
-18045
25191
-19846
7294
-19584
-24455
-1407
25730
-8589
-16606
9469
-13034
-22395
-26110
20227
14085
-8958
10536
-21912
15106
30858
20801
28164
-23294
29698
-12291
-24276
5123
24680
-3064
-22678
31338
-17911
4196
-31366
-18051
-21881
-17288
-22910
2947
7542
32259
6653
-25853
17291
-27133
23818
-16064
-18070
15210
-121
7528
-8582
17790
-8064
28793
642
-28542
14189
-31452
9469
-32488
-21887
-26110
18435
-4092
-8958
16424
-9112
14594
-18294
7235
27652
-18174
-29438
-12291
-16596
1027
20580
-10231
-26262
-2969
-21750
-30876
-31878
-16515
-10873
-14472
-28798
11139
2671
32259
6909
-17149
22919
-29181
-31478
-8127
-31638
31337
1932
14185
18555
10878
-32128
-13447
-2431
27522
-26770
-27354
9725
538
-10367
-26110
22275
-508
-8958
23336
-6040
16130
27017
-27326
-23548
-11518
-15614
-12547
-32211
8195
12389
-14839
-18584
-28058
-26357
-32667
-10886
-29571
29575
5753
-22654
3203
373
32515
7421
-6909
-2679
27139
1034
28483
-23447
26730
18575
8298
27515
27518
18048
-5767
2690
25986
-6288
25129
9469
-21477
24962
-25854
26115
15877
-8958
-18648
29546
17410
2953
-1724
16389
259
-14334
-13059
-13522
-32253
6758
27658
30824
16999
29196
22374
-3974
5758
11143
6009
-14718
12675
7542
-32509
7933
1284
13194
27139
-12279
-8380
-28568
-18330
-8301
18026
-29061
-22402
6272
890
2178
22146
31079
6957
9725
-6117
29821
-25598
30979
30724
-8702
-9435
3687
14850
-29306
32580
-1788
-3838
-5886
-13059
19501
23811
21600
-18678
-7067
28769
-19187
-30362
1147
8830
6535
8569
-15742
14467
-25746
-31229
7933
516
29061
14083
-6904
-30395
-22428
-5277
22943
26219
-27269
-25986
-1153
13690
24706
-12926
-26768
16946
9981
10520
22145
-26110
11779
-2557
-8958
15391
20063
10754
-24951
1341
-4861
28674
24322
-13059
-30428
24067
-16540
-24568
-19360
3168
-4080
20071
10875
5246
5511
23161
7555
-28541
28791
-29181
8189
-27901
-16759
-19710
-252
10824
-17816
23402
-24408
3436
-25989
-32130
8576
-20870
20354
-14718
-30347
11316
10237
28948
-19067
-26110
1283
-14077
-8958
3354
-17059
13314
-14706
1329
18435
15362
4354
-13315
37
-19709
18539
-17913
-11929
-2456
2580
-24729
2171
382
5255
-16007
6531
-20093
29818
-28669
9213
23811
19854
-26110
-19453
24653
10858
-9881
28082
19308
17531
-5506
-24193
32378
-1151
-30334
-25486
-22982
10749
1557
-28283
-26110
771
-14589
-8702
28694
11869
13826
12690
-12753
11523
12546
4866
-13571
-15834
-28157
11883
2056
25963
8041
16920
-27033
-28550
20350
-17786
31865
-10110
16771
-25222
-23293
9981
23043
-3440
-26110
26627
-14762
-15765
-19604
-20293
-12948
5244
-130
-5505
-9862
5506
-22142
-18055
-18625
10493
21782
23945
-26110
3
-13565
-8702
-26348
23388
16898
2195
17965
17667
13570
2306
-14339
-1753
13060
-3217
18696
2668
23405
1309
7528
-31877
-32130
647
-8071
-126
30851
19076
-17405
10749
23555
-14698
-26110
13571
-13222
-20630
-10133
7360
8813
-10117
-24194
-25217
-12934
7298
30594
-5769
-19901
9725
-26088
-9080
-25854
2051
-7421
-8702
9493
-28065
20482
-18542
17457
-23805
23554
20226
-16387
6954
-25340
-1427
-17656
10348
28525
-12513
15208
5243
1662
-17274
-22407
-1150
27779
31102
-10749
11261
26883
-3949
-26110
13315
14177
877
5740
8133
-4499
-32645
-3970
26751
-16518
1154
-30078
-31115
-16568
7677
-16358
-4473
-26110
4099
-4861
-8446
279
27489
22274
-16496
-8908
-2045
28674
28418
-20739
12332
-16892
-917
-5623
8299
-14486
26403
-3992
-11654
20606
31878
-30087
-7550
-31101
-12932
-253
11517
-32765
-9069
-26110
9731
14694
1134
26992
17353
-29330
-15493
-13442
14719
-7814
6274
-31102
31101
32331
3325
25116
30092
-26110
5123
1284
-7678
-2537
-12446
28418
-8050
21047
22788
-23038
-20990
-28675
-15827
-16123
-3473
-22518
-7576
-6550
-31962
15209
-5766
9854
-30074
-27271
-5502
26755
20609
6660
11773
-27389
-32618
-26110
6147
-24983
-5267
-19858
20940
22126
-20101
32126
-1922
-13702
2946
-19326
3704
-9649
1021
3870
9865
-26110
7939
516
-7166
-4073
-32157
29442
-25713
21818
-25852
-17406
-19710
32509
8239
-2299
-9876
25611
-20375
21353
12585
1641
-8326
-7811
24454
26745
-2942
-29821
7804
18948
12029
-23805
-15469
-26366
4867
17518
-2450
-28561
2768
30062
-22149
-3970
-23170
-21126
14210
-32638
6263
1876
-1284
-4578
28552
-26110
9731
4612
-6398
-1768
15461
-30462
-24945
4155
-8188
-8702
-1022
26109
-19665
518
28268
22028
16234
-407
-24532
4201
-11398
20862
-1915
23417
14467
24195
-27779
-32764
12029
-21757
22164
-26110
1795
2674
-9617
17012
-31278
-27282
-18309
-8066
-28290
4475
-5503
18562
19836
21846
-11268
-23521
-10869
-25854
17923
32260
-4094
-3301
103
-12542
-19827
1088
-10491
13571
28931
11517
32561
-32761
22639
-22259
19563
-9875
14127
-3736
-14982
11902
1414
-24967
-2174
26243
-9603
-23548
12541
-20221
5268
-26110
1795
14695
4975
6000
-12856
-20370
7036
-6018
16510
-13446
-3455
-383
-20370
-9899
12796
12074
-15743
-22270
-22012
5126
-2302
-7637
20592
-2814
-28797
-17323
-3575
-3324
-26363
-27396
-11464
-19705
-27548
11539
18279
7525
-10201
-11672
13435
14974
-20603
17017
-9598
1155
-5526
-18684
13053
31749
17797
-26110
-17149
24168
25712
30832
-32312
-146
14204
-9346
-11395
-15238
-20351
-31615
9073
17240
-5125
22062
-6783
-12542
-28667
13831
515
-30415
2420
21763
-26750
4185
28172
-28922
26887
7420
-18372
17416
31078
15638
21865
-21401
5416
-1944
12411
4990
18565
21113
-32638
-30846
-6288
-6652
12797
30726
1416
-25598
-253
28522
8560
-27279
16074
20079
3964
-17026
-20611
-27270
-20351
-24703
12404
13404
25851
-24784
21379
-7166
-13563
-5881
2563
-31181
-6538
27395
-5246
-10405
18957
-7674
-27129
-27653
-10434
-21751
13672
-8425
-23447
13416
-19927
105
8827
-3715
12165
-2440
-20606
-24702
-5006
12037
13053
-12026
-2424
-25854
-10749
19053
-23696
-19345
-20530
14191
6524
-11650
23933
-15238
-29055
-9343
-405
-15264
23291
-16079
-10882
-3838
17158
-30457
5379
25652
5240
26627
7043
-8610
29965
-4602
9479
29691
-20161
4105
3172
31513
25450
8806
-12243
-10392
9083
2942
-11644
3961
26498
-2174
878
-28667
13053
-762
-5499
-25854
-11517
-9105
-27535
-17296
-21808
-24209
6012
-31874
11389
-14470
23937
-17023
20850
3172
-2822
-28621
7042
-1534
23558
22536
9475
26421
8569
-12285
-1406
21855
-13810
-9465
30216
-6150
-5568
32010
-12441
15386
32618
-22936
-10705
10345
-1670
-13955
-18556
3705
18818
-13438
11124
-9723
13053
27399
20361
-26110
-26877
19059
28274
19315
31444
-7569
-4485
-7810
-24452
15739
28801
29057
-14733
29031
15866
-20427
21890
5123
-16378
-11512
15619
4152
125
1540
30083
14434
-12273
10248
-12792
12282
-30654
-23029
25704
-26084
10347
6250
-205
24681
-8070
7550
7812
27001
19842
-27518
13684
12294
13053
-4601
25225
-26110
-27645
28534
24947
31344
-22058
4720
-8837
-12674
-10628
-6278
24961
-25983
31343
30316
12282
8502
-4225
9987
11015
9225
19459
-968
12413
17156
-17533
-5533
-27120
-9720
-5879
-4871
-28861
10763
-20634
-32227
32619
9320
-30154
7273
-16518
-643
22916
10105
30338
-7806
-3215
-17146
13053
2568
9608
-26366
-29437
-32136
-15757
-9869
-5672
26736
17020
2175
-13444
14459
23169
-24447
-12171
20336
27641
-7112
-3966
11523
29191
-6135
24323
25913
-14467
27140
-10878
-7836
32529
-5112
-12279
1017
-32700
2061
-1175
7454
-14486
-13463
20281
-31127
5755
12670
21124
30585
32386
-17278
-26503
14087
12797
-18680
-30068
-26366
27651
-22408
17011
13683
3546
31344
-5765
-7810
-27012
19835
11649
-28799
-14731
22899
-25863
2360
-27517
30979
17928
-22006
30723
-5318
22912
6149
15237
12646
15891
-29942
-24821
-12808
6982
16910
19050
-31711
-23187
25196
3643
23401
-21382
1150
9860
21113
12930
-13182
4213
-24825
13053
21256
-30838
-26366
-20477
10619
21107
-31119
5340
-30608
15484
-24706
17020
11643
9089
-28799
29043
-23945
-21767
-4552
10114
-28157
-29944
-29429
-25853
15420
-16000
-20475
19077
16231
20244
-32757
22029
-23816
30278
6926
12649
4643
30574
13677
-10947
21097
123
-13443
-10365
17785
11394
-26238
2420
14856
12797
29960
-13431
-26366
-30717
12924
-16782
-31885
-30755
-144
12156
-15234
10364
-31621
19329
26753
16507
-2183
-16392
11579
-16251
-20733
-17400
18956
-12541
-24003
2690
2310
-21628
-23704
-20459
6156
-14835
-24841
-18873
3857
-2963
-29918
18285
-11922
-5313
-26775
-4742
-11395
-10365
30073
30850
-26238
-24968
-27128
12797
-3320
2700
-26110
29443
6782
-32142
13427
23519
7025
14972
-6530
-9349
20347
29057
20097
29301
21374
12024
-5316
-25982
-9213
30985
12556
-6141
9790
-22141
4358
11909
25962
-8171
32268
-27635
503
-15544
-21232
-16534
-2524
10350
2157
-7870
23913
-6534
6270
28291
23929
-29054
-28030
-24974
20745
12797
23049
22921
-26110
29443
-2688
18035
-3471
-6175
31345
11388
639
-28037
-29061
22401
16001
-10892
-22142
-1033
1598
11906
-6653
-2807
-31220
-765
14654
29314
-30970
23685
30059
-12778
3597
-8178
30454
-7863
-8432
11114
26661
-10899
2411
-8122
-25495
-18822
8830
12675
23673
22146
-30334
-32140
6410
12797
29449
-3447
-26366
20995
16514
14195
-4746
18659
-911
15996
15487
19067
-26757
17025
29057
-12168
-5243
-22282
20288
19076
-2557
13322
-30451
22532
-961
-28028
3591
8324
-29331
-1257
-5619
30991
-11276
-8630
-31725
22124
23591
9326
31086
-29367
-9367
-19846
19582
1155
22137
16258
-22910
18294
-16886
12797
1802
-13430
-26366
16387
22917
-30350
-31629
-12827
30833
28284
-3714
13947
23419
21889
14209
-5776
22923
20214
-29629
27775
-14077
-31990
-1012
26372
-6336
-8826
-20218
1413
-17040
2584
10253
-27890
-22284
-28597
-28910
-21657
22311
-6804
-21909
17230
23913
-8838
6270
-1406
10873
-31102
28802
-29329
-6133
13053
30218
-21626
-26366
18947
18055
371
29043
-31769
-8079
14204
-23170
-11142
-23685
5505
17025
6003
3727
-12299
-26811
7296
-3325
-14326
31245
29188
-12223
22150
-31994
28804
13425
22552
10253
-23026
-14349
-14772
14099
28777
-5080
29036
-19349
-19375
-17303
-9606
-16515
-22142
27257
13698
-29054
18805
-15604
13053
5643
-9591
-26366
13571
-1400
11122
11124
29416
5746
-32388
-5506
-13190
-14469
7553
-21887
628
-20590
-32524
-14008
19584
2820
23306
-16116
-15868
-17600
20101
1031
17794
22643
-8424
4878
28944
-31758
-12212
-26603
3689
2344
29801
-15256
-20653
-11671
3707
4734
-25214
24953
15490
-3710
-21899
-20979
13053
20748
25481
-26366
12547
12684
-29838
4209
32746
18802
-28804
12415
-5254
-17797
15489
20865
14700
19096
13044
31561
-17285
7172
-29174
13579
-7676
-16577
17028
-22522
23170
-6541
1560
7181
28942
5106
29260
18964
26724
18985
-29591
2149
20824
-10647
1915
14462
-16254
29817
28034
-25214
23152
12559
13053
17164
-17019
-26366
6659
-15219
-14479
-7567
-25621
-17550
13948
-17794
-31110
-17797
6785
28545
17522
-27237
19187
-17333
-4738
8452
-13814
32012
15621
10305
-27771
20231
6529
20340
-20199
28430
11024
-21264
27981
-4842
-2969
-10711
29032
1383
21083
14442
-18054
-14723
19586
21625
23938
-20606
-8842
11280
12797
4621
3977
-26366
4355
-31858
-8079
3955
10220
-7310
-24196
-11394
-32646
8572
1921
9601
-13198
31646
10482
-8626
-13442
-25084
-6645
-27123
30469
21827
28550
-14329
1664
-137
-27365
-29425
11537
30447
18512
17689
-28568
-25044
3433
10344
-164
1386
-2950
-5251
28546
-21895
18818
31874
-5517
8721
12797
31502
-20857
-26366
9219
27793
18802
20847
-30227
-5774
-26244
-5762
20602
-9605
1665
6273
18542
-30301
-17422
-14000
-13189
-10492
-23028
27662
-22267
6211
21382
28168
-4738
-13192
-25828
-12784
-3566
23535
-4784
2072
12902
-24786
-5783
-20378
2913
362
-6790
3966
9602
27257
19586
25474
10096
-8686
12797
13327
16005
-25854
8963
31635
3185
30320
-11538
-23181
-9348
20095
-3207
9852
129
6529
13684
17319
1009
340
-23682
517
-17652
-13298
5894
5445
-32377
-7928
13694
17530
4382
-31215
12563
27885
-30894
11803
21098
8239
-11928
30824
-13468
-31894
12155
22142
-16511
-21639
25218
25730
24439
15124
12541
18192
22153
-26110
4611
-12395
-15504
10353
7664
-16525
-17540
22399
-4231
892
5761
22657
-3471
20138
-11281
29781
-11907
-1788
2829
-25842
29446
-3260
-20344
1545
-14210
27004
24350
27153
-12782
27116
8787
14621
22376
-25809
29032
-31385
-16536
-29334
1403
21630
-9855
20857
18306
-21118
22897
27669
12541
13840
22406
-26110
4355
-18029
-6546
24685
3311
-24717
-27268
29823
-391
25212
11649
20865
-30865
-18259
-6416
-13226
19323
14341
-4339
19215
-13050
4932
3975
-31223
2685
-4486
10015
20498
-31212
-11797
2387
-32485
-2714
24624
10088
-17306
-24219
22890
635
19582
-4223
-14983
28802
-15486
15729
-8682
12541
18704
-2427
-26110
5379
-8037
17521
15987
-25102
31348
-15492
-32641
-25991
-24196
-2944
8833
22391
-29519
493
20826
640
21253
28430
-30448
-26105
14151
-17783
1803
-29571
-17537
-7391
16148
16406
-21272
-16555
18466
-26261
-6606
3688
-22678
-6031
6763
-902
30334
25473
-8327
17794
-31614
-25228
-24040
12285
13330
-6265
-26110
5123
29600
-30351
30321
500
-21388
-3204
18559
-25223
27772
-21888
12673
7793
-23113
-7445
-11171
-14468
-14075
21007
17
11784
12104
-25973
28683
-32643
20099
-8414
2837
5399
-31769
-31913
-32734
-2713
26421
-29336
-25753
-15241
619
4731
21374
-30847
-21639
-3711
-16254
3438
-20709
12285
19731
-31612
-26110
6915
13473
-22927
-29071
26612
-12428
-9092
9087
28793
14204
-18560
9089
-15504
-31303
-22550
-10658
-2693
15622
21264
22289
11528
23113
-9333
28427
-26755
-16253
-10205
-3308
-11754
-21019
-10920
-25822
28264
17207
-19864
-7834
-25223
5483
-1670
8062
18561
-27527
9602
-28030
-22672
-16612
12285
7956
6277
-26110
8451
-23903
-7055
22133
-9996
-30091
7293
13695
10617
20348
-10112
9601
11893
13499
-11290
21345
-23426
-20986
18193
-9710
29449
16715
21133
8461
-644
-8571
23334
29463
16665
-9759
13146
-30425
-18070
-11208
-408
11369
892
-20373
11643
17022
-4224
32121
6018
-20606
-4494
-16611
12029
-17899
19846
-26110
11011
15526
-20878
-19597
-15115
-19595
7037
17279
19577
-31876
-8320
-9600
27246
31680
14310
-10141
6523
9479
-27630
-12526
-18679
-23221
17294
20749
13949
25480
1319
4632
-1510
-1824
-20645
22567
18791
-11974
23144
31845
-16512
32619
22395
6270
-6016
-29319
9858
27010
-14230
545
12029
-27626
4994
-25854
15875
31400
-14478
30323
-2826
14198
22397
30335
-904
-24196
-27264
-8320
625
20676
8164
24934
11387
-30969
19731
10517
-24310
-17587
11663
-28402
30076
21898
27689
-31975
19996
3806
-11172
-18648
-7064
-18626
-14999
-16023
-28025
4972
30075
22910
-24704
-12423
-1919
31106
-8848
-24797
12029
-8937
-27772
-26110
17923
19372
-25228
-13193
-27145
31094
8317
26495
2425
-10628
1665
-22912
-30350
18631
14815
-7831
13436
6408
4116
-31723
-23029
30031
27536
6671
19323
-4724
8491
-22246
-5604
-807
95
-10451
5226
28224
2665
7529
-22901
13932
8571
20094
-23680
-7303
21890
13698
27249
-11483
11773
-8935
-12924
-25854
20995
20656
16245
26484
11768
-19594
30845
-16769
-17544
-9092
-9344
-7552
-11926
8908
2782
32364
-28297
-15864
29205
-9452
32524
12112
5777
-6385
17531
-15729
-213
-22757
14111
6872
16992
30508
-20635
-10942
-13976
2405
-11121
22380
31867
-18306
13952
-4231
17282
29058
-10900
-12759
11773
22555
24449
-25598
27395
12212
13175
-16009
-8968
10615
-32643
32383
26232
11133
32128
-21376
15473
21967
-18984
-14737
23674
12041
-10987
18710
23053
82
-12655
-10992
-7815
26001
30510
-31972
19999
-15918
-25758
818
-29591
28741
-20888
27239
149
-19604
30587
21630
2944
13434
2690
13698
-9870
-19156
10749
24349
-4989
-25854
28163
15283
-23690
-3977
-520
-3721
-31107
30079
7032
25981
-29568
-30848
23665
27603
-31018
8564
-7302
14858
-2281
-30696
-28401
26704
-2161
23058
-22669
-11118
-29392
27424
292
20943
30051
1590
14953
32070
18536
-11417
20118
1645
32635
22398
-11137
20346
-4223
7042
-30353
-13520
9981
-20961
-24958
-25598
-26109
17853
-16519
32120
18426
-32137
-32387
-28545
30072
27773
26240
-30848
-31121
-28714
3282
-9869
-31367
-2038
-31720
-20712
-2800
-28075
30612
-31724
-28807
17047
27443
-31967
29221
19659
23398
22327
-8088
5197
-10134
3945
-27742
-18324
27515
30078
-4737
21882
-17023
10626
-27283
17716
8189
4641
25985
-25342
-26621
-31295
-18822
22651
-15366
13176
-23939
-21377
-2185
-26499
25216
-20352
14710
-11047
-22581
631
-12164
4364
-21735
-5861
21267
20312
-26474
-20713
2937
-871
-22729
18725
-19160
-18492
-20632
319
32109
3665
18540
23916
-27736
4973
-31877
30078
-25729
-31878
-7807
21890
4981
15928
3581
20003
30597
-25086
-24061
-7741
-21638
-25222
1531
-18312
-18563
-19585
-2953
-25475
19584
26240
29556
-14884
-7481
-391
13692
-29939
-11749
32029
-16619
28250
-32359
-4327
22650
3998
22074
32551
19755
705
-24214
26691
18284
6484
10605
4972
-20564
30573
-27525
-25730
-28289
31866
-11135
7042
27503
9788
-4
-22749
26498
-24574
-12029
-9527
-19845
26490
29179
22649
-387
-22401
22135
-24707
12672
21120
20339
9184
-4412
14972
-2438
12302
-17123
-22497
-31977
26460
-4454
-997
30587
5024
2109
-10968
-9427
-19268
28780
21828
10348
-8616
-32402
8557
-20301
-11923
-17029
-26754
-13186
24442
-18303
12418
32111
5697
-3844
3108
22146
-24318
3332
-30261
-2693
-21379
-26885
-17543
-19587
-24193
29559
-4995
25728
24704
16251
-3103
446
26239
-386
-2802
-7138
2082
18458
27231
-30051
10526
-27269
21410
-1473
26667
-4819
22966
-19346
14669
2929
-18854
6510
-2705
-13898
-3475
32123
28542
-2434
-28038
3714
6018
-26252
2628
-15364
24357
12421
-23294
17412
6351
-11652
25725
-10245
16250
-12163
-29057
20599
-9859
8064
14208
29045
28389
-8263
22659
-9605
-8944
545
7716
-8932
-21407
-23394
28192
-18565
-19802
-6846
-1747
22066
-1359
23664
-18354
-17043
27743
-14738
-11155
-31812
26734
27771
32126
-20866
25978
-16767
-2431
23662
16714
-24068
27687
2690
-21758
-29948
3025
24701
-15492
-5
-27782
-5507
-18305
1399
12158
25728
18304
-908
-15897
-29002
-32123
22907
10258
-19422
-13020
-3811
8803
31904
-14559
-22661
-30041
7749
7728
6964
13229
-31886
9552
-7059
-7582
27247
-3219
-4928
-30354
29051
-31362
17534
-14982
-3711
2434
18545
-5554
32508
14121
-638
-20734
-13052
3283
23933
22657
7932
123
5758
3200
-9354
15486
23424
29568
-14216
-24855
11694
3210
13437
-25069
6692
-1498
-22751
-29595
-351
29220
22139
170
3912
-17103
-30923
-13403
28276
-11175
-30096
-29595
23407
11633
-29244
-11154
-24709
-14210
6782
-21894
-639
12162
17011
339
6140
-23509
-5757
-17918
5
-27690
-26754
6528
14332
12667
-1155
-385
-19594
24190
14208
8576
-30350
-17429
1963
11916
-18055
-29675
4903
-2266
32547
13414
19618
-15579
-15237
-4180
-2231
-26317
-15561
7842
7286
23384
-23444
27240
7536
-403
2760
-16274
-26757
-17282
-8323
-7814
-9599
-8319
9068
7000
-5893
20269
15999
-13566
-31739
10965
3709
19069
17660
-133
10110
-7297
24182
-26498
11392
21632
-4235
-26899
25769
-7025
-19078
2583
21800
23338
6950
23657
19621
3881
-17285
-3923
-20147
-5833
2877
-3428
15224
-27812
11120
31083
-6032
1905
1994
-26513
-21637
-24450
-22659
6523
-14975
2690
32115
-932
-14597
6958
32643
-13054
-16123
12762
-23681
-13951
25596
11132
18302
-5249
25974
-17794
1920
-1409
10104
27375
21663
2451
-5765
-16104
-23511
-16852
-28119
-17301
-20826
-1749
-27782
16306
-8368
-20423
-13507
17303
-29318
-20890
-9360
-9105
10865
-16271
-23856
-27793
-16773
-13954
-30595
7547
-20095
-10367
29299
24930
2043
-5583
-2942
-8446
-1275
7133
-10112
-27776
27644
-28804
-20354
-5505
14966
-7554
11904
-2433
5745
16113
-27746
25493
-6281
-2534
-7637
26669
8491
-22676
-30041
-3028
-8070
23221
9043
9787
5183
-6508
18044
5475
14701
8563
19825
-10643
-13101
8304
8060
-26754
15485
24443
-4735
-21631
-26513
20584
-2054
-27085
26240
-4350
28934
-17441
-28031
-3454
29948
-10628
-31618
4992
-21131
13695
14208
10112
3959
8946
-1131
8856
-32134
31516
5421
-27089
22574
3951
-20825
28207
11898
-30795
21590
-18883
-11712
28556
21630
32106
10865
-27786
-8847
-16015
22999
14192
-389
-8322
-24452
25723
-18047
-1151
6774
-31637
5882
-4555
8579
3
-25594
4832
-11647
24452
30716
22653
-26498
2944
-10891
6783
1664
-25217
17784
10227
17553
3738
17531
-7395
-24274
12593
15154
-29328
17833
15923
11898
-12617
17753
-9664
-22202
9096
-27521
-14480
-32655
29816
-15503
-3471
12249
32368
-1157
-9346
-19076
28539
-23423
-32639
26227
28527
-30471
30519
9858
4355
2311
-6174
10371
-18559
31996
-7555
32382
-10881
-13195
17791
-7553
-13185
-7308
-22028
-1650
9117
-12680
15392
-32464
-9934
9013
-23439
-32599
30005
-27014
18874
26203
10051
-21432
-27772
19585
-8850
-1425
25468
-16526
17009
11740
-4752
-10373
-23170
-23940
-30341
-27775
-20607
-12943
-18315
14841
18489
-128
10499
29959
13540
-28797
-12668
32764
9598
-20354
8832
28277
5247
-9089
-12929
-25221
21493
-27513
-26208
-23173
27169
-12495
18741
57
372
-5206
1081
31353
-31558
-16290
29766
-26550
-19587
12931
-28552
12916
-16770
-2958
25204
-26146
2161
-2693
-5250
10620
28027
-28287
-24447
8825
-13192
10232
20796
-17788
13059
-15097
-10011
-9341
-21116
-32004
-32130
2687
11904
13941
-21633
-21633
384
-27528
-24330
10115
30372
23418
-25308
10804
-27593
-29635
12406
15531
-1476
-21127
-10818
10850
-1463
-6066
24697
389
6780
-11150
21634
22643
14451
6369
22385
19580
639
-4997
-9349
28033
-1407
19827
26495
29175
24638
-4480
27651
19208
-8218
13188
17029
-32004
-3714
8063
10368
10101
29055
-5505
-14977
13943
26359
-8320
-32347
16505
3623
24374
-31177
-26050
-32393
22956
3389
-15495
-30273
32099
-438
13903
-12939
-29818
13435
-31374
-12412
9844
32627
15331
-23951
22908
-5506
-11397
-28549
-19583
-19839
-17806
-12669
2039
-12225
28032
32515
-6136
12264
-8828
-26233
-31492
-19841
19071
-30592
-20876
-25729
-3457
-26241
-25218
-15625
-19594
3496
29053
-26585
14903
4666
-23484
-13960
22957
10050
-648
3007
-28058
15695
22613
21869
-7801
-23163
-17290
-24697
21620
-28297
3813
-1679
15996
1919
-30597
-24453
-27775
28289
21622
2950
-524
6722
-14462
-24829
18697
23014
21891
32643
-29700
28031
3199
8832
-1420
-31617
-20097
-11393
4985
-30472
1401
25516
-4487
28458
12602
-22470
-32443
15994
2478
-22463
-13191
-31552
28263
20560
17493
31852
23433
31875
1140
23687
-8332
2676
20197
-5007
20604
-18818
-22149
-28293
31105
-28799
7537
5771
31477
-11710
26240
-11517
18698
31467
-10107
20614
-29188
-16513
28799
19584
-12428
-6785
23167
23423
-1672
14585
15985
5805
1146
14125
4156
-23747
25929
380
-30290
6726
-21383
-13373
2924
-2989
23641
27238
-23157
10119
-4492
-22899
3190
30070
2793
18034
-21380
639
24187
2172
-1408
17025
-24717
8336
-17933
-7867
-6784
-6909
-24822
-8213
18309
11145
-29444
-31616
15487
31104
26228
-16769
-17025
32127
-12420
-23559
1386
-2129
14716
24878
16189
-6338
22349
20862
31152
-4024
26233
32453
-5266
9558
-1959
8289
8845
27281
-26250
-26993
-9099
-28809
-28950
-11150
25212
20095
-3718
-20357
20097
25985
8821
-29549
-8975
18248
-18047
7684
5643
26093
-13179
26759
-29444
-14720
-27009
32128
-28556
-14465
-32385
8575
-30602
11258
22634
-14415
-18568
6706
-4545
11071
-26291
-4482
1969
-15799
-21894
14535
12400
29014
-6053
21856
10382
-4724
29555
3219
-27529
18550
8172
4211
-21124
14719
-2694
-14213
15489
9857
23406
20888
-3343
7241
25725
28676
-12277
30189
19076
20357
-29700
-5760
-20097
22400
24180
-3201
24703
29567
-24710
30970
-28826
11188
-2439
17971
20545
-6590
-2223
-3456
-17742
-31411
-28806
14279
3443
-30119
2143
-7846
-20849
22929
30582
-11372
-18057
-32137
-32275
11123
-11396
-130
-11142
-7557
10113
30337
-7308
14747
-13328
-2998
-6016
32516
14604
13035
-6528
17794
-29956
18561
-29825
16256
19572
17792
17535
-30337
21369
-17926
12647
-12360
19321
3379
28480
-7617
31826
-26242
22703
-948
8823
13768
-32654
6747
31326
1883
-8817
-6506
8309
-5489
11889
16752
24044
-25485
-24964
-10626
-28806
11644
1409
-30591
7283
-2915
1265
22606
32639
-30204
9740
21996
-29568
-19073
-30212
25473
-28801
29312
17524
9088
13695
20607
23152
12283
-15252
26301
-23182
17972
3393
62
-13486
21629
27565
9290
-16524
-10552
14193
17241
-20897
25693
9872
11151
25967
-17775
1136
18797
-1555
-28045
-13188
8575
31610
12156
-6528
17793
-17042
13731
-26894
-24495
-22405
-24828
30988
11246
10626
-4989
-29956
-8319
-5761
-24960
20340
12928
31615
-27521
10614
27899
-2716
10175
6006
-17611
-31423
-26816
-14250
-20097
-595
-7603
-29581
22218
28532
23388
-2208
-28329
26769
-18538
-17038
-31596
10608
7281
10479
-8077
4477
17023
29562
18300
5249
-32127
-13964
27814
24048
15700
22654
-18940
-30452
-2321
27267
-14460
-29956
12162
-21377
-25728
5236
10624
17791
20607
-9354
-21509
-10658
-15935
5239
-18377
-12222
-24511
7004
9089
7599
9298
9331
8397
-14217
1887
11877
7251
2707
24989
-17549
1176
-30863
-24207
17648
14964
-16260
12159
10618
6780
2177
14977
13680
13994
27374
6999
-17284
-14588
1549
-27151
-32636
-31870
-29956
23426
-13185
24192
14452
26240
20863
12927
9588
-3845
8029
14786
-28044
1083
-444
-702
24414
14722
-23378
31827
4723
25806
-11399
-18848
11110
26192
23956
-871
23154
20380
-16270
-13711
-12303
18036
-15748
-3714
20090
21116
11649
7041
-2706
-16978
-13587
-17320
13691
5637
-8947
28144
11651
17539
-28932
-17022
-897
-30080
-5261
-24960
21631
-2946
-31877
3324
-5545
-27707
-24201
23100
9286
326
19300
17285
-79
17752
13684
-12851
24700
-11420
-2711
-4791
-13419
3746
25975
16796
-30349
25973
-12815
-11916
-7044
12159
-9351
-27268
4993
-1152
-26505
-17744
-16917
22874
31360
13573
26638
-4110
4485
12166
-28932
24450
3456
-18816
-10637
-7552
14463
383
29048
14076
-1455
-28731
31863
64
9032
13895
-28827
22406
-847
-24486
-30093
10706
-23936
-8602
-28821
-29113
-20841
-15706
-11659
-11871
1909
-17804
21747
23668
-132
18815
-6023
-20612
2177
-10880
9328
24244
21737
5981
23932
-32251
-26098
25332
24966
15750
-28932
7043
5504
-25728
-22157
-29312
17023
-9090
29816
25596
10063
-24378
-25482
24387
15435
-10423
-12183
-32121
16306
10846
-23436
-7727
-5758
-406
26225
-14013
-19047
-27483
-7051
15781
-27019
-30347
-25868
4469
10365
21631
-22407
28796
-3712
-16000
29552
-21064
-3097
-29602
892
-9467
-32241
-1804
-19322
8073
-29188
-2685
13952
-7808
-29581
-6016
19327
4223
20095
-32260
-19642
-32055
-9862
1606
-7860
6989
16754
10634
-16205
24165
-8077
-14124
-14201
2672
15734
15165
14491
23985
7034
-26201
15222
-8072
23285
-21899
17277
32639
30073
-20356
-1408
-1920
8564
4284
-25885
-18591
-10370
17414
14608
1526
30599
3720
-29444
12932
5760
-17792
22387
-11648
16511
-5762
19834
-24068
5189
12747
-8841
-11189
-23216
-23985
628
-12916
24502
4455
-23435
23512
18058
21105
31605
12091
5534
1970
-9353
11948
-19081
18551
-27146
-18315
7037
29055
10361
-17028
-8320
-16512
30574
13504
-21534
-27550
13436
11527
-17135
2039
6792
9609
-29444
18308
11392
-10880
-31629
-4224
2431
6015
11386
-18692
31041
-11316
7543
1103
13395
-11183
3960
-26226
7863
18794
-11915
-20776
13709
27508
-30343
11063
-12642
31922
-20617
-20049
8824
-11913
26615
-6539
9341
-31873
9337
-16260
-7040
5249
22131
30659
30432
30308
23677
-28921
5139
-30473
-11385
-16500
-29444
5765
-27520
-13184
23667
12161
17023
-18306
-10883
-14084
2107
-25905
2169
-29871
-6316
25685
-2435
3985
29368
-9104
-30091
-39
11409
-6024
19837
10546
2465
26300
21882
18354
-14985
-20103
-2057
-19338
32637
26751
-2184
-5508
-2944
-21120
-9100
-11322
5340
9831
12158
13064
-7149
9976
-11128
5770
-29188
-380
-27008
1409
-398
7809
8831
4735
-15242
-9220
3642
977
25973
-28842
26712
-17579
-4991
7570
-10312
20850
10614
18908
24723
19323
18048
28208
32162
-1608
-29578
-23883
4729
-14729
-18440
-29578
30845
-21889
-32648
-8836
-12416
6785
-17299
27083
25563
22121
2170
3337
-24299
-8200
31626
6283
-28932
-18299
-22400
-9600
19571
-30079
-3458
-17794
-11141
-6916
-15308
-10542
9079
-22695
-32422
19033
14726
-2157
19897
27510
-3211
-1829
-18538
-3202
-19068
-31957
31140
10686
-11911
18104
-29063
28025
12025
18039
-29315
-24961
-28040
15485
-28288
-23680
-20364
8142
4823
4204
9853
30985
-6378
14073
17035
17039
-28676
11910
-21120
-3712
10867
-26495
-7298
-14978
1662
-4868
-12753
-6188
-26248
24156
6493
-25766
8844
-8044
-32325
-22150
2934
18397
12442
10627
25993
12840
-32090
-6204
15483
14778
10617
-27270
-24327
-27273
-30851
-27777
27256
23933
-31360
-19840
22389
17105
-25902
-16274
-8067
26634
14104
-14856
11657
22152
-27140
30598
-19584
-20864
3443
19329
-6018
-9090
29046
-2820
25648
-32553
19827
-13983
-5281
8285
1679
-19818
-30791
12154
-16267
-26147
-17767
-29823
-23159
-14811
-1370
-5185
-17289
-22598
-27526
-19080
-5895
-7817
30333
27519
9848
10877
-22144
-15488
-28814
-25132
-1326
5744
26235
21259
-3559
-31750
-31604
-20082
-27140
-21114
-16768
3713
-2446
-26239
-22658
-16770
11389
-2052
-25047
8152
-28809
-30364
-20895
-29856
-3436
-28007
-9797
4483
-21899
-1569
1441
9609
-27762
-3039
30633
-15416
-5765
-4415
-11909
6269
-26630
14712
-22659
-25985
5752
21373
-31360
-20864
-8072
-7978
-5429
26227
-29826
-28661
12826
31226
-15220
17294
-27396
23175
-1920
14977
-9870
-30847
-20098
-25474
31102
-1028
-7898
-13350
-7561
-14488
-3996
-32157
-29543
-12901
22461
-15993
-4747
-7966
-11100
7566
17810
31519
-14421
29389
-4484
-20030
18812
-7812
-6918
-16776
-15491
-8321
-7817
11133
21376
28544
-27275
-14118
-28984
22134
3197
-25588
7196
-4102
-20851
2444
-27908
-25721
-10112
2945
-3470
-18047
-24962
-30338
9595
-516
11045
-10789
-15243
21614
14439
29796
24732
-22371
-16450
-13688
-3979
9443
27558
8335
-13420
17437
-27220
-24373
-29317
25286
2174
25725
19195
-2952
-11395
-20609
-16777
25213
26496
21376
-2701
27613
20934
20344
3196
-13043
16669
7675
-28019
-20849
-27396
-21625
6273
5249
32370
2946
-18050
-31362
-24958
-516
4896
19421
1913
-13202
-30872
-2713
-25696
16543
-22594
-5235
-16267
12770
-19287
-8302
24729
32281
30126
13011
28800
26055
9597
-25985
21499
-10120
-4483
-26753
12151
-21123
30080
29312
-18821
-2595
-5442
-23174
-7297
2318
-14307
-19461
12430
16272
-25860
32136
13953
17025
-32654
13442
-23682
17022
4223
-4
11038
23265
20855
27509
30828
20841
-2906
-32095
21951
-15214
-13451
18406
-11091
8086
-23651
-18153
-1360
-25131
-22146
-16181
-7555
15486
-22277
22393
-4739
-2689
7031
-20867
-30336
9600
-13707
12002
-8517
20607
-32388
29199
30239
18428
-10354
14735
-24580
17801
21121
31361
-31374
20866
31870
11134
-23683
253
20507
-26909
-8075
32380
28272
18796
-22868
8356
-18240
-20329
1398
26088
26289
21403
3234
-9452
-2638
-27945
-24962
-3376
18303
32639
-1797
-15495
-2179
-4225
11127
-9859
9856
11648
15733
-13083
-14922
20098
-22405
5137
-6112
-27908
-30834
5779
-24068
5002
24961
25729
-8847
-8318
25470
10366
-23676
253
17687
7911
-30343
19585
-25229
20593
18101
-7002
-13119
19104
-12428
-14870
27064
-22622
15528
-10479
9142
-14368
-14206
-26413
22655
-6525
9980
-12167
2686
640
15734
12414
11136
10112
-27784
5609
-26194
-29560
32637
-29166
-30174
-15876
16525
-28016
-23812
-10870
-30079
2177
-12687
-12414
19070
13182
-26497
509
24085
-16152
4982
12680
-5769
2931
12217
-31832
-13374
-1884
-1675
3053
-28997
-29018
8878
8208
4536
-17951
27520
26070
-12417
9345
17916
-4999
382
-24449
12406
-2435
1408
12160
-7055
-13077
11690
-23925
20090
-2796
-9948
-2052
7822
23184
-23812
7563
-23935
20353
-16271
7043
17278
9598
7295
253
15123
-1559
-21643
7564
-9350
-21130
-21571
-27734
31939
-4184
-15243
-10772
11198
-29527
11696
10510
-4167
-22046
28032
22745
14209
7043
23804
3706
-4227
-14977
-3979
15486
-641
5248
-26507
-25875
-24412
-25458
28283
21526
21030
-27140
22665
-21107
-22276
-18805
27265
17537
-18319
8323
12926
-643
-29567
509
-29935
-4372
1654
-6258
18045
-17542
-3392
8363
21441
-15192
-21133
-20501
-15940
-345
-25937
1548
4283
31718
30337
983
-26242
20097
25596
28538
-9859
-18305
-13451
8318
384
-6529
12920
11759
-22625
8083
14972
27672
-11736
-12548
-17527
653
-22532
10892
-26239
28545
-14735
14467
12926
8062
24952
509
18963
26095
4209
12944
-24707
-23691
-22593
32170
6592
-8536
-5007
-14610
26303
1195
690
8461
-20293
-7709
8316
16600
-8068
13437
29180
-18054
-899
-9345
-24203
19326
-3969
7552
14958
5105
-15964
-10087
-8331
18457
-2008
509
-12918
-17780
-22020
-14964
10114
8321
-23439
-20349
22910
6270
-9604
509
-26352
15856
27762
32403
-24960
25210
-26683
-8276
10944
2734
23409
-27410
32194
-29521
-32331
4363
-26179
32487
13439
-11558
12669
-20099
31996
14459
25470
-28801
-20363
-13442
4480
-129
13172
17650
-11620
25244
-26248
24346
-22230
4861
-15478
-17010
-22020
-31603
2690
30849
-25999
-27261
4734
10622
-4482
765
-19954
-6415
22131
-7785
25219
-29828
-29751
-1106
31937
3507
-1168
14832
-20027
-23117
30394
-18679
22975
10219
-18816
9180
14973
12415
-31236
-2181
15486
-8065
6005
-24450
-9089
-641
-4492
-6669
-31082
18849
-6792
-4068
-16084
20221
-24181
-1397
-22020
24462
12930
-22655
-18831
-18557
-4483
-13187
-32137
765
9742
20467
-16786
22431
12424
8063
27598
21168
-15423
-20297
-20880
10738
-21304
25271
-30274
-13048
31937
31210
26237
11488
8318
-13956
-29188
-23172
-31106
3712
3445
-10882
-18817
-23681
113
-18699
29588
-16219
7542
-19681
18223
29181
-3702
-28531
-20228
-14194
-29822
-22655
18289
-6781
-1155
-14723
14205
765
8972
14325
-18063
31653
32140
-9597
-20013
26803
-14398
-12355
-14993
32756
718
-1092
-15166
20487
-30524
9711
-12160
-10270
15997
13182
-26116
-3204
-17794
-641
24436
-7298
-17537
-19585
-18825
23799
28812
30636
4473
24354
-29903
30717
-13941
-12658
-21508
12943
-24958
-31871
-29583
17028
9086
-6531
16510
765
22283
-25867
-28559
-7769
15502
-24188
28372
-4428
-32573
7359
9584
-18444
-26673
5055
-12861
-8186
-23099
21488
-13951
-14365
-11907
-22145
-27652
28029
-12162
128
-20620
17279
-6785
-19329
-20620
-20745
-1144
-7507
31863
10788
-13518
-26883
-4468
-2164
-22532
28559
-10878
-25215
-11407
19076
-8323
-12419
30842
1021
-19190
5878
623
-22356
-22639
-22650
-1066
-32331
-17982
-25663
12655
12021
27345
-12096
6854
12038
27590
-19473
-20097
22246
-21635
21118
-28164
-11907
6271
3712
-24716
27775
-24705
-24193
-10382
32504
-7035
-1873
18550
15142
13620
-25091
30349
8080
-23044
15248
-24446
-21375
-30607
-31868
-6531
638
-17791
1021
-7160
6391
29554
-21842
7828
-13941
-26917
12471
-3646
4039
-30610
-13324
29908
-16699
-27190
3077
24776
23795
21380
26599
-31107
8065
-28676
-24194
-8578
11392
8052
-32641
-32641
-15745
9338
1273
4732
-29260
13178
-1497
21814
-21251
-9585
12946
-23300
27280
-20606
-28543
-20111
-15228
-12675
-31363
-13443
1021
-21240
-21513
-11664
9139
-5738
9612
7389
-19272
-7742
13257
-17555
-3594
-3114
-28472
-29492
-6908
-1079
-28685
2178
-21527
22398
4992
-28676
-6786
-12418
6528
628
-10369
-29825
19839
-18317
-14855
-5254
-17481
-5771
-19158
-7113
-24835
19596
30093
-22276
-3696
-9342
-2175
-3983
-27260
-11395
32637
-19589
1021
-7673
12280
-19858
-25931
-3944
-3443
-5666
10936
-7489
-3385
26990
15603
16596
-13884
-11573
-5373
-6967
-7694
17793
22760
-31875
-5762
-27652
24703
5247
27008
-397
-23681
-31873
15743
27763
17402
-30859
-5703
15989
-30420
-26567
-16899
11665
-26219
-22276
-25711
-4222
-7551
-27791
-22396
-14723
-18563
24964
765
-9978
-30728
-32652
-20294
-22883
14995
32482
189
6085
10705
12141
2808
-10276
15568
-31277
-17405
-14900
-13322
30342
12269
-22912
-14971
-27652
6528
8575
30848
-22157
-19329
27775
32639
-2954
-17158
4974
6077
28279
-24273
-30917
