8194
23401
-32509
-25751
-24217
-8447
-21398
11644
-3715
10637
-17542
18306
32130
27520
32003
-15620
22534
14223
10545
6729
31059
12049
-26829
17972
23575
-31092
12037
-27114
-21987
17949
-19203
4136
261
5753
-761
16503
-29065
-8703
20603
-15489
8063
18573
7551
-11392
4225
5514
-12541
5571
-10696
28300
8194
4456
-31997
-12951
9576
-8447
-31894
27260
12926
8845
23930
-26750
-21886
19834
32259
-13572
-507
-3445
1072
17224
-19376
8976
30002
5685
25622
9357
-14588
-12011
-1764
10012
-17667
-13018
22276
-28043
5128
-8841
14198
-8447
5499
-7041
27775
21389
-22146
8577
4993
-25469
-14845
-11324
-26058
7305
8706
26726
-32253
-1176
28005
-8703
14698
23420
-19075
20877
-29830
-29054
-23422
22393
32003
-12036
-7931
5771
-11475
28486
-31667
17935
30257
-18125
-3820
27789
22788
3348
16667
1818
-16899
18214
1028
1909
-27641
-31113
-28556
-8703
-14726
-7297
3199
32141
-12418
10625
9601
-9339
-18685
17606
-25803
29833
9218
3434
-32253
8552
-10905
-8703
29034
6780
-8067
13197
26490
-28798
31106
12925
32003
-10756
-7931
10893
-10965
-18621
8013
26638
-17359
25908
-31468
-22644
-23548
-30188
-23782
-19687
-15875
2854
26628
-30858
17927
-8330
11126
-8703
-7046
-26241
-2690
-31859
-28034
11137
641
-9849
-20733
-10553
-29899
-30838
9218
22374
-31485
-18073
10084
-8447
-13719
17788
-2435
5773
7546
30338
-30334
30838
32003
-6404
-25339
5002
32043
323
-4279
-26867
6448
23348
7955
3213
25348
-11502
14105
22041
-14083
26917
-25597
626
18951
26486
12658
-8703
17018
-17537
10623
-29299
21374
2433
-7296
-31361
-22269
-28212
28211
26758
9730
2662
-30973
-4249
-19868
-8447
-21143
5500
-10883
-116
17530
27778
-4222
-3720
32003
-7684
28165
-18294
15913
23361
13385
9229
29743
-7373
32018
-3956
1028
-19182
-28904
4119
-14083
-10716
-17661
-653
-250
-12427
27251
-8703
7802
-29825
6271
-32627
-29826
3201
-31871
17541
-24573
4812
11058
17545
10242
-11929
-30973
24423
-32410
-8447
-20375
636
-13955
8077
122
28802
-14206
13178
32003
-6148
20741
-19061
18215
1087
-6330
29964
-13522
-1485
-9711
30860
5892
-1519
28695
-4330
-13059
-27612
-14333
8308
-26874
18804
-1934
-8703
-6279
32383
4223
-16499
26750
5249
13185
-15739
-26109
-11058
4145
-11639
10242
8036
-29693
10089
28261
-8447
4713
-645
-16259
-26228
-8583
-20606
-16254
-14222
32003
-4612
3077
25735
-3034
-195
-11196
-25589
-2003
-24781
-30704
-1140
772
-16368
1814
19221
-12547
2083
14339
-4241
-18170
-23691
18544
-8703
18041
32383
3199
21645
17022
20609
16257
29313
-26877
-21807
6447
-14714
11010
-26008
-27133
28780
-27031
-8447
8553
-22917
382
-14708
9594
28290
28034
-2438
31747
-6660
-27644
15500
-10202
-25538
13384
-20469
9520
-26057
-16111
-9586
-15612
3602
-27369
-9706
-12547
-30684
-26109
-25484
15623
-17033
-6796
-8703
18553
13183
5247
-30323
-31874
12673
2689
31111
-28669
-20272
6956
18314
10242
7017
-27389
-20372
-9878
-8703
-19096
-13957
-3971
-8308
17018
32642
-22398
23163
31747
-5380
32260
26764
13093
-4292
13896
13835
-4049
-25545
-4079
-19058
18949
1042
-19689
-9450
-12035
-1757
-31741
-24972
-8442
-19848
23159
-8703
-19080
5503
-1666
-10867
27774
14977
22145
9605
-29181
-20013
6699
-11127
9474
16741
-24317
-2451
-4760
-8959
16488
-4997
-6531
26508
-17031
26498
-23166
14455
31747
-4356
18180
22666
-14812
-19909
-13500
23818
24878
-21961
15888
17551
-14076
23568
18965
-17388
-11779
15651
4867
-32142
-5370
7288
-141
-8959
15992
27007
6783
25741
-5507
1665
18049
14467
-30205
-25899
28968
13705
9730
-6040
-24061
7021
26474
-8703
18792
-11397
-18307
23948
-135
-29822
-24190
13693
31747
-5380
17412
12685
14626
21049
-23739
28170
-30418
-5320
3601
29838
-30972
23056
27670
-3820
-12035
17955
30723
15734
-23034
14199
-7563
-8959
9080
17791
-2690
31885
14462
25985
13185
5003
-30717
2516
-20697
15501
8962
28520
-22525
20078
-6803
-8703
-16281
-13189
-14211
25740
-903
-31870
-25982
5754
31747
-3332
6148
-28532
6945
31544
20291
24841
10542
-12488
-27377
12175
8965
-11761
24597
10516
-11779
-25566
5379
-10125
22534
9079
-19084
-8959
21367
18047
-3202
-19827
9086
22401
13697
25732
-31229
-13608
-26331
-29814
8450
-4250
-21757
30573
-17304
-8703
-9625
-22405
1150
26508
-15495
-24190
1411
-9608
31747
-2820
260
-32117
-20193
30007
22592
-30456
-29652
-19401
6414
-6769
10756
-29938
28947
13074
-11523
32289
-8958
-8334
7686
26231
1652
-8959
14455
4479
12671
-7795
-8579
28289
-28287
13956
-31741
-25638
19748
-1911
8450
-8086
-19965
17773
-11157
-8703
-17817
-17541
4478
9356
5242
32642
-22654
-18305
31747
-3076
-4093
-14961
25629
-7116
10049
28936
14636
6456
26638
-1138
11012
11790
-2030
16146
-11523
32289
3843
-3978
-13307
26230
13943
-8703
-1418
1151
9855
-14963
5502
22401
30849
136
-31741
987
10019
-21620
8194
-2968
-17917
-21907
-23189
-8703
18023
-25221
1406
14732
-17031
22146
-15486
-25991
32003
-2308
-11517
12684
26396
-19149
32574
-22265
3883
-23240
-5876
-14193
29188
23565
-5615
-16368
-11523
-29664
-19710
1651
-13307
-11657
-1931
-8703
26230
-7042
2687
-2163
-23171
7041
-29311
20353
-31997
-9762
5409
20361
8706
2664
-17917
110
7531
-8703
24935
-24453
-6787
17036
-24711
-31614
-23934
7545
31747
-2564
-19965
-2165
-11750
-8911
18749
29959
-5591
9016
-25844
12176
-2045
-28916
-22767
-21488
-11523
-15073
-22526
-14222
-21499
-7306
12149
-8959
-27530
-642
-4738
-4723
-24451
24449
28801
22148
-32253
15327
-4578
27786
9474
8812
-17661
25709
-4500
-8447
10087
-19845
-13443
2188
-15495
-12926
1155
4477
31747
-2564
-21245
-21874
19993
30000
-18884
-8954
13098
23865
2060
-4977
22532
-21748
-15088
1296
-11523
-21217
-16382
28276
28933
29302
-1931
-8959
-10635
-14466
-9090
2190
-24707
-28799
-22143
-19323
-32253
9185
-31714
-14197
9474
617
-16637
18798
25707
-8447
-22426
-27525
-10627
-1653
30073
-27774
-8062
25718
31491
-2308
-29949
-8309
-9704
-19409
28217
9990
23593
31801
-17910
2705
-28156
17163
-6898
-4083
-11523
9247
30466
1649
30213
-31113
-29325
-8959
20853
-16258
-11394
-1139
21373
18561
-19839
-21379
-32509
29924
-18661
-14201
9986
10600
-14589
11374
-150
-8191
26214
27771
-24195
-17781
23673
-21630
-9598
-25223
31747
-2564
-32509
7053
-2026
-22995
-24007
1798
-20696
-15816
-30710
1681
13828
-2806
-18418
11790
-11523
19230
-32254
29810
11013
15479
9845
-8703
6261
-22146
-21634
-627
14461
-29311
-22143
5764
-32509
32228
29978
10123
9986
-31126
-13309
-9619
-5268
-7679
19302
19835
-10115
-31861
-27271
-11902
-9598
9851
31747
-2564
31747
6798
-16875
-19413
-10441
-23547
13096
-27847
-15351
-19056
28164
23818
1550
-18164
-11523
1054
-32510
22643
-6908
-13450
-17548
-8959
-22924
29566
-12418
-11379
19069
-12927
-23423
4996
-32253
-19226
-15335
-7285
9218
17510
-11517
18286
-8854
-7167
-7323
14203
-11907
25227
6009
-20862
-7806
-141
31747
-2564
27139
5514
6421
3114
1333
17669
551
3385
-11768
-9327
21508
30473
-7668
9996
-11523
26141
22530
28015
-8444
-31368
-28813
-8959
8820
23934
-11906
-2675
-6020
-31871
-20095
9856
-32509
-9752
-29161
-17271
9218
-11417
-12285
-18580
9322
-6655
-5787
19323
-22403
18059
31097
-15998
3971
-20615
31491
-2308
25347
21389
8467
22312
-12749
7173
22567
-11719
-23032
-18287
17924
6665
7436
-3062
-11523
24861
25858
-24974
-16124
-7305
2422
-8959
-9357
25982
-26754
-11123
9597
-21375
-14719
9350
-32509
-2328
28950
-16244
8962
-31896
-8957
-16788
2155
-5887
-9627
15739
-27267
25483
14713
-19582
4995
-25990
31747
-2052
24067
-30835
-6127
28966
3891
-6652
24870
17210
19464
4242
29700
-21752
-28405
7179
-11523
-24292
22274
-18062
-27388
-17545
29301
-8959
28531
22142
32382
6542
-11140
-18815
-2175
-25469
-32509
-9238
27925
-18805
8194
-7325
-5373
-22676
-1433
-4863
-26011
24955
-14211
14987
11385
-12158
-7806
-27018
31491
-1540
21763
2187
-31983
20518
32304
-29436
-30683
11577
30983
-4206
-23036
-761
10251
1034
-11267
23068
17154
-7056
-32764
10104
13684
-8959
-1422
29054
-20354
5774
-20868
-4991
-12415
-28799
-32765
-26132
-3565
-886
8194
1639
-3837
6251
31336
-2303
-23707
18299
28797
2443
17785
-15230
131
2941
31747
-1540
21251
16526
-7665
-7389
-16336
-29948
17190
828
-30713
5266
32004
-3065
-19446
27401
-11523
-28132
20482
23924
24580
31863
-13962
-8959
-3982
23422
24958
-371
-8580
-8831
-4479
3977
-32765
29676
9747
18831
7682
-11930
-1789
-4502
-4760
-767
26469
3707
-30083
6539
24953
-19838
643
-14471
31747
-772
20227
-12660
4367
16162
2608
15620
19494
2875
3847
31890
20229
-29945
-32758
14089
-11523
-18917
16130
15986
23556
-13449
4213
-8703
-30862
-1411
26750
5262
-17028
-20351
130
12419
32515
-14098
-3311
-2165
7426
18020
4868
32617
25957
1282
21605
-2438
-17283
-2934
16761
-11902
6019
-10121
31747
-516
19203
-12917
16910
18209
27180
-1533
25892
23099
16390
-20589
-28924
-29178
9
-3321
-11523
31259
14082
-3472
13316
-4234
14195
-8959
10610
-9091
-19330
-2163
-23428
-895
642
25730
32515
-23057
-7920
21644
8450
32103
10756
-8344
-26009
6914
9573
-1158
-19587
-9078
13689
-25470
9347
-20098
31747
-516
19203
24719
13069
7455
28205
-1533
-2268
-2500
32262
4243
-10236
-11002
30473
20744
-11523
11035
16642
19572
11524
30581
15989
-8959
-16271
-8579
31870
142
30588
-21375
6018
-22138
32515
-19473
-30448
-370
8194
-20124
12548
30056
28773
9986
7269
-902
-26499
-7030
121
-23422
4739
9847
31747
-4
18947
-30325
5389
-32226
26154
-14333
3619
3899
-11771
17555
-22268
5638
-15096
-15097
-11523
32538
13314
-2193
6660
25716
10097
-8703
-28047
-18563
32126
10638
18044
-17535
10626
4736
-32765
-26127
-15089
1932
8450
-30621
16388
23656
10853
12290
-20892
-8838
-30083
-18550
27257
-1918
1155
23926
31747
253
18691
-14198
-25844
19998
9513
-17661
-3551
15674
-23291
147
-32764
-9211
13832
9479
-11267
6682
13570
28015
1028
-15757
-4752
-8703
7281
-20099
20606
9358
-21892
7042
2946
1411
32515
32753
-16114
653
9218
-6041
15108
31335
-27033
17154
-13468
-19078
-17795
-25974
15481
-382
21891
-3719
31747
509
18691
25229
-24309
16668
3624
-23549
26402
-7110
27909
-28782
-3068
-18427
-4857
-16634
-11267
-16359
14338
29553
-4093
-20622
7537
-8703
4465
-29315
30846
10382
19068
5250
18562
-28028
32515
16882
32014
29582
9218
9060
20996
-26521
-6044
22018
-30620
-24966
-12931
-20342
-1672
-22654
6531
19057
31747
1277
18691
-8824
2059
-32742
9251
-32253
-19938
28214
-9468
19344
-7420
-6908
-21498
11270
-11267
29720
12290
-5013
-11517
2417
-31891
-8703
-26000
32125
-27778
21390
892
-15487
386
22139
32515
4596
-16115
-18296
9218
-27038
7428
100
-16544
28162
17252
-12422
-20099
29322
-23688
-7038
-6526
-19853
32003
1533
19715
-26743
18953
-31721
-9953
20483
30749
24628
12804
-32114
-24060
21508
23814
-13819
-11267
26391
12802
-3988
-18685
26223
18284
-8703
18288
-26499
-27522
5518
-8837
-895
386
-25730
32515
21493
-23026
24714
10242
30308
8964
17764
28258
30978
25444
31610
-20099
-30070
-8584
-15486
15235
15221
31747
1533
20995
-4983
18953
1047
13344
22531
28702
5174
8196
142
-26875
20740
3846
18693
-11267
12056
12546
-7315
-18685
8816
15982
-8703
7792
11389
23422
13198
-2181
2178
15234
-130
32515
7158
12815
-20598
8706
28256
23044
8805
-21152
-23294
12132
32634
-19587
2698
-1160
-24702
-5246
4206
32003
1533
20483
-9851
7177
16151
-9187
13059
-24035
22582
-10493
31374
-2299
-5373
23557
-9468
-11267
-5097
11522
30313
-19453
28272
25451
-8447
-3473
14205
21118
-22387
3452
-16767
2690
15483
32515
-2570
14094
11400
8450
30050
27140
357
-2975
-15614
-1181
-12934
-12675
-9335
-3976
-9598
-15486
-8333
32003
1533
20483
25481
8200
-10987
-8675
11267
22044
-5324
-13309
7054
24581
-10237
-27131
-14076
-11267
-17129
11010
-12948
-23549
-3218
620
-8703
30319
25981
28030
-18547
-389
-3199
-10879
-15231
32515
-18186
-24563
-11125
9218
-15518
-29692
16740
16226
-8190
17764
-12166
-30595
3466
-3976
-19070
3971
-12685
32003
2045
21763
-30839
-9209
-19692
-29156
9219
-10980
-12491
-24573
-2419
-1019
-20733
13061
-19196
-11267
3352
10242
31084
-24061
-9875
-5782
-8447
-26513
27261
17534
3726
-9093
-3711
9602
15998
32515
-19209
-9459
-17014
8194
-29346
-3324
15716
4958
3587
22628
-25990
-27779
-10103
-14984
-17790
2947
7536
31747
2301
21507
-27770
-25081
30740
21018
3843
-9445
20790
25859
-4723
-2555
28419
-15612
15108
-11267
13847
9730
-1943
-23549
-16787
-408
-8703
-30097
12413
15230
-17523
-15749
-7039
6274
-21380
32259
11256
22285
-31095
8450
5730
2053
7268
-22431
18435
28516
32378
-21379
-4983
-12424
9347
6019
17014
32003
2557
21763
-14711
14343
31763
10779
5891
5660
2358
-32509
-11892
18182
-30973
3077
15108
-11267
22807
9218
-31891
-25597
-25236
-7318
-8703
26479
11645
19326
-2419
-11653
26498
15490
-29053
32259
11000
21261
-32627
8450
16226
-6140
-31900
10850
12291
5220
-12166
-25987
-19319
-9864
14467
1155
-28814
32003
3069
22275
11400
-4858
4371
-5863
4611
-18149
9526
24579
-4980
31750
24323
-16380
7172
-11267
32535
8450
19819
-25597
28525
4203
-8447
-9618
24957
24702
-15731
-25221
32642
7298
8573
32515
-10760
-9460
-375
7682
24672
9989
17509
-16287
25347
6756
-20102
-15235
-6775
-18056
7555
16003
-3728
32003
3325
22019
12167
-10490
-32750
27416
771
-20710
4149
10499
15501
25606
9475
32516
2052
-11267
-12778
8194
-25238
-26365
17005
21354
-8703
-18066
18301
21630
2446
-23429
22402
28802
-20100
32259
2297
1548
-23159
10242
-25244
15365
19045
-26781
30979
-32668
-24710
-27011
-19063
12153
-6526
-3454
-12425
32003
3325
22531
21899
22790
15889
-11496
771
-4070
-19146
14851
31884
14086
4867
20996
-23805
-11267
-20970
8962
-2195
-27389
-26772
-12693
-8703
-1426
7293
17534
-10355
-6021
17538
8322
-641
32259
6905
15884
396
11010
-30622
23813
8805
-2463
-26621
-26012
23162
-12419
-14967
10105
-4990
-894
7538
32003
3581
22275
-3193
29446
30737
23319
-1790
-20966
19510
5123
-25204
9735
-1022
21764
-17917
-11267
8727
9474
-29846
-26877
12908
-12440
-8447
-15506
-11140
28798
654
-16261
16258
6530
15481
32259
-16135
-14837
11400
11522
98
26373
-23707
-5791
-8445
-13212
-11398
-16259
-31863
1913
-20094
-4222
9585
32003
3581
22275
11143
14342
-7664
-23273
-1534
29466
-18378
3331
-24948
-1018
-3326
13572
-14845
-11267
-16106
9986
16234
-26877
-14228
-14743
-8447
-9874
5501
20862
-12659
-17285
2690
6786
21628
32515
-22023
32523
-31351
15362
-15514
-28411
13158
-26779
-4605
-8860
-27014
-17283
27785
17273
-25982
10371
25716
32003
3581
22275
23433
-12283
2320
-15594
-2302
-29159
22326
1539
-9845
-3322
-7678
6916
-23549
-11267
-11754
10754
-19349
-27901
-29845
107
-8447
-11410
-2948
21886
-14195
-5765
4738
21122
26493
32259
506
19467
18826
15106
22371
-18683
29030
24675
6148
3940
-22662
-21635
13449
-12680
-4734
-6782
-1171
32003
3581
22787
-25466
-4859
14096
20501
-3838
-9704
10549
-8446
-26996
-28409
-18686
-6141
31747
-11267
13334
10754
-921
-27901
-2965
10599
-8447
-2963
-1156
7038
28045
23675
11650
8578
-31626
32259
29946
-19702
-32122
15618
7011
-7419
-21658
11108
16900
13668
-31622
-11907
27273
-21640
-3966
6787
-17039
32003
3325
22787
-28281
-28155
-25841
31764
-5118
-24296
12853
-13822
16524
-19705
-24830
-15357
-1790
-11267
-3307
11266
7274
-27645
-28565
5736
-8703
4462
-10628
21886
-16499
16251
18050
27266
5756
32259
30714
-31990
22409
21762
-3227
-9467
3432
-19611
29700
26212
19578
-15235
16777
-8584
-7294
-2174
18036
32003
3069
24067
-17271
18949
-15090
11029
-5886
23577
-28874
-12030
-4469
-20728
-24318
-20733
13571
-11267
26647
12034
-12437
-25853
-1172
21097
-8703
-3987
-28548
25214
-18035
19835
12162
18050
-8325
32259
-15366
14858
-14711
18946
19041
-6395
-13465
-25501
-29180
5988
29818
-32643
8073
-2440
-14974
7043
15726
32259
3325
25091
31877
-4859
-1520
12567
-5630
10779
59
-254
-21360
14089
-6910
-3837
21507
-11267
25623
12034
-25496
-23549
31343
13161
-8447
-24979
-10372
4478
-32371
32379
8066
28546
4221
32259
13306
8712
19850
18178
-13982
-17659
2150
26211
-25852
-4765
-23174
32381
9353
-14216
1667
13443
7027
32003
3837
26371
-21368
28165
6159
3607
-5118
-31462
6457
-2814
-4466
-3832
-15102
-11261
14595
-11267
32278
11778
4715
-25853
-26770
-27541
-8447
31085
-10884
3966
-23667
20603
25474
-27262
-15487
32259
9722
7944
-14196
21506
-9885
1286
17509
-17566
261
-4765
-10118
-8067
17545
5753
-10878
7811
-31885
32003
4605
28675
-12664
13829
-24306
18198
-6398
7195
22841
-11006
-18802
-27639
-23294
-21501
-1534
-11267
-12522
11010
17003
-26621
-9875
-17813
-8703
877
-644
28286
-17523
28539
12930
29314
8574
32515
-12806
-8697
15755
17922
24671
-3067
-2972
-15010
18949
-14749
-27270
-25987
-14968
-19848
-13438
-10622
-11921
32003
5629
29699
2182
-14844
-16883
25363
-7678
7449
25400
-26366
8590
29705
24834
14851
-13566
-11267
-1515
10498
13417
-27389
-17811
-5528
-8703
-7316
-16772
7038
32653
7547
21378
11906
26491
32003
22523
-8185
-16759
22018
20322
-763
8036
-19615
-22523
-11677
24442
-7811
-21368
-1160
-12414
-126
7542
32259
6141
-31485
19849
23300
17676
13588
-7678
11033
-3528
-25086
12685
-15863
23042
22019
-6654
-11267
-8683
11010
17772
-27645
-17812
29035
-8447
-2196
-22148
21374
23693
20347
19842
15234
9090
32515
30203
-1273
1678
24834
2402
12806
-20637
13153
774
-23453
16506
-5763
-18296
-22408
2691
-11902
-32398
32003
6653
-30205
1160
22276
15116
3346
-8446
-27624
6969
-31742
-7027
-1015
16386
4099
-22014
-11267
-30442
10498
19562
-28157
-15765
-22936
-8703
25708
31356
29054
26765
-646
-29310
11906
7804
32259
-13317
-26873
-14710
23298
27744
29702
-13469
-24481
-25082
25187
24954
-20099
-14456
-4232
-8830
14211
-32144
32259
6909
-26621
-13946
17412
-18421
-6384
-8190
31768
-28104
30466
-5747
16138
8706
-8702
29442
-11267
14870
10754
16489
-27901
22124
-22936
-8447
620
-28548
10878
-23667
19067
22402
-28286
10619
32515
-5125
19207
24714
-31486
3428
-5882
26722
16225
23815
-15773
23162
-9091
-31608
-10376
-6782
2435
29046
32003
6909
-20733
-32630
-5373
-20470
-5872
-8702
-26600
12346
28930
11916
4107
8706
-14078
19970
-11267
14870
10754
22636
-28925
-30870
3178
-8447
18796
30076
23678
29069
1147
29826
32386
11646
32259
3324
14343
-30324
-25854
24929
5127
-14494
30560
-16121
29539
-32134
-11907
16264
2681
-14206
-3198
-26000
32003
6909
-17661
-8826
-8701
-32758
-15601
-8702
-2793
26170
25346
-27508
-2293
1794
-24062
20226
-11267
28950
10498
-28568
-29181
-14230
-26265
-8447
28779
-32388
15486
12173
2171
17538
12162
5239
32259
24316
-15098
-7544
-25854
10596
-26616
30572
-10644
774
24419
30842
-12931
11144
13433
6275
5763
16499
32259
6141
32515
6281
-8701
15371
-29166
-8702
-23012
4418
-29694
13712
23309
26370
25091
-24318
-11523
21016
11522
25963
-23805
-21902
31090
-8703
30315
-21380
17790
141
17275
-12158
-23678
-11652
32259
1020
-7419
-1397
-2814
26728
5897
1130
-1430
4105
24163
15482
-2435
8840
-25480
-14206
15747
22902
32003
6653
-29437
2955
-13309
-16630
26386
-8958
-17637
30785
30210
655
6926
7426
-14590
13314
-11267
21784
11522
-3733
-25853
-13457
17263
-8703
1387
11388
23422
11917
-13958
22146
-14718
16765
32259
25596
4614
-32116
-4862
-31387
-28407
6763
19049
-7415
14435
20090
-17539
16008
-15240
-31870
-894
-24465
32003
6909
-26109
-11129
-17149
-32246
24336
-9214
-30694
26432
23554
-11121
2831
-255
-32254
5890
-11523
-10217
11010
8552
-26109
-13457
32620
-8703
-18582
7036
11390
21389
-18566
6530
27522
10358
32003
-27652
-24827
32136
-6398
2406
-3064
7787
12904
19722
15716
-32134
-17027
-3449
3705
-27518
12675
10612
32259
6653
-25085
650
-27133
25866
4626
-9214
-12773
8258
25346
28816
16911
2050
-22270
7682
-11523
-10728
11522
-27285
-25597
-6032
26477
-8447
7531
23420
5246
1933
-4486
6786
-14462
-7557
32259
-30468
22533
19084
13059
20583
11785
11369
23144
-30966
-13724
17018
-25219
-16505
7801
-20862
3971
-30858
32003
6909
-17149
139
31491
8458
29714
-9214
24348
-11197
24834
-19824
31247
2050
-24830
3842
-11523
27929
11010
-7572
-26365
21361
-12689
-8959
5227
-8069
-10883
-11636
-15238
21122
-17022
14205
32003
-25092
1029
6285
13059
-15774
3082
-18328
-2460
-3317
-19355
-12166
-21379
27015
-136
-21886
-14462
28015
-32765
7677
-4605
31110
31235
15626
-31983
-9214
9244
30788
22786
-23919
-31471
770
-25342
12802
-11523
-17895
11010
-13464
-25341
-1423
5741
-8703
-17301
31868
-1923
25228
-19334
17026
24706
-12167
32003
-17924
-7420
-25206
24835
8805
18186
3688
-3995
-8180
26470
-8582
-17027
18567
26489
-8062
3459
885
-32253
7933
2308
-6007
26115
-6135
-10478
-9214
-11748
23110
25602
11665
-23023
4610
-19966
17410
-11523
-22502
10498
-917
-25341
26736
20334
-8959
1132
24700
-899
19852
-1670
-20094
-21886
-14465
32259
-18436
-7164
16526
32003
29028
32522
-13980
30819
29197
13415
-2950
6782
3975
32633
-21886
19587
15986
-31741
7933
1028
-16505
3843
-22521
12301
-8958
-28136
30015
16130
18318
-24305
-12287
13826
-15103
-11267
-24554
8962
8809
-28669
-11670
16233
-8447
13676
23932
23422
10124
5243
24962
-3710
-27781
32515
-11780
19204
-29813
15619
-28829
-25848
-7838
-11680
24338
31847
-3718
8318
18567
-28295
-638
-24189
-12172
-28669
8445
28675
-25208
-22782
-29436
2055
-9214
17164
9519
11266
5270
9481
-21759
-7167
-31743
-11267
-6392
7426
-19861
31491
-24984
-31897
-8447
6764
24700
18814
23948
-20614
-23166
15491
-12931
32003
-13060
25347
7822
-25085
-30869
-25081
-9625
-20889
-1516
-8857
2427
-4739
15495
-23175
131
-20349
21118
-28157
9469
22787
30608
-26110
-26621
6
-9214
-6649
-4821
11266
-22888
-26107
-21759
-8703
-32511
-11011
-759
7426
29812
29699
16496
-5006
-8703
3948
18300
11134
24972
-7814
-12670
15491
-25211
32003
-13060
19715
-25707
-3069
16493
-6905
3692
2925
13592
-6041
4731
10878
-5242
-17543
-3198
21379
22652
-23549
10237
23811
-4463
-26110
24323
25605
-8958
2054
3113
10754
25244
8197
-21759
-9215
-32767
-11267
-16631
7170
-21388
28931
-21900
15477
-8703
-12181
12924
18814
11660
-15494
-25470
-3710
20097
32259
-5892
18435
24981
2308
-19860
25096
-1173
2923
-1763
2408
8315
19582
391
-24711
-16254
29827
-3460
-15101
10749
24323
-1390
-26110
15107
-7164
-8958
-18172
-4573
11266
14751
-14589
-22015
-9215
32513
-11267
26377
7938
-27787
28163
30836
32115
-8703
-25493
22908
17022
16012
-24966
-28030
7299
16770
32259
-6404
17667
407
-25852
21616
-4088
-9365
-18835
-5344
26728
9083
20606
-16250
-14983
-6526
26499
24963
-6397
11261
28419
-618
-26110
12291
7685
-9214
5637
-23001
11010
19869
-25340
-22015
-9215
32513
-11267
-29429
8194
-3976
27139
24948
7799
-8447
-26517
11644
15486
3212
-21894
-18814
8579
17030
32003
253
17667
7834
14341
2925
-7927
-30102
4459
1828
3177
-2950
18558
28806
-31367
-2430
26499
4990
4
11773
-31997
-23916
-26110
9731
-26364
-8958
4613
-11735
9986
-5988
28165
-21759
-9215
32513
-11267
-22004
8194
25972
26115
17266
-144
-8191
-12181
-901
20606
-4213
28538
-17790
2691
20863
32259
5373
17923
12439
20485
-9365
-18678
24682
-24215
-18650
5737
-2438
2686
17286
-16007
-6014
10883
6269
9988
11773
-26877
6036
-26366
6403
-32508
-9214
2821
-27607
9218
9372
-19195
-22015
-9471
32513
-11267
269
8450
-31373
25091
-3471
-20880
-7935
-20373
7804
8062
-16501
-32390
-21886
-3710
-8318
32003
5885
17667
-18792
-31482
-23185
-30709
-11927
-13972
-9175
9577
11387
-21635
31366
31609
-4990
899
-14464
19972
12029
-23293
27030
-26110
2819
25348
-8958
9733
-5333
8962
11676
3078
-21759
-9215
32513
-11267
31245
8962
17781
24579
-13455
28786
-6911
-32405
4732
-13955
-3701
30330
-18046
-15742
-6524
32259
6909
17667
24474
31750
-27796
27404
31850
10603
-5588
-5784
-2438
17022
11398
18809
12675
22659
-903
-30716
12285
-20477
403
-26366
2051
15108
-8958
7173
-15062
8450
15517
16134
-22015
-9471
32257
-11267
23053
8450
17777
23555
7282
-11408
-5887
1131
-11909
17022
-25461
634
8323
14211
28542
32003
7933
17411
-3690
-3578
15979
18958
-15766
-12438
-20692
1129
635
894
-5243
-25223
-19838
26243
-904
-20476
12541
-10749
29840
-26366
4611
17668
-8958
-250
-10958
8450
-21354
-9719
-22015
-9471
32257
-11267
23823
8706
8815
25091
-916
-24724
-5375
-2454
-14213
-5507
32139
20858
-24702
10883
-21633
32003
8957
17667
-19819
31496
16743
22036
1128
12648
9511
9833
10875
1150
-21883
6009
31106
13699
-27278
-17148
12797
-7675
-376
-25854
-14333
-13051
-8958
-11243
20806
8706
-1399
-27623
-20223
-7679
-32767
-11523
25370
8962
13415
-23805
3175
20581
-6143
-2454
-901
-2691
12683
-6279
-27262
7299
4985
32259
9725
-32509
-116
30472
-15005
-3050
-20119
-3739
-13785
-664
-2950
-9603
9605
2169
-30846
-9342
-20117
-4348
13053
-30970
-21116
-25342
1796
-3579
-8958
12312
12871
8450
-29047
30236
-18431
-6911
-31999
-11523
-15076
8706
32355
-12285
7785
6500
-5887
-18326
-9605
-9859
-21110
-24199
-30846
-8318
-19852
32259
9981
-30717
-10359
3849
23143
-24552
20586
-3992
-28374
1897
2939
1918
11909
18553
18562
-20094
4978
19205
13053
-13818
-30072
-25854
-11773
26630
-9214
-24552
-25016
8962
4745
25885
-16127
-5887
-31999
-11523
-21219
8706
-30361
-5885
-22167
-19865
-4351
-24214
-18821
-1411
-14198
-135
22402
-18814
15739
32003
10493
-31741
-22131
25610
-31128
-231
-2198
20074
-29907
-4248
-1670
3198
-12924
14457
29570
-24190
-30606
-31483
13053
10759
-29304
-26110
-16637
-1531
-8958
17433
22090
9474
-20856
-13538
-14847
-6399
-31487
-11523
-30434
8706
-13465
1028
-15511
10600
-2047
12906
-11653
-131
31114
-18823
-27262
-15998
20343
32259
10493
31235
-15989
-23031
-17052
13083
-11158
-21658
5937
14697
-10886
-13187
31876
-1160
9346
-5758
-1170
1030
13309
25351
-13946
-26110
-24829
-25595
-8958
25369
15435
9218
-2936
-28129
-13823
-6399
-31487
-11779
-28898
8450
-18587
4612
10090
615
1026
19306
-27781
-10883
13194
32377
16002
1667
23413
32003
11005
28419
18827
24075
24424
5661
-30613
17770
12341
-32151
9339
27774
31364
30841
16002
-9598
19320
21766
13053
-7673
2955
-26110
-28925
9990
-8958
-17124
20558
8962
6538
29730
-11519
-6399
-31999
-11779
20256
8962
7531
11524
-11925
-27286
5634
24938
-15237
27518
12170
2426
14978
2435
-30083
32259
11005
28163
-4465
-12788
-11416
-15843
-13462
31849
18999
-5272
-32390
-7299
20612
-26503
26242
-10110
7540
-13818
13053
18184
28297
-26366
-29437
-16635
-9214
13085
-21679
8194
31115
548
-9215
-6911
-31231
-11779
9505
8962
-8856
12548
-22933
-25495
8450
31081
8315
-13955
2186
-3975
-29310
-5502
6008
32003
11261
25091
25229
22028
2663
30494
29035
10856
1082
30569
2427
19838
3204
27001
29570
-16254
-18830
23559
13053
-31480
-13176
-26366
30979
-29947
-9214
-5604
-6832
7426
-32629
-9693
-8447
-7167
-31231
-11779
28449
9218
-8345
19204
-2197
14697
12290
-13975
29051
7038
-12919
-18823
26754
-8318
-31113
32003
11261
23299
1165
15630
4205
4642
-13459
-3474
-4549
31337
-25478
14974
13700
32121
8578
-18558
27770
-22521
12797
31240
16269
-26366
-27389
-8442
-8958
-15842
-15789
8194
18572
27941
2
-4095
-28415
-11779
6434
11266
-31380
-27644
-9108
-659
16386
-21399
15227
4222
9866
-22407
23170
-10366
-16260
32003
10749
20483
14992
27151
-32662
-11742
-12947
31852
-194
-26263
-22662
-131
-14205
22393
8834
-12158
-21388
18184
12797
-15608
-14455
-26366
-29181
-7675
-8958
-10978
5973
7426
-16756
10279
1282
-4863
-29183
-11779
29474
11010
3689
-18172
-23956
-15511
23042
27753
5243
-7555
-18807
-30087
25218
-2686
-22923
32003
11005
19459
-21620
8207
31593
23587
2158
-24213
6465
26217
-3206
1150
-9085
27001
30338
-21630
116
-7160
12797
-1784
29321
-26366
29443
3846
-9214
22046
31061
7170
-29300
-21978
2818
-3839
-28671
-11779
19234
11010
-31128
-14588
-26259
29547
27650
23145
22139
-14979
-13943
-22407
-23934
-11646
16505
32003
10749
18947
15246
13842
17517
29989
28782
18800
3652
-26263
-1414
-24963
-13181
5753
28802
-13182
30839
23561
12797
22025
-23669
-26366
23555
-3323
-9214
287
-13482
7170
5260
-1497
8450
-2815
-25855
-11779
-14046
13314
23658
6405
-29075
8301
-29438
22121
20603
28541
-17527
17273
-19838
3715
-26246
32003
11005
18691
25999
-22511
1898
-30938
-24978
-30867
32071
28265
-17542
-387
31107
27001
-29054
-13950
6768
16394
12797
-18679
-633
-26366
22787
27909
-9214
5919
8791
6658
-6260
-11479
10498
-2815
-25599
-12035
1827
12034
3174
13829
-10899
15466
-20222
-1944
7291
-18819
-29559
28537
-9086
-382
-29325
32003
11261
18435
14475
-3823
26474
15144
-20370
29037
-14516
-20631
-12934
3710
21891
-2184
28546
-26238
-25228
3083
12797
-1527
-17783
-26366
16643
-28411
-9214
6943
15448
7170
12172
-28119
14082
-1023
-24063
-12035
-26077
13058
-15512
28165
11117
-31638
-3070
14185
6011
-13699
29833
3705
-27774
-10366
18297
32003
11517
18435
-26738
-10221
-11670
551
23660
31085
30797
-24215
891
4734
-14718
22905
23426
-13694
-5770
-8949
12797
-20214
-3958
-26366
17923
3590
-8958
-31968
21593
6914
26765
-11221
19714
-1791
-26623
-11779
16932
13058
11114
23045
22894
-30612
-510
-4760
20091
-8323
-9336
17785
-22142
4227
-19590
32003
12029
18179
-32369
25107
-3739
-4057
5483
-21657
-11184
-30103
-11398
-10627
-11902
13433
13954
30594
-18065
8717
13053
24075
10374
-26110
16899
-27899
-8958
289
-24486
6402
22158
-11732
15618
-2559
-22015
-11779
-26844
11522
31078
18949
31086
24937
12291
-26776
3195
-25475
5769
8313
-23934
-13182
20087
32259
12285
18435
9869
-29932
5736
-7897
-15255
-2713
17492
-12439
4987
14462
-12414
25977
23682
-17022
11893
1294
12797
17676
6025
-26110
8963
14086
-9214
-11488
-8614
5890
12430
-8404
15106
-2303
-23551
-12035
27428
13570
5225
5893
-22420
-7063
25859
-9368
19067
-7043
-3192
15737
-22398
13699
-13954
32003
12541
19203
-31599
-234
-30360
-27096
-29336
23144
20312
-3223
-13702
7038
-6526
-30343
18818
-638
-3212
3087
12797
23564
25480
-26366
5379
5893
-9214
28447
7259
4354
19086
31532
13314
-3839
-26879
-11779
-222
13826
14184
6405
16746
18793
-21245
32616
635
-8835
13961
25977
-19582
22915
22395
32003
12797
19203
-16497
-28395
19557
31531
-29335
10086
-2469
-14743
-4742
9598
-28030
19321
25730
-4478
-2448
-27120
13053
16653
-6779
-26366
7171
18949
-9214
16417
-27812
3842
-16499
22062
19714
-2047
-23295
-11779
26916
12802
27238
-29947
-918
-19096
-765
29800
-2950
-8323
-11384
2937
-19582
19587
16505
32003
13053
20483
26510
19480
-27032
-2772
27497
-28568
23902
-6039
14203
9342
12930
-15495
27266
-23934
-4489
32529
12541
-25586
27529
-26366
7939
16902
-8958
29218
-15523
4354
7308
-13520
-30718
4610
-13055
-12035
-32218
17666
-20630
-11771
-28054
27242
14852
22376
11387
-11651
-27000
30073
-15742
-1150
-16769
32259
13053
22787
29330
-11750
22632
-13010
29289
-25240
20577
3690
-9862
-387
8066
30329
27522
-26238
-2703
-14062
12797
30735
29830
-26110
8451
15621
-9214
-15328
-4773
3586
-8055
-3023
-24318
7426
-5887
-12035
30246
20994
20838
14854
-16792
19047
-28924
21352
-5254
-20355
32392
9849
-14718
6275
-17032
32259
13053
24067
-13683
-5095
-7322
-17873
-16024
-1435
-11930
9322
4987
13694
-11903
17785
30082
22658
-30608
-13804
12797
-1777
31877
-26110
6147
-16636
-8958
-6625
-19110
2818
20361
-14031
-21246
4610
-15871
-12035
10278
20482
24165
7174
-11929
-6044
5125
12136
-646
-7555
22920
-10376
-11134
-7038
-20873
32259
12797
24835
10637
-6883
8043
20528
30824
29801
-3734
-18326
-8070
2430
-17535
-16775
18306
-8574
-17034
-9963
12285
26896
-31095
-26110
3587
-15356
-8958
32031
31323
2562
-30840
-5583
-11518
9474
-6655
-12035
-987
30210
-7064
8710
-7577
23401
-30203
-31384
-15238
-21379
4744
21625
-23678
14723
28794
32259
12797
25091
1423
-12514
-26008
-31439
-920
-2969
-19860
-20374
4475
25982
-5503
-21127
19842
2179
11377
30742
12541
-1264
9094
-26110
4611
30212
-8958
14879
-31908
2562
27273
-18894
-9470
7426
-10751
-12035
-19162
28674
-20379
31494
-5529
30566
-13563
13928
2171
-10115
17288
13177
-18814
22915
-654
32259
12797
26115
17803
25630
6759
-20172
-26775
-11161
-8843
4459
16251
30590
-21631
-20615
1154
31618
26480
-18407
12285
16402
11909
-26110
6403
27652
-8958
21280
-16548
2050
392
26933
-1534
12802
-5375
-12035
-22489
29442
-16539
-9210
19047
30052
3847
-26520
13691
4990
3464
13433
-31870
899
-1931
32259
13053
29187
3212
-16860
15723
53
6760
-2199
-13449
26731
10107
7550
22401
-10119
13442
-13438
17011
30491
12285
-29165
18055
-26110
6147
-28924
-8958
9761
13919
1794
30087
6199
14339
16130
3842
-12035
31016
-22526
-10394
-250
32359
17255
26631
-21912
1147
-21123
-9081
15225
-15998
23683
1655
32259
12797
-32509
653
21284
28008
-22474
-23448
20839
-26248
7019
-6534
18046
18049
23929
6018
24450
8300
-7652
12285
20244
12931
-26110
10499
31748
-8958
25121
-4002
514
-3193
17209
27139
17666
5122
-12035
16169
-24830
-5278
30727
26472
-9884
-26361
18024
-22918
-9347
-14457
-10888
-30846
-1150
24688
32003
13053
-30973
-4728
-12252
-26776
24377
-26008
11623
16253
-27029
16507
23166
-7040
-9095
9602
-14974
-25232
-7906
12029
-18667
-15484
-26110
11523
-31484
-8702
-7390
28512
1026
14727
-22215
-27645
25602
16130
-12035
9770
-19454
-16539
-2297
-3737
-11675
26632
-21144
1147
-14723
-30329
12409
-28030
27011
-16011
32259
13053
-25597
-22133
-2007
18538
-11205
20329
-16535
-27007
3436
29051
28798
-5760
-13959
6530
25474
25202
1313
12029
8471
-16763
-26110
13315
-27388
-8702
-989
9826
1538
-18810
-11461
-6141
-28414
-29694
-12291
-17365
-6654
-32666
-24312
5224
28519
17417
-18584
3707
-1155
-32377
5753
-20862
-1150
14454
32259
13309
-19965
4748
-3800
1638
20799
-3223
-15258
24456
7276
18811
27774
-13696
-24711
-2687
22914
20331
32292
12029
7448
14209
-25854
19459
-29948
-8702
13092
15202
770
18823
6206
4100
-30462
28418
-12291
20780
-14334
-6302
32521
-29080
6244
-17910
-11672
-6534
-4483
29575
-11400
-21374
-1406
30578
32515
13565
-16381
-8823
-2517
13417
-9664
-2456
15720
-4981
17772
16763
-29570
32384
-14471
15746
-32638
-3984
-19674
11773
-6631
5508
-25854
21251
-11004
-8702
17701
4707
2562
-379
-13250
26628
-20222
-17406
-12291
813
5635
17510
-23287
-12441
14182
-28917
-5272
-9094
2686
11655
11385
-15742
17539
29561
-32765
13565
-8957
1165
-23759
2922
-26301
-11416
23400
3473
17260
-25221
28030
18560
-16263
130
24194
-7568
-15319
11261
-22245
-10621
-25854
25603
-12540
-8958
21797
-30364
3330
-24955
15425
-10748
-16638
-5630
-13059
28206
25603
-32155
4874
-21402
18277
-11508
-27544
14715
-4739
4999
-8584
-23422
4995
885
-32253
13565
-1277
4491
6960
29542
8006
15721
16741
407
-21140
20091
27262
9088
7546
1922
2946
13677
11566
11005
9245
-28799
-25854
29443
-10492
-8702
28965
-30364
5122
2693
-19902
-1788
-5630
10499
-13315
-14802
19459
-31133
-19702
-13978
-20125
-26098
-18584
-9094
-7555
-378
14457
-24446
-15998
-5262
-30461
13821
6404
-9079
-8907
-9367
9287
-19865
5478
12699
-7060
25211
25214
-6273
17530
-14719
1154
-27276
-9680
9725
-30689
-8828
-25854
-31485
4101
-8702
-729
-29082
7426
-9085
31556
30469
5891
12803
-14851
-13264
-18173
-22937
17163
4710
22630
-1265
-18584
-18822
-11907
-9082
24953
-29310
-13438
19833
-29437
13565
23556
28301
4925
12395
4942
-23189
-3477
-15197
14957
9595
29310
-14977
13178
-12671
7298
11119
29748
6397
-20447
-9598
-25086
-26621
-7932
-8702
15400
17000
9730
-5758
-441
-13563
16387
10755
-19203
-25551
16900
18020
-26100
-9627
11365
-4846
-9112
-29830
-4739
-25210
14969
-27262
-4478
-18062
-26621
13565
-22012
-3191
-10949
3434
8529
30060
2922
-26712
20333
-27781
29054
23423
7034
-2943
9602
-2963
-14535
5117
35
23425
-25086
-18685
-2044
-8702
31528
11368
14082
-22654
-23991
27910
-32509
-16381
-21763
28978
20484
-25757
3853
-9883
-15005
-9708
-10392
635
-11651
23686
4729
31874
-6270
13170
-21501
13821
-12284
6281
21061
-29073
-940
-12436
-31122
23470
-30099
-23941
30078
17535
-28550
11650
11394
29300
-16580
-1540
7972
27781
-24830
-13053
9477
-7934
3625
14442
22786
6530
1611
1543
-5117
3076
-30211
14899
-30459
29543
28686
32357
22631
29719
-24728
-3718
-4739
28806
23417
-6782
1667
-23692
-17917
13565
-1276
-17270
22600
13165
-424
3950
30317
-333
-28051
-17541
-32130
2431
-23942
-14975
11650
-22673
-22207
-7172
29476
-7294
-24318
2820
25349
-7678
-32727
22379
27138
-12158
10573
-15097
11780
-32508
28157
1076
30981
-32156
-15857
-9371
8548
17178
30056
891
-6531
12422
21369
-19582
8067
-9620
-9981
13821
5
5767
-27832
12653
19293
19055
-17042
-11335
15726
30587
-32386
-16514
-22662
-4223
3458
-1424
-21178
-14084
-28123
17026
-23038
23044
-2811
-6654
7979
-20372
-29182
-3454
-14001
-11256
-32252
-3836
17405
-27595
-17659
-27803
-5871
-18072
9319
-22243
5225
-20614
-13443
4486
20089
-16254
3971
-3471
260
13821
2565
30856
-12718
-32656
30303
-2450
-3216
19901
-29842
31099
-26242
-19330
-15494
-19583
-2431
-17805
30794
-31492
-9689
-25724
-22014
-29436
20998
-4862
-20436
-23698
-18430
-30590
17490
-23287
3077
-18171
-2564
30007
-1786
-922
-31470
7272
-25753
-15073
1385
-25734
126
-2427
22137
-20606
-11902
-10894
9732
13565
22021
27017
27731
2926
4195
30063
10863
-22847
28526
-30341
-27266
20094
-24710
-13183
11906
13164
-21425
26364
-26583
-32384
-19454
-5628
17414
-4350
15661
-8337
-16382
14723
24661
14602
19205
-13307
-13828
-21192
5383
-1438
-17389
19304
31332
-20958
-12696
-16774
-6787
-11643
15481
-11390
8067
14700
25348
13821
-29691
28037
-24747
-13970
11110
-23697
7023
15558
17263
-11397
-8578
-131
-19334
-6271
-383
-27279
29524
10748
-20437
-7550
-17918
5125
-5626
-2302
-1746
-26767
-9214
19331
-9898
-8694
-28155
18694
28924
24634
-23289
-27802
6677
-3992
28007
17190
29033
-8326
5758
19589
12665
-16766
3715
-10127
-22780
13565
-11515
2441
9054
17008
-32407
28784
-1680
-6456
18031
892
-28290
-9347
5499
-7551
-16511
17523
-12457
-17413
-13011
16259
-15358
21253
14855
259
-209
-20877
2051
1923
-1704
-17141
262
-17914
-1797
-8389
-17912
2407
-26090
-20376
-22169
32040
19049
3707
-6787
15493
32633
-20862
-19326
26738
-8956
13565
11526
-888
20316
2924
-12180
-10896
2413
9677
-32145
-15237
-12162
-25731
12155
-20095
-9087
21101
31838
-25093
-16593
4223
-11518
-14587
32263
3587
6193
-19084
13571
-7806
4700
29196
25862
-19449
-16645
29501
23816
-5021
4120
-26775
-17564
16940
24681
-8326
4222
10373
-28551
-24958
-8574
19311
23301
13821
31750
-21626
-13470
5744
4208
-4240
12400
27601
-13969
3708
-25730
22909
6779
-13695
-2687
4723
-926
7675
3634
-17791
-8958
2054
10760
7939
11060
-12424
32515
10115
2142
-9971
7175
-1785
9723
6719
2570
-13977
-4071
24938
-1175
-27856
-31895
2939
-6531
-8060
29817
-15230
1155
24439
-16635
13565
-3322
-25718
-18838
6513
9844
-21135
370
-15660
-657
-3461
-14978
-3972
18555
-17535
-16511
-398
360
31482
14900
-8318
-4094
25606
-16888
14851
-2763
23930
-12285
4227
5474
12559
-10233
-31224
30970
-14272
22027
25703
1307
24170
-20887
5684
-26519
-5254
-2947
-27772
-26503
-18302
-11390
-32654
15622
13309
24583
6025
-19353
20078
30839
-16270
28016
19416
15728
380
2175
-11140
16763
-25727
-13439
16240
-10132
21754
6710
-4224
-510
-8442
-15864
18179
6198
-24710
-2557
28291
19298
-18161
5384
8713
5626
-27839
12555
-27546
5405
-17302
28263
21304
22889
-2694
16254
-31100
31097
-32126
-1406
7025
-14586
13309
-15097
29832
-18833
3442
-23943
12402
8050
28378
-31632
6780
-7810
-24708
19579
-29311
-15487
26232
-18832
20473
13112
14980
3843
263
-19447
28419
14648
-7044
20996
5507
23396
4625
1033
9482
-520
-20413
16653
9835
-8163
11114
-10902
14395
-32151
-4998
3198
16772
25465
-12414
-3966
30072
16391
13309
19720
26764
32373
8818
22396
5234
15985
14044
-20112
-19077
-14466
25980
-21125
25985
31105
-28301
-22666
-13832
31546
-7551
11523
-24313
-23287
-30205
-13255
-28802
-30204
13443
-16793
1554
23561
13322
25592
-25787
10510
12648
14879
16746
4200
-16579
-31383
-24198
2430
1156
-16519
24450
-22910
-11662
4872
13309
-13816
-13944
27507
3185
-19330
15987
18801
-20514
-5008
30588
-21122
124
23419
-15999
-19071
21618
24699
-32264
-9157
17536
17667
-505
6666
-20733
20794
24191
-508
4739
9064
10771
22026
-29941
-10505
582
19726
-17049
-31200
19307
-14488
30273
-20119
9339
-4483
30083
-30599
-13438
-13694
-12942
-12792
13053
5129
17288
1407
-2955
26498
-32653
2166
-31519
-25743
20860
-12418
-7813
32123
28801
-28287
27000
-28545
3575
-5058
3716
22275
25864
21259
-6397
12348
-25216
-26875
-31870
10603
-16620
28427
-30452
17398
-17849
-17647
-4246
4642
18282
15211
1862
-407
-2694
-2179
-20605
29817
-27774
-15486
-3723
-31223
13053
-8439
4234
7040
20339
12421
-1165
-21645
-6941
29041
27004
-8066
-3461
-22661
24961
-23167
-28302
-28540
-25098
-23232
2433
32515
9
14603
2820
-22212
-17791
-18939
-15486
-28051
21781
-25589
25357
-17675
2121
-29167
872
31268
-16278
-31384
16202
-14999
2683
-643
-13949
28281
-29822
-13694
-9363
30474
13053
23306
26502
31871
10867
28040
-14220
20596
10981
-14479
-18820
1919
32635
-3461
25985
31873
3187
-17785
-19467
-29631
-16512
-26365
-24311
-24309
15620
31037
22402
12038
-26494
-28562
-32490
-18164
27150
29940
-7095
5906
-15256
-28635
-9110
1385
-15028
-407
21371
3710
16259
-8327
-32382
-14462
-398
7179
13053
-15606
17544
17546
12151
10378
12661
8055
10727
18546
4476
-12930
24699
-32133
14721
-32639
-2955
-885
-9997
-26556
8322
-14077
8202
22796
-32764
26175
-26236
28934
-13695
5233
-15337
525
6670
-16142
-9653
789
9578
1831
-406
30826
-12720
23658
-10886
-2947
3459
21625
24194
-15230
18548
3084
13053
-29173
-11384
906
12404
-4211
-31370
-26762
-28183
19826
-27524
5503
7035
-9861
8065
-32383
31086
-32111
-28941
2374
29310
4356
1035
11788
-20476
-25024
3462
-12794
-20862
20084
-19432
18701
-8690
5362
-6324
-19948
7270
-11991
17772
29800
12886
7786
14459
11902
-8318
-21639
17282
-15998
18286
25357
13053
-245
15493
-12917
-3980
-24688
25974
4214
-7702
-16014
-29060
9087
-4998
-23685
27521
16769
-23181
-24172
-31758
-25273
23936
8196
14091
21005
5
-13759
-12410
30727
15234
29812
16154
-18418
28688
-10512
-2483
20758
23401
18731
4716
-19350
26201
27242
635
18814
-24958
23673
-27262
-23678
-12173
12814
12797
-27636
-8313
6804
3191
9618
15735
14712
-8469
1139
22140
8063
-2438
892
12161
28545
-24971
21656
-2064
-1463
-19327
28420
-15349
-3315
19461
-19901
-28280
-10489
14466
12151
27419
19471
23568
9967
-9649
7961
27754
-9172
3437
-7829
9564
-23446
-7302
12926
-28798
-20615
16002
-9086
-12941
15887
12797
14093
-29048
-27761
18291
12948
-137
-31883
29165
32115
-22660
127
-18822
-2949
6017
18561
19824
7837
21489
-5046
28542
-16380
-24820
-20210
29189
29764
-24439
-30200
-7806
8568
-20964
528
14866
-13074
-13744
-21993
9576
31279
12142
32105
19552
-3990
1659
1662
-31102
-24711
21122
-22398
15729
-20976
12797
-32243
-11898
-10865
-3214
18575
8048
-1937
-25108
-23693
-17540
-8834
23162
-1925
9345
29825
-4750
928
-6670
20048
-19586
-24316
2060
26124
6149
11329
25222
15623
-14721
10869
15386
-8434
10512
-7185
-19888
27928
28521
-15061
-1945
29797
9822
1131
7803
2430
14210
-13191
25474
-10622
3959
-24303
12541
-7154
2953
12951
-18318
1170
12399
7535
-19731
-23693
-7300
28031
28026
-28804
-5248
19841
-18575
11683
5361
-19118
-21123
-30460
28172
-14835
-23035
-4543
-30075
1800
-23938
4473
25884
15632
6674
15598
-6832
23834
-30361
16428
-26778
-12188
28257
-7574
20603
26494
25986
3450
15490
-24446
-13455
-17646
12797
-19185
15494
11155
-401
30101
21616
21358
-30993
-397
-18564
22911
13946
3964
897
32385
-24722
12456
-1296
25940
-30341
-12284
-12020
-27122
-12027
24899
-22906
15880
23934
10106
4637
-10736
20498
-14867
-19119
-17383
21350
-21713
24936
32102
-1178
-4246
15995
18814
-1663
-23175
15490
-8318
13168
-26604
12797
17936
19589
-18789
15220
6040
25457
22640
-16401
-27788
-8836
26495
21882
18556
8321
11649
-25995
-10070
24558
-3241
9599
-13820
-17652
8976
13318
-15292
-16506
-5624
17788
4220
-5346
-18159
-3565
32491
6227
-18915
22122
15662
1894
-26011
-5017
23915
11643
19070
-3967
-10631
22146
28802
31861
-22507
12541
-30959
24200
-29536
-3981
-18021
-24206
-3214
-20751
-31116
-4740
10367
12410
25980
7809
3713
13424
5295
-20500
-22439
28028
8453
-18931
16143
14087
-3259
-16760
-17911
9596
20095
288
-32238
-7660
-29463
-20908
-7906
11623
-8911
28007
-1434
-32402
8555
13179
11390
898
-13703
19586
32642
-17297
-31721
12541
-30446
-7548
23708
19315
12956
30067
-20878
-26895
-22668
8573
23935
-135
23420
5761
11905
26734
-15437
-7956
10588
4731
-29179
3343
-27121
30215
-2237
-10619
30985
9846
-20097
30752
23059
-1516
16616
13397
16158
2662
1586
26726
-19356
10862
14699
24699
23166
-16767
-14727
26498
28290
21359
-18407
12285
-12013
-7549
12201
18553
32162
-14732
5239
-28685
629
13437
-28545
-13959
-17284
1665
1153
-29835
18100
-3353
16733
-10369
31237
-22770
-3056
10248
-14265
7050
-1014
-28037
-28798
-990
9749
-21482
-12316
5463
2852
21610
-5068
16487
-15768
-1163
-30613
32123
-31106
-28031
-647
24194
-29310
31346
-999
12285
32532
26502
-5462
27510
9126
27766
-3978
-1292
9077
4477
23167
-18823
31868
-2176
-28288
23664
22457
-21530
-21921
3452
262
-21489
25104
-23800
-3000
4491
14603
-19845
-13947
-11229
19221
-13802
1507
1625
-9948
30055
26936
25448
31846
23932
-32149
12411
19326
25217
-14471
13442
642
30314
-21220
12285
1302
-27007
-1366
3191
25770
25207
22134
-3595
-30091
3197
19839
23929
-28548
-7296
-3200
-13456
27837
-6684
2657
-25476
-26874
24592
-29679
31497
29258
13964
-10228
-8582
-14458
4134
17175
26137
-30240
-31910
10790
31848
31803
-26775
-4761
29057
-6293
8827
20862
-128
-15751
12418
26242
-5266
3615
12285
-3562
-5501
28342
-31878
-31828
-31881
-28038
-19722
-3211
18045
31871
-27783
-14980
-12160
-11648
-11660
-9281
-22048
32099
5503
3079
27921
25875
-30710
-24245
-8051
9998
22651
16777
24104
5145
-2277
-27428
-19108
7212
20074
-32195
-4503
16746
-18043
-12437
27003
28286
19073
378
9090
21378
-29328
-26592
12029
17944
2949
-1868
26487
-32080
23672
-28808
-23049
9078
8573
18559
3449
26492
-16000
-9344
366
-4924
27359
-25500
-15750
8712
-23021
13076
-28661
6478
-4209
14351
-2948
18317
-21462
-17638
32541
-17958
-8867
-8662
-19098
-3519
11116
-25240
396
-3221
13947
25214
-9600
-26247
15746
26242
2411
4132
12029
-27368
4737
28343
28280
1459
-2184
32377
11256
-25226
21117
-27777
-5512
-2436
-9344
-18048
24179
-7993
30428
359
27773
22792
24852
5910
-30708
21072
25745
12049
-4741
8334
-20692
-13541
32030
-27689
5728
-20946
19562
-14013
30316
26475
-23921
23404
-32133
-28802
-29056
2938
22146
17538
-32144
18470
11517
2586
15748
-14657
24954
12469
-14984
-26246
-17928
3447
-29315
27263
-24968
5757
4993
-18816
-30092
21707
-17960
-9366
-7811
9993
-27115
-16617
-15859
20050
-13934
-495
-18821
8849
-5074
-26595
4128
-22061
-17567
-3533
-21397
-24506
-30612
-7829
-4461
-29076
32379
21374
24448
7290
25218
23170
10352
6441
10749
30235
7812
-1861
-31626
26296
-15495
-30089
16377
10103
-29059
-21121
29048
11645
-29056
-20096
-12689
-28721
13272
-24468
23162
-5879
13591
19737
14862
-21164
14742
25106
-17283
4756
-19920
-5858
-19935
27090
-7581
-14031
13161
-9912
-8852
-30615
23448
-30612
-24453
-19842
3968
12666
6018
20866
9071
-6356
10749
18203
21379
30146
7547
-5445
18298
-16006
-13575
-20873
-18563
32639
21112
7293
-29824
-26752
-20875
5074
-30766
29806
14717
-19702
-30184
-1765
-12273
28246
5527
-27628
29565
-18027
31539
13345
4388
-8500
13925
31799
-2452
-16565
13165
-1429
31133
-404
-24197
21374
-10881
24954
8578
19330
-26505
24111
8445
-20964
17543
29894
10107
24763
13690
9595
-3079
-24201
-24707
29567
6008
23421
-32128
29056
-5003
-1836
3793
-27279
-30851
26891
6170
8220
27153
18777
27291
11798
31870
-18281
12086
-18909
1574
-22583
-32153
24123
-29587
16463
21871
-6034
-25185
-17812
30587
23678
-22913
17018
-639
2434
4468
27698
7677
-228
30342
1734
27769
25538
24700
-30854
-17158
9848
-25219
-17281
-2953
19325
-31872
-25216
-12686
24280
-19507
23923
11899
-3829
-4326
22813
-28910
-9383
26265
27415
10109
-16998
-21961
3876
16167
-19514
-21656
-20421
-21397
20562
4719
-32403
21160
1389
28283
30590
31359
11642
1666
12674
13937
25654
5373
14111
-18813
8653
-24451
-5437
6781
4990
1787
-5512
-26499
-21121
-5769
26237
-17024
30848
-16262
-2598
712
18295
19327
-18932
1308
-12769
-9452
4956
-7781
16410
-23172
10652
6971
26663
17450
-16960
31850
6468
-28560
-3245
-16530
-22416
-23380
32365
19067
-24962
24959
12666
17282
4994
31351
-22727
-260
32289
-21625
29136
-28803
21190
18045
20350
18683
-12936
-20611
-1409
-24457
19837
-32384
-29056
-20875
-28963
-5949
6522
-14724
14
-27619
-15841
11542
21853
-22627
15898
-16260
26015
6204
-25561
19498
18877
-2709
27205
-18067
-23465
29039
-2706
-10320
13933
30331
-12930
6783
5242
4226
17026
-6287
17213
-5124
-17886
17284
-11570
17277
-4919
7038
17278
30203
-7048
-8835
-9857
13431
-22403
19584
27776
-15500
5855
1984
-18310
-389
-30962
-227
-31456
11287
-3747
-13923
-28389
11133
-3170
13373
18217
18220
-18248
15725
-17084
-19091
10842
-10897
-24466
-18509
10349
-30341
-17538
-23426
17530
-13951
2946
13682
30783
-11268
-5598
2692
-30504
15234
25293
-23682
-8063
-17925
32121
-2691
-5761
14455
-131
10624
14720
-28294
-24862
17848
384
4991
-9713
28703
-28126
32027
-5792
-24161
14879
4732
8100
10561
556
22832
20913
7535
-20913
3441
-21156
17263
-18576
-19528
23661
-30341
-16514
-14466
-26502
-21375
3714
629
10309
-27652
22053
17285
-3622
14975
-5935
22399
4737
1276
-21895
-16259
-9857
-8842
-25987
11136
9088
13429
-28442
27829
-5757
-29317
22033
23073
12323
-28386
30306
-13664
-20448
-29828
18344
-15293
-19667
31794
-20819
-31887
-4527
-27795
-5536
26735
22894
25279
-2452
22139
-24962
21630
13946
-11391
-4223
13165
29516
30716
-4826
-2176
10717
7551
23509
-19073
23169
13820
-17799
-21379
-3457
20086
-20355
-897
9600
4213
-2839
1456
21640
25211
-1518
4643
4390
27681
-9628
-3423
20003
27771
-15445
23111
27697
7989
15527
-19597
-9643
110
30821
-30353
20591
25541
-30868
8827
-21122
-8323
6010
-20607
-4223
-6799
-19117
13564
-20183
13699
31716
-2686
-3626
-28032
9092
19452
4730
-5763
-11137
118
3710
4224
16512
12408
20204
-4186
-23923
-10884
1813
-14300
-23257
12837
-16793
28580
12326
-10118
16559
9547
-14285
-15305
24735
-28298
29280
-22673
-24472
15728
-31632
29897
25452
21371
-31362
-25219
14714
-14463
4738
-21646
-32679
-22533
-16084
15235
-2078
-29569
30426
19585
7811
26108
6010
-7555
31359
1142
-2691
4224
-129
11120
9454
13220
32655
-27528
10775
31271
9000
7975
-11928
-11611
27175
13435
23729
-3508
20789
17466
12956
-12169
27741
7019
622
-31119
14448
-12082
20076
13947
16254
-29059
3450
-19583
-18047
-12692
-30370
30203
21550
29055
17892
18816
26072
15487
18304
26620
-27014
15998
-17281
-21131
15486
-9089
-13185
31606
-15377
-16735
-3437
-32389
2329
12329
11563
-4055
-22165
22695
-1495
24699
-9807
22608
17465
-12484
10646
27770
4451
14448
-27794
-6031
12401
-10034
18540
23931
23678
7037
22650
-24191
-25215
-23949
23907
15099
24367
1412
-23577
-129
1496
-1412
26752
29948
-1414
15230
-30337
-23947
-29570
9856
-13697
-11916
2801
-6497
9371
-10119
-12776
4393
17706
555
26730
26277
29482
6008
18867
-32432
-10184
-9667
-17260
-9862
-8601
2414
6766
5230
-3986
4306
23404
22651
19582
6269
27002
-20351
-26495
6257
-28313
5883
5684
-29311
230
12412
-294
-21379
8828
32764
21627
26238
-10881
29301
-29570
-6785
-17025
24943
-3854
10142
-7011
-6795
-31461
29227
15660
-28627
28012
14245
-32724
-12681
-30538
20563
-19909
9792
-29807
-29828
614
-29845
22385
-12434
1132
7381
-27284
22395
32638
-14468
-29574
31361
-28543
6254
32110
-4614
4150
13951
16106
32640
-17187
15998
24704
-30212
8316
4734
-8321
6773
-21634
-16257
-3201
24181
13812
27029
-18783
-31368
15133
14125
-8402
-30670
-12946
22183
-20688
-10890
-26696
28247
21567
10564
-17272
-28546
27503
11887
-140
-6034
7279
2009
621
9083
24702
31612
-14982
29057
-4735
-2699
-20109
2554
31033
-27518
750
1665
30176
25981
29823
-29188
-21636
29054
10368
-14220
4991
-19329
-23425
12148
-3595
-4720
-23897
20344
-1761
-209
-17616
8503
113
1960
9012
-21642
19901
15963
-14526
6472
24196
25473
-8585
-11922
-15752
-16531
23917
21725
17773
26491
-22146
16252
-9606
21121
-32383
-13457
-16773
-32519
-6852
-15233
14061
-20098
26083
-14467
7549
-26372
6525
-24706
13696
-24972
-6018
-18817
23167
-22671
-30217
-26737
7596
2678
-2270
16946
9266
27706
-10638
5034
23606
374
-21311
7518
-28604
12361
-12160
-31869
15479
-8339
-3203
-18834
-1427
-22047
-32147
-31109
-26498
-6021
-21638
29057
11649
22382
31364
20985
-9921
16766
-8208
-11135
-6428
-21123
-14977
-27908
-26499
-8322
10624
28788
18815
-20609
-11649
3706
-15369
-12154
-22354
-14983
19748
-21198
3637
-29121
29556
29865
23611
20597
-5695
-26271
26953
4430
22393
-1916
18818
-19342
-22914
-13203
-19857
-5151
-4499
-16773
-23426
-26245
-7558
25729
-17535
-25740
-6267
3064
31553
-3199
-24847
-30847
19686
3197
-27010
-28420
6526
-12674
-15489
16244
16767
24447
-19073
24948
-25608
-5758
-16463
-2698
28966
-5324
-28620
22337
-12683
-1878
10812
-17035
12996
-28829
-17846
16719
-5259
-24442
20611
-28049
11394
11630
22382
-30236
20078
-27525
23422
-31109
1915
8065
-29311
-18834
24203
28151
-16061
13950
23537
-16256
24296
16254
-28033
-28676
26494
-6274
15488
11636
-25729
-21633
-16001
19315
16377
-4482
-10829
28278
23849
-21706
-29386
21572
4983
27563
-2755
-20875
-5180
-7835
-21940
13905
3441
15496
-31101
32367
-23931
-10642
-27282
6887
23662
-21125
-13186
14971
10875
21377
-20095
4463
9104
-18186
-19131
31358
-14348
-30587
-7448
21373
-9343
-28932
2943
2687
17280
28788
-12417
-24705
32127
-28296
-14855
-11913
17336
9337
6699
-18889
19256
-6583
17017
17580
-21182
1140
-12089
-28823
-32432
-15788
-23189
-119
-5490
16242
-15225
28781
1136
16872
-5778
-12421
-10626
24443
32379
20353
20609
-10127
28052
20213
-30903
-11393
19700
10626
-1815
15998
-8577
-27396
-32641
22911
-31872
4468
29311
-31105
32639
-6542
29434
20854
-23109
29301
14382
-20166
15160
17485
-26245
16048
18757
21365
-26167
-14997
-8878
29015
28263
-12917
-32115
-12433
-14966
-15506
-10386
-14103
15215
3708
6271
-646
-9350
18305
24961
2667
-23910
-2572
-27062
4732
