32080
-31728
13106
-1486
16406
14733
27396
-21739
-22500
-10212
-18947
-7130
14596
22901
5384
30328
-9355
-8703
14715
-18049
7551
29325
-26498
4993
-3968
7814
-15101
18115
-24010
-31095
-25674
30125
27054
19854
10863
-186
-18547
-22902
-11484
19828
-18040
-12921
-11063
-930
-1726
27272
-21945
5001
26248
-11000
847
32015
7474
-7372
-26603
-9844
-20988
4373
-13285
8218
-16899
4903
-27644
-28297
-23289
-3722
5496
-8703
-2694
23935
-898
-29043
3967
29825
-4480
-32120
-18429
-27195
-6602
10379
-19021
-3925
-30292
9355
6510
10311
5004
23946
-15836
-9358
9095
23940
-16436
-24738
-22459
-10360
30533
-23673
7047
5640
-30901
16398
-22736
-20429
-26605
20877
-20732
-28141
-25319
10777
-15107
-2523
-10493
4468
20487
30582
9843
-8703
27770
-13185
6271
21389
-23426
7809
19073
-26496
-19453
18634
16949
4231
435
-6742
13737
18054
-12692
-6843
-10618
5003
-9692
-5265
12675
9601
14544
18781
-7363
11652
-23741
13448
-16252
-21241
-9143
-17395
304
-3277
2323
3469
9988
29203
-24552
24600
-14851
6181
-7421
27252
4871
-32650
-19597
-8703
8058
-31617
12415
21901
-30850
7041
12161
27269
-22013
18634
-27085
29065
-8272
-9048
937
-17788
-1173
31301
-17787
-30582
21282
17007
24961
-1921
-25648
-26276
-22210
15239
-959
-26489
-15738
18183
19530
31757
6192
15668
24083
28300
31492
7187
3866
-26088
-14083
20773
2820
9845
-16378
9845
-1421
-8703
-1927
-27009
-1410
31117
32638
-6272
11393
-25978
-24061
-1077
8499
4490
-23634
-32345
-26713
29315
-13973
4166
3205
18826
7459
-12179
-1407
-9346
26578
30299
-23745
-28537
9536
23175
29063
775
-10427
7436
25390
-31948
20753
7565
18692
29201
-16618
-6890
-13059
4644
22787
10096
-11770
23413
-12432
-8703
-5511
-24961
-15490
-19827
19838
29825
17281
23936
-25597
21712
27185
15238
17837
12454
5541
19582
-1175
24901
-31104
-16758
-4575
-9878
1917
2684
-23339
5466
30775
-20093
7488
21895
22916
-29690
9541
28683
-979
-28365
-14576
-14964
-17149
-3568
-3562
-12523
-12803
-19933
32259
17011
30726
-23948
20338
-8703
29305
22399
3199
31117
30334
13697
19585
24197
-27389
14288
-32465
18057
-11607
-11869
-26715
23164
20329
-8124
29055
23690
-16865
-26007
-30083
12667
9686
-30375
-20167
-20602
-23235
31878
3462
-1019
19784
-20981
5680
-28106
11794
25486
7173
30482
-7401
17687
-12547
-18140
-21757
12149
3847
27767
-20875
-8703
25977
14975
-1922
-30067
17022
5761
10881
-19068
-27901
23505
32557
-30839
-11353
-27232
-17504
-13189
30824
16196
-25473
-8824
-21726
26985
28795
13177
-9000
23384
1594
27269
9535
10630
9862
-1019
-31162
-5110
7215
5175
-6896
18063
4869
13585
9494
32021
-12035
-15837
12547
12402
775
-27016
32115
-8959
-30344
10623
13439
-19059
11646
8833
17025
-28798
-28925
7124
-16342
25480
-6235
28831
-5217
12920
-30874
11331
6780
-26487
-31199
17767
25977
23159
15067
599
-7117
1668
27198
-16506
23685
-26363
-20154
-4342
-19154
8503
18961
23694
-29692
18193
-1002
12310
-12035
28195
30723
10869
-26618
-28041
-12171
-8703
-14984
23423
1919
-30579
29566
19073
10881
22410
-29949
16339
-19159
-22644
-16478
2973
2463
-17801
-3227
22339
19580
-15224
-26849
-23194
8826
-12169
-30501
21590
-13769
28040
-3269
-2939
32391
9989
31044
-9207
19758
-1736
-16369
6543
6917
7696
-20715
-9453
-11779
27683
17411
-25740
-22010
30071
19829
-8959
12152
11903
-4994
-24691
18814
24193
17793
12677
-30461
29142
20264
29578
23714
19101
-14435
-32398
-22939
-4028
-4488
-9334
-3040
-21660
25463
29299
14558
6742
28212
-13947
21564
-1658
26502
-7164
31554
28169
28205
1848
22287
-32625
-28156
28431
-30956
29971
-11779
21538
-2046
-2958
27654
-4489
31860
-8959
-21641
19839
383
-22131
-131
17025
14465
-18557
-30973
5080
-20955
31625
-22625
-18533
21148
-10385
-5532
20036
18807
18059
1311
6243
18037
-30350
-29985
-23980
-3025
-11644
-14022
-2426
-7548
-20732
-25022
15369
21549
-19657
19471
-10866
24324
9487
-2540
10259
-11779
22306
12803
7031
1542
-26506
-20618
-8703
29047
7295
-642
-883
-7555
-30591
32129
-29047
-31485
-29480
-6620
24973
-27492
-14951
4507
-18322
4708
16196
8310
10123
15390
-14495
-11404
-21391
30944
-13229
12083
24967
-9929
-15483
-6778
14852
21055
14344
-20949
24377
-13299
27791
25604
7950
22802
19217
-11523
23585
-8190
-27533
-4859
23671
-1420
-8959
-3466
-8834
-5506
-14963
-1667
20609
23169
-31357
-31741
3804
5155
10122
-357
16025
-8296
-1432
-26270
-2492
-4751
14476
-23779
23391
29552
-21138
21475
16978
28717
11908
19511
-18554
-4220
6404
-2500
29703
-25046
-14281
27660
-18033
-1533
-16372
-3056
-14577
-11779
-225
-19966
-7822
-16379
-12938
1908
-8703
-31114
-6274
-8066
-5491
26749
15489
-27775
-381
-31997
10974
-3552
11402
16280
4247
-8809
5476
-31391
13891
-13971
22156
-9445
11612
-5524
18538
-5660
31056
27690
13956
9269
11142
17029
-24317
12351
-25593
-2006
-20168
12045
-32625
21764
17421
1298
-15344
-11523
32
-10238
-10124
-20475
30583
23416
-8703
31862
-13954
-1154
-1395
30333
-20351
21121
13958
-32253
-22562
10016
396
24469
-18028
1175
-23708
2145
-19644
-16018
-13684
-24036
-16293
25197
11882
6374
-20401
-10196
-4220
19508
18822
5255
32259
22586
-28922
-11479
15161
23563
-23664
31236
-1781
-16881
10254
-11523
-22753
-30206
-16015
30981
1399
-22669
-8959
-23691
-19074
-7298
-16499
-30595
25985
-13695
30590
-32253
-22046
7966
1160
-13677
16531
24467
-21923
13151
-17084
-30872
-5235
31259
21592
22120
-10140
-536
7758
30501
3456
-16078
23686
-28030
18947
-31429
-21754
28714
24122
2316
22929
7940
-4852
-27631
-8945
-11523
17183
-25342
628
-14843
-20615
120
-8959
29301
-29314
-1410
-12147
26237
18305
31361
-27260
-32253
22752
12571
-6773
1425
-8047
12180
20574
31583
27461
-1430
8078
29466
20314
-19093
-2713
2024
-29619
-1242
30084
12340
-15481
31623
22275
21306
3846
1321
13113
-18934
-15472
-23548
16139
-13042
26893
-11523
-15586
-25854
-2957
3333
10871
19573
-8703
9845
-13698
-11906
5518
24701
28545
-22911
7813
-32253
-25628
8219
-1397
-12659
11663
-3439
13145
-10404
30787
3941
1678
-28134
-30123
19301
-23966
13803
-3253
26150
-19325
-4563
-18812
25987
-11774
4918
-26619
-8665
569
29961
-15727
29444
9994
30477
12044
-11523
5150
25858
24175
3589
-10121
-20110
-8703
-25996
27774
-21378
7822
2173
-13183
-17791
7295
-32509
19175
26137
29832
14987
-24179
14991
-13484
-18853
-27582
11104
-30322
29977
23378
4450
-2210
6637
24650
-481
25216
-17363
15749
-12927
-17150
-20427
25093
32551
1338
6665
-18287
8964
-32759
-17140
-15093
-11523
-483
27138
-19342
-5884
-1161
28534
-8959
6516
-29058
31870
-9843
-644
-17791
-22143
32388
-32509
-21273
-18409
-2421
7303
25994
-1138
-2478
-17318
29506
5727
20622
21015
15952
-9889
-1188
-12819
-24247
18721
20611
-8917
2949
5508
-27646
-716
9989
22311
-30919
-15608
-19311
29956
21001
21260
12043
-11523
15901
25090
-10638
-17148
-29321
3701
-8959
3956
23422
-27778
142
1661
-7039
27521
-12413
-32765
27881
5911
16780
18308
-11384
15500
12368
18521
-446
-26532
-21106
-13802
-13234
29533
15450
28399
4168
29215
-27518
14378
19077
15236
32002
29489
-7676
16422
30777
-8697
146
31236
30216
7435
-11510
-11523
-15076
19714
14448
-19708
22904
116
-8959
30835
29054
29566
654
-3716
-24447
-12415
385
-32509
3819
3349
-119
-30847
9607
20106
13388
17496
-21951
29784
-14962
-20459
-2997
2394
7001
-27152
-20154
-23781
26497
-32471
8070
-29307
24322
-17614
-15356
18470
-7623
2056
24210
29188
20232
31499
-5366
-11523
11292
22530
-30861
29188
5752
5238
-8703
3443
21118
30078
15502
-1668
-27519
-6783
-12408
-32765
-17942
13844
-12914
11645
28804
11146
22091
8535
-23743
-30632
-5234
27412
-2486
-18598
-8360
-14608
-30651
-3299
-26747
23590
-29052
9350
16898
-28112
-31740
806
14139
21255
-31598
-21500
-11257
-1782
-27127
-11523
12572
18178
18546
27140
-12169
-4235
-8959
-13454
12670
-30338
1422
-23940
-5247
5506
18819
-32765
20205
27155
-8053
-24965
20611
-25209
1096
25942
19521
-14764
28303
-18156
-20664
13144
-18604
-28942
22084
-20966
-25471
24101
-14972
4227
13058
-20179
14340
549
-12230
-23034
6035
-28412
-1274
3338
-30456
-11267
-30437
15106
-8848
23044
-1161
2676
-8703
28274
5758
-24962
7822
-9092
-6527
-13951
-27775
-32765
-24850
10514
29067
-32392
-6784
12421
-18365
15444
12609
-8880
-13681
11283
21317
25941
-8623
31219
-1982
-14313
-11904
10276
-30843
14212
8706
-8914
8708
-22235
-21701
-12026
-21102
-21244
6151
-6135
-13560
-11523
23579
17410
1909
13060
13686
-22155
-8959
-29070
-16259
24446
10382
-18564
1154
1410
32391
32515
-28434
23825
8591
-29836
-16002
-25468
-12478
4180
-192
-9648
-9329
1810
17477
18004
28241
-6669
16450
-14567
-27261
5154
-380
3718
4866
2348
-7677
-11227
-16065
-21754
31380
-13564
13319
-20470
16905
-11523
-27109
15362
-31118
22020
14968
-1162
-8959
-18575
3966
24190
1166
26748
-5759
-4735
3971
-32765
14831
-28657
30093
30836
14462
15233
17470
852
-3261
-12722
-31599
-11502
-18108
-1196
25168
-20748
-19391
-25066
-32383
-21469
-22137
-3962
8194
20266
-10749
-10974
21818
-4859
21907
27140
8198
23304
19207
-11267
13082
13570
-3729
7684
-24972
23153
-8703
27761
-16003
30590
6542
23420
-13951
-4479
11651
32515
-23056
-12529
7821
-6288
-901
14978
26429
-4783
17985
-18357
-19567
30224
12865
3407
-11956
23029
-13504
8725
15233
18976
19846
13445
258
42
-14333
-15838
30523
-16379
-12910
-28412
-2811
23560
18951
-11267
7450
14850
4722
-1021
6003
-29326
-8959
18545
-18563
20606
9358
-27012
-127
16258
31365
32515
26097
22287
29838
-4243
-25991
27265
28220
-1200
16449
6218
-14959
20240
-1473
31054
-21684
3574
-22977
2838
2946
-7139
-2940
16004
-1535
-20186
-29693
-24287
11067
15877
-7790
-252
30213
-32505
-9466
-11267
-17895
12546
-18834
-253
-28813
-17808
-8703
-12432
30845
18558
9614
-645
-10623
-2943
15485
32515
-1806
-31218
-30070
-1684
11385
18557
-3273
-4273
28737
-1467
16786
15888
17213
21066
24136
6903
-5826
-1775
-25219
20254
-4987
-32382
-1791
30500
-30461
3359
1335
-2044
-3697
-19964
-1788
3335
10758
-11267
10776
13314
15470
-8445
4466
-1170
-8703
-30608
26237
29310
8078
-3973
-11135
9602
25729
32515
6643
-5875
-10101
14954
-13706
-27266
-32201
-8370
4416
-24252
658
26894
-26821
-29111
8263
5367
-1988
8210
-19329
-10469
30851
6785
-3839
7458
27651
6687
-11210
-27388
-12146
6149
-28924
-31994
-21755
-11523
-16360
13570
-7826
-14077
27504
22382
-8447
-20624
-29315
-30850
10126
-6533
-7807
-4223
8833
32515
23028
12814
-18037
30310
-21644
-900
-6092
17998
27199
-4799
2449
-15602
24377
1863
325
-5385
25148
11538
11391
-25575
17281
-5761
-4863
-16354
16899
-22499
-3532
1796
-23154
17157
9988
-6907
16645
-11267
-9193
12290
-5015
-16637
30064
-31893
-8447
624
23421
23422
3470
-6533
-7295
21122
25466
32515
19190
19214
-13689
12387
-30351
15478
28464
-9398
4923
-24005
23438
-27891
-19915
-28350
-6848
1273
24634
24846
-15750
-10729
-1665
31356
-6143
-9186
15875
15646
-4298
-765
-371
-6651
4356
-19963
1285
-11267
-16873
12034
-10388
-20477
24944
-9875
-8703
3184
15485
22142
19086
10364
2178
8578
-17281
32515
-31242
-14578
-15478
27487
25711
14198
21296
-951
-22725
-25029
-4979
16397
7733
30529
-25537
14329
6458
-3825
-21891
5142
-14466
-19844
-6911
2334
13059
14877
-14795
-15869
-20595
-18171
-6653
30725
-4092
-11523
-489
11010
3693
-22013
10607
1901
-8447
-21137
12157
-27010
-627
3196
7298
13954
-14210
32515
11511
-1267
-30582
-31651
-15251
24692
26926
-32696
-28614
-5320
-8307
-11252
32051
-705
-194
-10247
4153
-10226
-17540
-2028
3966
-8324
-7679
32027
9475
-5093
-18636
-28669
24974
-7931
-23549
261
-20732
-11267
29975
10242
2922
-22269
-11922
-32151
-8447
14447
-31619
16766
-2675
-6021
-6271
-3199
10108
32515
-30217
5389
26249
-22181
-21396
-29071
-2261
17991
-18375
12086
15246
9483
31537
26173
15165
6650
22584
-10228
3195
-5100
-29826
4988
-7679
30748
9987
-28389
1590
-22269
-9846
-5371
-12541
-21499
-3580
-11267
-17897
10498
12141
-23549
9581
-15255
-8447
-25745
4477
21118
-22387
12156
5506
-1407
13188
32259
2551
13837
-23923
-30887
13163
26226
23084
29767
14907
3383
25740
16907
28210
25664
-25794
-4103
-16329
-11506
-26497
-19181
-11651
-25474
-7679
-25062
5635
-26341
7223
-31997
653
-29178
28419
-5628
23812
-11267
-22761
8962
30827
-25085
-9620
9321
-8703
23919
15229
19326
-12915
-18053
16770
6530
-26243
32259
-31496
29709
16010
-17834
-30615
20591
-14807
3654
16698
9013
-31603
-14581
28207
9788
-11974
-14086
19767
1805
24699
-20206
-1412
-27525
-8191
28441
3587
23579
-9163
22787
22669
28166
16899
-24316
17156
-11267
10519
8450
23658
-25085
-30355
-9879
-8703
-19090
20093
30590
-3187
-19333
-23422
2178
-31108
32515
-18440
-23284
24713
-11435
27496
-14483
14632
-30395
28217
-1486
-12915
-11254
-5587
18746
-14023
-7174
1334
-26357
-12934
-10990
-30339
10363
-8191
-21991
3075
-17381
-9418
22019
22412
19974
15363
31236
-12285
-11267
26135
8706
-29074
-26109
30828
15724
-8447
16239
16509
19582
1934
-19589
-31102
1922
-19583
32259
-20232
-22004
-30068
-22958
-15003
-19091
-10969
-6076
-9928
-22222
27533
18186
-27091
1849
25911
4347
-28619
-1268
13693
-6639
-31108
-25732
-8447
28952
515
-7398
3382
12547
-21364
-12794
4355
32004
5124
-11267
-18410
8450
-7318
-26621
-8340
-27798
-8447
11887
11133
15230
7054
-25733
17794
20354
-12933
32259
30457
5644
-17015
27474
12133
-4503
-19163
-14525
-31176
-4561
-7283
25610
-27605
-3017
22839
-30469
-17612
-20470
-8327
24081
-31876
7290
-8447
6680
-510
17690
32309
7939
-21108
-29690
1795
29444
1540
-11267
30230
9218
21866
-26877
18285
2922
-8703
-18834
15997
22398
-10611
-22405
29570
-4735
-26756
32259
22009
-12533
28297
-4528
-23708
-30871
-7644
-14014
-4041
-722
-19571
-30455
16683
-24265
17462
31995
3380
-24310
16250
-4848
-24708
-31878
-8703
-1001
-510
28698
-10442
8963
18316
11527
3
19716
-16125
-11267
279
9986
-13716
-28157
-26261
-12183
-8447
-24466
-132
17278
11406
-9861
11394
13954
-19074
32515
-25351
-20725
3467
-19634
12642
-2967
32548
18498
5432
-3794
24973
8458
-6358
-4810
566
-19205
-20941
-26869
4475
-7409
-12677
17274
-8447
-6123
-3326
-30951
-4299
-3326
-32628
12039
-13822
-3581
-22013
-11267
20758
9986
2409
-27133
9836
-1432
-8703
29294
2173
18814
-16499
23931
-3199
9346
11382
32515
17146
7947
30598
-434
-3743
14438
-8671
32065
-3274
28203
-371
11274
30248
-8397
7220
5372
28722
10249
8054
10256
-13701
-5002
-8703
24342
-3326
-27368
27445
-5118
25484
6919
-15358
-1789
-32509
-11267
14870
11010
3434
-27389
-3989
-26519
-8447
19310
3709
21886
-14451
-20101
11650
14466
-8581
32259
10746
-19958
-32375
-14005
-1185
-26266
-9951
-4033
-4810
10795
-21107
-9720
13608
7732
24115
4092
-19919
-23031
17273
-31729
-2694
6777
-8959
31765
-4350
10521
-24778
-9470
-24949
-10489
-20990
-8957
23811
-11267
27670
11266
-23190
-27645
-31125
14953
-8447
11886
-7044
14718
-17779
-24197
16770
22914
5501
32515
29178
-12022
8586
-9143
30558
-28572
24352
-15553
19768
-24791
12941
21257
-986
-19406
-32463
19964
-20943
-14071
-32391
-6130
-28806
30840
-8703
12052
-5630
-12263
-32198
-12286
-5495
-32247
-11774
10244
23043
-11267
30743
11778
-3224
-23037
-22160
32620
-8703
-22163
-10116
16254
-20339
-28549
-4735
32130
-9866
32259
-10246
-4599
-17274
24650
5215
17506
15134
-32708
-23755
-18905
-29050
9482
-18649
-4813
6705
-27396
32048
18184
-13195
8720
5754
27766
-8703
-13290
-5630
8731
-31943
-6398
-20338
-18424
-18942
-11773
14339
-11523
15639
12034
-20629
-24829
-29330
-14741
-8703
-5523
-11908
-9347
-22387
27003
-8319
17538
-24194
32515
27386
5385
23179
-24505
-22180
29029
20510
11584
-3272
-3031
-10610
-32503
6439
16434
19504
28156
15921
-19191
12667
-16881
24700
-30854
-8959
27415
-5374
-6886
26681
-4094
32654
12041
-18942
-6653
6147
-11267
-16362
11778
24171
-25853
-147
-9365
-8703
23405
-4740
15998
-9587
23675
15234
12418
-27522
32515
28666
17160
-3701
-23991
24670
-29848
2079
10818
-24004
21547
4754
-29686
27943
-462
32047
29692
-31696
13321
-9094
4368
-20098
24445
-8703
-19435
-5886
6938
-17096
-10750
-7282
-31991
-25598
31235
-1278
-11267
27670
11010
-3480
-25597
-17042
3434
-8447
18541
-4996
16510
-27507
18299
29058
32642
-7813
32259
-19462
-18937
20362
-32696
-23203
-2203
-29667
3392
-25798
17961
10898
9737
15910
-3025
-3794
-26116
-27345
-3833
-26247
-17393
10622
-10885
-8703
-16364
-6654
2330
-9416
-19710
3214
29705
29698
27651
-22526
-11267
-27882
11010
7276
-27389
-27283
-10901
-8447
-148
-23172
-131
-28787
20091
25986
-17790
-11646
32259
-10246
-249
4750
-9150
-28839
-16541
13596
31038
-3784
5927
10128
-3577
15652
-7378
-21717
-20484
-27090
-12792
15997
-29427
-14981
-17028
-8703
10003
-8190
-4072
17720
-28670
-24435
-2807
19970
3587
-30462
-11267
13078
10498
22890
-27901
29036
-13207
-8447
-19348
-13188
13438
-30579
8315
18818
13442
-31620
32259
-26117
-5881
-886
16192
87
6750
-16616
-11717
4407
32546
1679
-14585
29729
25130
-21464
4861
25389
15623
-10632
16140
1403
-392
-8703
12306
-8190
18711
27704
-30974
-1651
-32759
15618
3843
-16894
-11267
-23531
10498
13929
-27645
21356
18792
-8447
14444
-28548
-1667
28557
5243
17794
26498
-29061
32259
-18693
28423
12682
-18882
4949
21084
3096
25914
-29898
20513
20111
-15610
8736
-18391
-19159
9981
26668
-28666
19576
-4341
-27526
6263
-8703
-7406
-8190
1049
13369
-30974
-5492
12042
16386
3075
32514
-11267
-19946
11010
24173
-27901
17772
-7317
-8447
12140
32636
9598
20877
8315
19586
27010
10368
32259
-8965
-27129
25229
3644
22099
-15268
-4841
-18118
26166
18209
-26994
-30457
7712
-3287
1576
17405
31276
19975
-24966
20491
-3975
30841
-8703
-4336
-8702
9496
314
27906
-1652
8715
7682
-12030
25090
-11267
20246
10754
8297
-28669
19819
11113
-8447
-13205
-26500
10366
28045
-5254
12162
-20094
-6023
32259
14588
4871
-11383
31290
-2480
-2985
-31979
-8136
6198
-2019
8079
-29433
-21731
31782
4902
29181
12843
-18171
26998
-10998
6010
26999
-8703
1808
-8958
-26857
-5320
26626
1933
-15349
3842
-20990
16642
-11267
-3051
10754
-31640
-28925
-10902
-17562
-8703
-5525
31868
15230
22157
-5766
16258
31106
-20614
32259
13308
-4858
16778
-16073
-31922
-30889
-13548
4920
16181
-22243
-20594
-30970
-27876
9765
-18908
30205
18730
-18171
12663
19978
-26759
-31626
-8703
2064
-8702
-13800
-19910
25346
2700
28940
2818
-24318
7938
-11267
-30954
11266
24938
-29181
-20630
4458
-8447
-31637
1916
15998
19085
8571
22402
-27518
-22148
32515
21500
-21242
20363
-2508
32588
-171
-30701
-21193
18742
-18660
30350
-19194
-1253
6180
-24286
-30211
7722
-1275
-27273
266
25209
25976
-8447
-7408
-8958
-9958
-12735
26370
-25457
-10739
5378
-22782
16642
-11267
-6377
11266
30313
-25853
-20625
-19860
-8703
2923
19580
17278
14477
-16262
23426
-20094
10102
32259
30460
-5627
-12920
20279
24654
22101
-20974
13624
5690
-32740
31120
23048
15900
27683
18211
-24323
21290
8453
8820
-26357
18299
25974
-8703
-16367
-9214
-10982
-16832
26370
25743
-29170
3330
-23038
11778
-11523
-745
11266
-28822
-26109
-27537
28012
-8703
-17814
25212
3710
12429
-26502
-26494
-9342
-21637
32003
29436
-18171
-10869
-5837
-7862
-6827
20242
15159
20025
-25572
-3441
29191
-26597
31011
24354
-23555
15657
14597
11383
-21750
-31621
-2952
-8959
18962
-9214
-2021
-6335
26626
-27504
29199
3586
-25086
9986
-11523
-7400
11266
32364
-25853
26224
-26258
-8703
2155
24188
6526
-14196
-31110
22914
-25214
-17028
32259
-29444
27909
-5236
-22478
26698
26452
-6384
-20169
4410
26908
-14704
-7417
10779
24354
28449
-20227
23081
20229
-12681
-32758
-1414
1145
-8959
-3056
-9214
-31205
-13245
22018
-8559
-6897
-1279
31746
258
-11523
10777
10754
25960
-25341
-27791
12140
-8703
4971
7036
1150
-4724
-23430
18306
-13950
25976
32003
-22532
261
25226
-27087
-26807
5202
-6129
-8651
-31686
-13799
19601
-3066
-30439
21024
-9186
-17923
-30680
30980
10357
-26870
3708
-9609
-8959
19474
-9214
-23780
5188
24578
-31087
-28912
1282
-26622
9474
-11523
-19431
11522
17260
-25341
20593
-26258
-8703
-27029
28796
-15235
-22132
-12422
18818
-21630
12414
32003
-25348
-2556
26509
-2770
22855
-32686
272
-10187
-19142
-5862
-7536
-21754
-10471
13345
8224
-17923
26664
13061
-7560
2314
-19077
19834
-8959
-19951
-9214
7196
-6843
22018
-23151
-28655
-255
-32510
2050
-11523
-21478
10498
-10388
-25853
12912
8302
-8703
-10645
23164
31358
22412
-20102
-30590
-11646
5501
32003
-14340
-6140
-7028
-3538
14662
1104
-30450
-18124
20795
-488
12945
-26361
3609
26911
-7907
-15107
7976
-15100
-13193
20233
-12422
-16776
-8959
9999
-9214
-27623
3139
18434
3729
-27888
-7935
22274
-5119
-11523
-24553
8706
-30617
-27901
19308
19304
-8447
-10389
23164
14206
18572
-20870
30850
-3198
18043
32003
-11780
23812
-3701
-27861
7492
-26546
8205
-23245
25914
26903
-1645
-13307
-21738
26397
25116
-14339
-14555
-2301
-23178
-31480
-3717
-21127
-8959
-27896
-8958
17423
-5581
12034
-23406
6667
-20735
-4351
-28415
-11011
29195
7682
13164
32259
-7578
30823
-8447
7532
-29572
17278
19340
-13958
-13950
11651
-7293
32259
-12804
-30973
29072
11294
20790
-25788
14346
-1749
12591
-30958
-14188
1538
-17906
2580
-18669
-14083
-29926
29187
-2694
6661
-20107
29304
-8703
-4603
-9214
28680
-8917
11266
-23144
6150
-22015
-8703
-32511
-11011
-20471
7170
-6543
29955
17007
20592
-8447
-10133
8828
12670
20108
-10118
-17790
16771
21120
32259
-12292
20227
-3951
-5101
23851
3641
-32761
13859
-20953
28944
2711
25089
-17143
28686
2062
-13059
5911
3075
-14213
6148
-901
-22917
-8703
23813
-8958
-15867
-19672
10754
-29028
-2812
-22015
-9215
-32767
-11267
-31223
7426
-23437
28931
-18061
32370
-8447
30059
-13701
20606
5772
-20870
-22142
-5502
-28288
32003
-9988
18179
-28268
-6641
21030
-20684
-24058
-28388
-4061
3343
1945
23297
-4857
-2037
-29940
-12547
-22508
-17918
11133
-7165
-20352
24192
-8703
4101
-8958
-5884
-31964
11778
-15714
-21501
-22015
-9215
32513
-11267
-23543
8194
2170
28675
-1933
24183
-8447
-17813
-29316
-31362
11404
-10118
-16766
-3454
20871
32259
-7940
17667
-4711
7692
31265
-7119
-2811
-14057
-13791
-28146
24219
23297
-20218
-25334
-8950
-12035
23827
-12798
30337
-27133
19072
9858
-8703
-12284
-8958
-17404
-14043
10754
-21858
20484
-22015
-9215
32513
-11267
-27638
8194
-2443
27395
-10892
16501
-8703
29547
4220
8830
-4469
-24966
-17790
10371
25985
32259
-260
17667
27287
-30965
-4576
-20434
-31995
6421
-23009
-15348
19355
23041
5382
-30199
-5879
-11523
-6126
-30974
32381
-29181
-19840
-27009
-8703
-14332
-8958
4613
-5592
10242
-16996
12293
-21759
-9215
32513
-11267
23820
8450
18548
26371
22131
-29326
-8447
-10645
-3973
15998
-11893
-23686
-22654
14467
-29822
32259
3837
17923
25496
26890
19742
-6357
11269
14612
-4066
28683
10137
23297
-30715
4361
-28919
-11267
3603
32258
15741
-31997
-10370
3966
-8703
-23548
-8958
11269
24874
9474
-22117
-23035
-21759
-9471
32257
-11267
-4340
8450
-18827
25347
-10128
3698
-7935
-20117
-11653
8318
-3957
28282
-22142
12675
-14460
32259
5629
17667
-32103
16393
1052
-19159
-11260
23315
10527
-23030
-9320
23041
6661
27912
-3320
-11267
30226
31746
2174
31491
-3715
-6275
-8703
24580
-9214
-4348
-14295
8962
-8804
1798
-22015
-9471
32257
-11267
2061
8450
-22158
24579
-27279
24943
-7167
29291
-10117
-4995
-8565
12410
-13694
10883
-21635
32003
6909
17667
24726
-18936
4635
3110
27652
17
-25572
17161
15002
23041
-31484
26887
-2553
-11267
2065
21250
378
29955
-10370
-28038
-8959
16644
-8958
2565
15914
8706
-16228
7174
-22015
-9727
32513
-11267
781
8706
-20877
23811
11377
-18065
-6143
21099
-14725
17278
29323
7290
8067
11139
20355
32259
7421
17667
-13671
-23801
24856
31524
12804
7952
14877
-12792
24474
23041
11012
-12282
4359
-11267
8720
22274
9597
28931
-7299
-7301
-8703
14340
-8958
29701
-979
8450
32153
22535
-22015
-9727
32513
-11267
15374
8706
-20110
23555
-8082
14704
-4607
-6550
-28037
9854
-30837
17530
-1662
16771
-20606
32259
8445
17411
-8296
-14329
14616
5667
2820
10513
-1762
5640
14744
23297
6916
-24058
-14586
-11267
-13040
21762
-17285
28675
12155
27259
-8703
18949
-9214
14099
1860
8450
32651
18456
-20735
-8191
-32767
-11523
-22248
8706
20579
-29181
12647
32098
-6143
-15254
2172
20606
14219
-4487
-16766
-5502
23156
32003
9725
28675
13706
19728
24356
-25302
-17660
-12767
50
16392
28559
-11006
25607
29194
10762
-11523
-14822
22018
11631
-2557
-32654
-17298
-8703
12038
-8958
792
18503
8706
24713
20763
-17919
-6399
-32255
-11523
-21988
9218
-25498
-16637
-18584
-28826
-5631
-23190
-5253
3966
-14454
1402
32642
-28542
12665
32259
9725
-29181
-24692
18193
27429
-28882
-508
-30684
-8140
9993
27533
-14589
-16888
-32756
30219
-11523
-1251
31490
-28047
13060
-29583
8560
-8703
20998
-8958
-30951
-28343
8962
-24440
16157
-16383
-6143
-31487
-11523
6942
8706
-26009
-9469
18793
32103
-4607
26218
-3717
-11907
-13430
-29831
-20606
-18814
-21129
32003
10493
-31229
652
-32752
-29149
3117
-17148
9508
-11723
27400
-372
19972
8968
-19189
-32245
-11523
-3811
24322
9328
11780
10097
-25233
-8703
-12795
-8958
18201
2634
9474
2953
26910
-16383
-6655
-32511
-11779
18462
8450
23397
-509
-21399
-9115
-2047
5482
-10885
-5507
-31094
-25223
30594
387
27509
32003
10493
30211
-31606
-13041
-7134
42
26116
11043
-20939
-24313
-32627
9732
-30457
-8182
-28406
-11267
21533
19458
11631
7940
-3472
7534
-8703
-6139
-8958
30745
23371
9218
22408
9247
-14079
-6399
-31743
-11779
-19426
8962
-19608
1028
-11415
-6809
-255
16234
-23429
-17795
29578
-17287
24962
-2430
-11396
32259
10749
30211
-7794
19982
-1505
-19671
21764
8739
-25546
29191
18060
12292
18695
25098
-8695
-11523
-8676
23042
-1166
1028
-31888
20081
-8447
4358
-8958
2844
-27313
8962
-29814
-4319
-12031
-6399
-31743
-11779
15648
8450
25704
9476
-8341
-6039
3842
18282
-31109
-899
-8055
-8583
18562
-17278
-3209
32259
11005
27907
-17524
2318
6687
21544
2564
12578
-11467
-10234
2956
12293
-21242
-30455
-14328
-11523
6173
17410
26991
772
30833
-12689
-8703
-4347
-9214
15133
-18864
8450
-21365
22051
-10495
-6911
-31487
-11779
-16864
8706
-2201
14340
1389
24682
7426
-20887
28539
-10115
5258
-26247
-28286
5763
29559
32003
11261
24323
-11636
-13300
6430
-5850
-10749
27425
-24010
18694
-2932
3077
16902
-15608
-19193
-11523
-9700
15874
29551
-3581
-17550
9328
-8703
8198
-8958
25885
12626
8194
-18806
28451
-7679
-6655
-31231
-11779
4385
9986
-9877
14340
1387
22123
11522
-2199
-27781
3454
9098
-21127
-24702
-6782
-13445
32259
11005
24835
-10097
-25845
15388
26406
-17405
30241
3128
6150
24716
16901
774
19464
-2553
-11523
-7908
17410
-13199
-8957
-3727
-21391
-8703
32518
-9214
19230
19796
8194
17548
-17627
-3071
-5119
-29183
-11779
-6111
9986
11625
-29948
14957
-8086
15106
-25751
13179
-10627
-631
-28807
24706
2691
-22409
32003
11005
19971
-18291
-30196
-738
32040
-18685
13859
-25029
-28154
-2161
10758
18182
-24568
-23800
-11523
5405
14338
-23697
2564
-908
-29582
-8703
16646
-8958
26398
2388
7682
-14196
9510
1026
-3583
-25343
-12035
-4575
10498
-8088
-11516
22381
18027
20482
-26263
22395
-20611
-18039
-29063
13954
-17278
16505
32003
10749
19459
23182
-30197
-996
24359
-27645
23842
-5830
7686
21392
8966
-9211
29960
-21753
-11523
-27108
15106
-22672
-765
5492
-25743
-8703
17158
-9214
11039
-11179
7426
20108
-28634
5890
-3327
-25599
-11779
-31198
13314
14955
-18684
11629
13421
24834
32617
22907
-20867
-6775
-22663
-18558
-11646
26491
32003
10749
19459
24207
-24310
-26853
7206
-31741
20002
12604
-21499
13456
-763
-25595
-17657
-25594
-11523
-26340
15362
-26255
-6653
12148
20339
-8703
29189
-8958
20766
-10922
6658
2445
-12505
5890
-3583
-27135
-11779
-9694
11778
-3481
773
-10131
11883
32514
-6808
20859
-15235
32137
28793
-14974
-14718
-30861
32003
11005
18691
29835
14090
2331
-16094
21507
17440
5435
2565
1169
29190
5
-2810
13062
-11523
-4837
12802
5485
-11005
27508
32623
-8703
-20475
-8958
-15330
-31402
6914
-22388
7464
9986
-2047
-22783
-12035
14115
12290
-3480
-2044
621
-16023
-22782
5225
-6022
-4995
-26487
27257
-29822
-7294
-4744
32003
11005
18435
-21618
11529
-1768
15907
17923
-30176
1339
1285
28560
17414
-17916
-19706
-32762
-11523
13595
13570
-5521
-15869
-16013
28528
-8703
-15611
-8958
-13025
-18601
7170
-7541
-17622
14594
-767
-22783
-12035
-9181
14082
-17559
19973
16237
-22933
-13310
7273
-4230
1150
27529
21113
31362
-3710
-1671
32003
11517
18435
-10098
29704
30999
28706
14339
20768
-25796
-18428
8336
7687
-32252
32518
-10747
-11523
11291
12802
13424
-15613
-12429
-21903
-8703
-27387
-9214
-15329
-30118
6658
7822
11307
16386
-2559
-25855
-12035
8484
11778
16486
23557
28782
-6552
2819
-21144
9851
-12163
5513
20857
-14718
-12670
6774
32003
12029
17923
-31348
-27384
25111
-15328
7171
30495
15676
21508
27281
-18682
11012
-23803
15621
-11523
-20710
11778
13934
-14845
4468
32623
-8703
-16379
-9214
-5344
2906
6402
-26227
5932
20738
-1791
-24575
-12035
-12764
13314
-27799
25861
29806
5996
15363
-920
2683
-29827
-10104
27001
-31614
-3198
-12677
32003
12285
18435
-19569
-15609
28693
-8672
5635
-8673
15421
18180
-17776
1543
4868
-17915
-4604
-11523
4379
12290
30833
-19197
15988
29042
-8703
-6395
-9214
-25823
92
5634
6542
-15571
17922
-1791
-22527
-12035
-732
13826
18537
12805
12653
-14998
23811
-14232
21371
-11907
-5752
13945
-25726
17283
-13190
32003
12541
19203
31887
25095
16661
13088
1795
-17889
-19395
5380
-1391
26887
-4861
8197
-17916
-11267
-6886
11010
29808
-20989
-19851
-9102
-8703
-252
-8958
-17889
2651
4354
-11122
-28116
11266
-4351
-27135
-12035
-4318
11266
6502
14341
18027
19559
-20989
-27800
1659
-6787
-3704
24185
-11134
643
-6792
32259
13053
19459
31630
30726
10003
29212
-2046
-28387
-13252
32515
-6253
-18938
13059
19972
-22013
-11523
31512
10498
-26001
-26109
19317
-14990
-8703
20741
-9214
-2784
-12197
4098
-29555
20013
18434
-2303
-24319
-12035
-6621
14850
32617
22533
-4759
-31384
-3581
-14488
-13446
28541
-31352
14201
-15742
-1662
7297
32259
12797
20227
-4462
4358
-22255
8222
-1790
22558
-10947
-25597
-13166
-8954
26883
-21244
3076
-11523
17945
10754
-17037
-27389
-18573
16756
-8703
-31227
-9214
-22494
5470
3842
-21620
6705
30722
1026
-20735
-12035
12070
17922
-9625
-17147
-22422
-17816
7172
29032
2171
-21123
-21112
20089
-20350
-7294
32378
32259
13053
22275
16271
26374
-5102
-13795
-2814
30495
27712
31747
-29294
-26104
26883
-27644
13060
-11523
-14310
10242
7536
-23293
17781
-12685
-8959
14085
-8702
12064
30811
3586
-7287
6961
-29182
4098
-14591
-12035
1830
17922
-26011
8198
18281
-26010
-31740
21352
-5254
-14211
29832
1913
-14462
-13438
13688
32259
13053
23555
2701
262
7442
-12772
-4350
-6626
7232
22787
-2670
-6392
12291
24836
-4093
-11523
-25830
10498
-32402
-26109
-11661
882
-8703
261
-8958
-31456
12123
3074
-29048
-30927
-18686
6402
-13055
-11779
15654
24066
31081
12294
-17561
-12696
-7164
25960
9595
3454
11656
17273
-12670
-13182
27259
32003
13053
25603
-25713
28165
11024
1819
-5374
2078
25151
11523
4754
-17144
-1534
772
30723
-11523
25369
10498
112
-29949
31088
7536
-8703
-26620
-8958
26399
-26277
1794
7305
306
-20734
5122
-14335
-11779
-14811
24322
7014
7174
4200
25446
19461
-32152
-902
-1667
19848
-8072
-25982
6019
16501
32003
13053
24835
-30324
8965
-31729
-11753
-6910
-24037
23870
-5118
-20590
-31480
-21502
-20733
25347
-11267
10264
9986
29292
-31485
30832
-20371
-8703
-27900
-8958
21280
-11172
3330
19593
2098
-11518
8706
-8959
-12035
17958
25858
30054
20742
1129
21863
261
11880
-8838
-12675
20360
23673
-11646
12163
14456
32259
12541
24323
2446
-13052
-20466
-22506
-7934
-21220
-23488
-510
17299
-15608
-9214
-13053
12291
-11523
29976
11010
4463
-29949
3954
-18064
-8703
31748
-8958
-4577
-29603
2562
392
17204
2307
13570
-4351
-12035
-23769
-25598
25703
-26362
-30362
30822
-32250
-26520
-8070
3710
-10105
21369
-14462
131
-17545
32259
12797
29187
24461
30468
-32755
13845
-7934
5659
21822
-18942
22928
26377
28162
12547
-18430
-11523
13592
10498
22125
-32253
10862
-2964
-8703
28676
-8958
2592
-30883
1538
5512
1335
9219
15874
-511
-12035
19240
-29182
-19357
263
16999
-23708
26119
18792
-10374
-1923
1672
4985
26242
16259
-3985
32259
13053
32003
9353
25860
9741
32275
-8446
15897
17725
-30974
-29552
32266
18946
3843
-15870
-11267
-2025
9218
-27544
32003
-26002
-30871
-8447
-31228
-8958
-27103
-19874
770
-20345
28215
18435
15618
-2047
-12035
8745
-25854
-25755
20999
30055
7013
-19961
20328
-16006
-22915
-10873
-1160
-18046
4739
-22667
32259
12797
-31741
2188
1540
-3317
-7149
-8446
16154
7230
-28414
-3185
-30966
17922
-1790
-23294
-11523
31768
8450
11628
31747
24174
30828
-8447
-29948
-8702
-222
23648
770
21895
24122
-27901
23810
5634
-12291
-30678
-14078
-21658
-12281
3944
22374
11016
-16792
-8070
-7555
-29049
-2696
-25726
18563
-28810
32259
13053
-25341
-32372
-5373
14091
6930
-8702
-4583
23870
26882
9615
-6645
10754
-16894
24578
-11523
-17640
7682
9836
31747
14958
-1429
-8447
28676
-8702
-6622
11105
514
30599
21819
-23293
28674
23554
-12035
-15830
-17150
28514
13320
-2201
2403
4361
24168
4475
-22659
31879
-11144
-21630
2691
-15759
32259
13309
-23037
-14455
-19197
-12790
31504
-8958
26393
10302
19458
4495
13580
2562
-25086
14338
-11523
-29928
7170
-19351
32515
-23698
31339
-8447
-15868
-8958
-31708
-17567
1794
6023
23869
9988
-28158
30466
-12291
13612
-5630
-21659
6921
-19353
16230
-32246
-11160
13179
-10115
12167
633
29058
6275
-22409
32515
13565
-17917
27276
-31485
-759
27665
-8958
-1255
27966
20226
-24690
21005
2818
-23806
19458
-11523
-27879
6914
-7060
31747
15981
27499
-8703
-14844
-8958
-12764
5731
1794
1158
13631
27140
-23806
28674
-12291
8749
7171
17254
27145
-19353
16998
30475
-24472
-10118
-15747
13447
10617
-8062
-3710
28021
32515
13565
-8957
-12661
22275
-1272
7695
-8958
4889
13631
11778
-15475
-3827
-5631
27650
3842
-11523
2841
6658
28779
31491
19821
22891
-8703
-25340
-8702
-21979
14948
2050
-8571
-3008
29444
-23038
-24318
-12803
10542
1283
-24733
2826
10599
-3741
-30708
-18584
4475
15230
-4730
6265
-10878
1923
-17294
-31997
13565
-1789
-7287
10755
29704
-20467
-8958
-27624
-8386
7682
-19571
16911
-10495
15106
-5375
-11523
-4072
7170
-2967
32259
22637
3179
-8447
-8956
-8958
-11227
-5532
3074
25220
-1983
-8188
-16638
-20990
-13571
9007
30979
-16794
14858
-12955
3941
-4083
-5016
-646
-14211
-9594
23417
-11902
-10878
21882
-31229
13821
7940
-14963
-1278
28167
-8691
-8958
22552
-29121
6146
-28020
-2546
-12799
16386
-8703
-11267
19993
7682
-22163
31235
-18069
-3732
-8447
-3068
-8702
-17883
22630
5378
-3200
11588
14853
11523
18691
-15107
-25297
-20221
-30876
-29430
19813
28515
26382
-8088
-134
-13699
-11386
14969
-22398
-8318
27252
-29181
13565
24068
-20342
-1022
24839
-8693
-8958
-28903
-6845
4610
13964
-3824
-13567
15106
-13311
-11523
31769
8194
-18838
-32765
27501
-30357
-8447
-10748
-8702
-7897
21351
7938
28291
-29881
-26875
7427
12547
-17411
28721
-7165
-23965
-6645
23141
-158
28434
-31384
-5254
894
-17786
13177
28034
-894
-31118
-26621
13565
-27900
-31351
-10238
-14586
18443
-8958
32280
16705
2818
27020
5394
-17407
3330
-20223
-11523
-6887
8450
1385
-32765
-27797
-23191
-8447
5381
-8446
-3801
-4248
15106
28546
-4792
30726
-25341
-17149
-23043
307
-14332
-14489
-3316
-15516
15974
-12524
-30872
-7302
-11651
-17530
23929
-17022
11651
14710
-23037
13565
-7932
-23669
-16126
1286
32010
-8958
3352
-27582
2050
-23925
5395
-18175
2050
-22271
-11523
-21734
8706
-25750
32003
-26263
-29591
-8703
1541
-8190
-25560
8298
19970
-32382
29771
-9210
-6141
9476
-27907
10803
-2812
30820
-26610
-1179
-2716
-20202
-18328
-4230
638
-25978
19065
-27006
-4734
29551
-18429
13565
-2556
5768
-18686
-24059
23048
-8958
25110
13890
2
-6773
16148
-20479
-3839
-27135
-11523
-30951
8194
23398
32515
-20887
-666
-8703
22277
-7678
-13272
23402
27650
-17534
23116
-29945
3588
-20476
30973
-9677
13829
-28828
-14833
2918
14436
7450
-13208
-1158
1150
902
14201
-27518
9091
-20367
-11005
13821
-2556
-17272
-22526
-3324
-12537
-8958
-2795
-7615
-511
-23157
23828
-21247
-6399
-29439
-11523
-1000
8194
-17817
32515
15464
3942
-8447
-15355
-7166
6955
2669
30210
-6782
22351
29192
18180
4868
17661
-1739
16902
31335
-13808
10599
13671
-7653
-16024
-9862
-18051
6790
15481
-9086
-3966
-32141
-5373
13565
1797
-19319
-23550
-32764
30215
-8958
11798
-30141
-767
-24182
-24299
-20991
-7167
-30719
-11523
25881
7938
4456
-30973
-24217
21862
-8447
7430
-5630
-19669
25198
-23294
28803
20562
21513
-10236
17925
6141
-15818
21510
-669
-19182
23400
16741
20767
-4504
-26246
-6275
-1915
-1928
-29822
-12158
-17045
9220
13821
17669
-31867
-24574
30212
29446
-9214
-25067
-30653
-1535
8331
-490
-20991
-8703
-32255
-11523
-17383
7426
-22941
-27389
17000
25443
-8191
19718
-4862
28461
-11921
-19710
-6014
-22189
-1015
11013
-23547
-9220
-20168
-11258
-5275
13076
26728
30054
20514
-12184
-27014
-7811
-31867
28025
-3966
2947
-25487
22788
13821
-29947
-9336
-25086
8452
-12538
-8958
29206
-22972
-1535
19082
-1513
-20479
-7935
-31743
-11523
19994
7682
-4250
-24573
-13209
-8347
-7679
-16890
-1790
11311
7283
-7166
9859
31318
-6646
-32763
16390
27132
15674
-2297
13159
-15084
25960
-11673
-7388
12137
-11910
126
26757
14969
-13438
1411
11634
-28412
13565
-11259
12937
-25854
-5885
16646
-9214
29206
28742
-2047
-16503
20249
-19967
-8959
-32511
-11523
-19942
7170
13927
-22781
-4249
25190
-6911
-26618
-254
27183
32115
-6654
27011
-1448
16395
-24059
18438
9724
-26053
-29689
10339
23829
-21144
3171
-27097
-16024
-13958
2686
14213
29305
-10366
-638
12398
-7420
13565
8198
16518
-25854
-11773
-15611
-8958
31509
-30906
-2047
-19831
8986
-19455
-9215
-32767
-11523
-14566
6914
-17820
-20989
-9113
-1181
-5887
25607
2563
6451
-10631
26627
3716
14171
-20979
13831
-4089
-18693
-11459
13065
-30872
7704
20587
-19350
-26583
-32663
-19078
-1411
5509
-31879
-16510
7043
-1931
15109
13565
7686
-8054
-26110
-15613
27398
-8958
-9706
29001
-511
-19580
17436
-15615
-6911
-31743
-11523
-18916
8194
-30615
-10493
-7575
-22679
-4863
14088
8451
-10701
-24968
-28925
25731
27230
-17907
9223
21256
11771
-1730
25610
-15257
22809
-18071
-19096
-25041
17257
-13446
5246
8325
19065
-19326
-3198
-19086
-20475
13565
-6138
8841
-26366
-28413
-13563
-9214
-16617
-8119
-767
18057
11806
-16383
-8447
-31999
-11523
-21732
7682
17255
-8701
-5528
871
-767
22024
11523
-6860
-4999
-22013
-26749
19296
-22002
-29177
27144
-4358
-30400
266
-12187
-17638
-15767
27750
-462
28009
6779
-12675
-1916
-17287
-6014
-18814
-17040
17414
13565
16903
-15225
-26110
32515
-23803
-8958
27928
-13238
-1023
19849
3359
-14591
-8447
-31999
-11523
-24547
7682
12646
-3581
29289
4455
2562
20489
15619
31542
-23174
-15101
-30334
9058
-17137
-6393
21512
-6151
2370
-16885
-23191
11804
-8087
28777
11063
-29847
-5510
4734
20612
-27271
-17534
6787
29816
-24826
13309
-18169
-117
-26110
22787
-27131
-8958
-23528
-10421
-767
-25720
8224
-11775
-8191
-31999
-11779
-31202
8450
25962
772
-4504
28521
7682
7945
23555
-5833
5501
6660
21635
31076
-22256
30984
-16375
19961
-958
-12532
5736
-13795
18282
-21144
-25287
-23959
-11654
3710
17284
-30343
-20862
-19326
3699
5895
13309
5128
137
-26110
23043
517
-8958
-13287
8526
-1279
-6519
22050
-10751
-8703
-31743
-11779
10015
8194
30311
8964
8298
21352
11778
-31991
31747
-25800
7806
29444
-31613
1126
-20719
9481
1034
-15880
-27324
7181
9319
31
31850
30056
-21699
-17559
-22406
-3971
13956
-26247
-22654
-9598
-25998
-4345
13309
31496
27016
-26110
16643
6149
-9214
-31206
-7602
-1023
25738
26403
-7935
-8191
-31487
-11779
-481
8962
9831
13828
-27798
7785
18946
20234
-23549
-23238
-13953
-7164
-22654
616
5139
-4087
28682
-27657
7238
11536
26987
-6113
17258
5483
11329
-18839
-10118
7550
-9853
28281
-18302
-13182
-24970
25864
13053
16905
-10358
-26110
14851
7429
-8702
-18405
-3248
-1023
-375
29989
-4351
-7423
-30975
-11779
-32736
10498
15465
16644
30570
-28823
26370
-12534
-4605
32059
-16256
32261
4739
5739
24084
24075
-8948
-15882
22855
8720
21864
-3550
-21142
7785
22597
-9879
-4486
11390
-23421
-11399
-28542
11651
25968
32265
13053
-16119
26247
-26366
13827
-13564
-9214
15131
18770
-1791
10379
13607
-1279
-6399
-27903
-11779
-28127
9474
-23451
-28924
3946
-16026
-28414
10507
-4349
61
16513
32005
-32382
-10132
11797
10763
17164
1014
-29880
-16624
15720
-23004
20331
-20375
10313
-4247
-646
12414
-31101
31865
-7806
-8318
-2446
20746
13053
7946
7304
-26110
10243
-764
-8958
31260
30803
-1791
2186
5160
2562
-6399
-28415
-11779
32033
9474
14183
-14332
-29334
23656
-16382
21003
19972
5950
16771
-251
11650
-3986
12822
12812
-14579
3316
23626
-25581
-28822
-18139
-30358
32106
-28084
3434
-12422
-387
-32637
-30087
-27262
-26494
-27788
-15350
13053
-7926
14217
-26110
7683
-14332
-8958
-1764
-4524
-2047
18826
4394
5378
-6143
-27903
-11779
-16862
10754
-30616
-12796
-8855
-5017
-5118
18443
24324
-9664
-8569
30726
27268
-24464
-1769
-22515
26382
-12045
-4789
30995
15976
17960
10861
-31382
26957
106
-7046
-16771
23939
31865
-22910
-15230
-8594
-10485
13053
-23542
-22394
-26366
11011
-23548
-9214
31776
-3237
-1535
18573
10796
14082
-3327
-26623
-12035
5924
11266
15462
16645
9070
-29079
-510
-8692
-23292
-11201
26757
-6906
19074
-29838
1305
13070
26383
11762
-10164
-22252
7785
-31448
32107
-6807
-684
15210
14715
5758
11395
-14215
7298
-29054
19059
1549
13053
-2037
24200
-26110
5123
-4092
-8958
1822
-11433
-1535
-30582
1068
18178
-2303
-23295
-12035
-3293
12290
24423
8965
-5526
-7320
29187
-28659
-4860
-3775
-2938
7943
-8063
-2956
2842
18702
13839
-26896
12110
-23017
-7831
-27606
-24725
-18326
-23464
-31894
-646
29054
-11134
25977
27266
-15998
-13197
-5875
12797
-24820
-24184
-26110
5379
-10748
-8958
6431
-32423
-1791
-30326
-13267
23298
-1791
-22527
-11779
11300
14338
-31641
26117
-23446
-26007
-18429
-23283
1797
-19903
17031
-31993
-18046
-11658
-9190
-9202
6673
22000
4943
-12011
27238
3884
23660
-17305
-23972
-22934
4987
18814
-19582
30329
24706
-28542
7536
15375
12797
-8692
646
-26110
7427
-2556
-8958
22303
-6567
-2047
4491
12079
26882
-767
-17919
-11779
-25052
12290
-16283
31749
-2198
-5274
3076
4367
29957
3140
2185
30216
21378
-650
-6628
2576
-3055
29678
26192
-7400
17002
-16082
19821
-29076
-31648
-15766
17531
894
-26750
-23175
21890
-4734
-5514
6160
12797
-29427
32137
-26366
5379
9989
-9214
18208
-11686
-2303
32650
25903
-26366
1282
-16127
-12035
-16603
17410
-6039
-6139
-9622
-22934
26628
32013
27909
29250
-6778
1288
20864
-30089
-7653
1552
-18672
-31506
-11184
17690
21097
-22484
361
11367
-24995
-9878
2171
-6787
24194
-21639
19074
-6526
9586
-2544
12541
28686
-3450
-25854
7939
10245
-8702
19743
-26022
-2815
11914
-17105
31234
514
-21247
-12035
23589
18434
2919
-19451
-12696
28774
10756
-31732
32261
-31679
26245
-27641
23423
-28553
18715
29199
29713
22511
19537
6680
-9114
1069
29287
10085
11874
-12694
23163
7550
19586
-10119
10626
-24446
20080
-17902
12797
14351
25221
-26110
4611
-17148
-8958
17950
18775
-3071
7561
13360
26882
-1791
-20479
-12035
4645
17666
-24731
-17659
-25497
-9372
-26108
-10994
-5627
-9917
30598
25864
-15235
-16263
-31971
-3312
8722
16109
10578
8731
-663
13870
-26265
12392
-14235
-10902
21627
21630
13442
-10631
19330
-6270
31863
-6381
12541
25872
25225
-26110
2819
-12028
-8958
-25569
857
-2559
-2681
-976
-21502
4098
-16383
-12035
-20699
23554
-31895
-5115
16231
-7577
-1532
20494
31494
-30652
-7033
-12536
125
20092
1566
26129
-17645
31723
-4782
-3044
20839
-16849
-20890
8550
30057
20075
8571
18302
-1663
-25735
22658
-26494
26480
27669
12541
23569
22917
-26110
3587
-30716
-8958
10784
-8615
-2815
-22649
28467
-20734
4098
-12031
-12035
24358
23298
29029
10246
18791
-7067
26373
5647
-19194
6469
1671
7177
-9348
27774
25631
-17391
18451
20714
22612
-8164
-16794
-5327
16743
-28059
-13970
3691
3707
-5251
2690
-19591
-31870
29314
-3217
23319
12541
14354
-26748
-26110
4611
-26620
-8958
-29153
-23206
-2559
-32633
5172
-11262
4866
-14335
-12035
3623
26370
7269
20486
-26522
-7837
3590
-13809
-26105
6729
18574
14091
-15234
21120
13859
29461
-13802
16615
-28842
11042
-22420
-10189
-20376
-16021
23663
29803
5755
9854
-28799
-2439
25730
-32382
-25739
16408
12285
21522
-10872
-26110
5635
-30460
-8958
-28637
-1950
-1023
-19575
15671
23043
19458
1538
-12035
3369
-24318
32361
-4858
23401
30058
15110
5136
-19961
-8121
-3959
28170
-20101
-25982
16162
-16621
-27371
5862
-6314
15906
-24473
16181
-5785
-15258
7029
-4502
11387
21118
-22911
-3719
30850
15490
-26772
2842
12541
25108
11139
-26110
4867
31236
-8958
-24800
-13988
-2303
12167
-18121
5635
10242
-6143
-12035
9256
-30718
11875
-8698
5735
7011
1031
-30192
26120
3913
-8055
-29685
28283
-13180
-477
278
8216
228
25432
-2014
-14489
-1482
-5273
24166
28026
-32405
25979
21886
-31871
-19335
13186
14210
28015
20508
12285
-29931
-5245
-26110
6147
31492
-8958
22561
-17827
-2047
2694
-19144
16387
16642
-1023
-12035
3881
-26366
-22428
2823
30822
19044
-11513
12817
-24823
12618
-30068
-28916
-17286
-2170
-27611
-10986
1817
224
22362
-15064
-9879
-21448
-6553
19047
16254
-5269
20347
25470
15745
-7559
15490
29826
-9616
16926
12029
4375
1669
-25854
7427
29700
-8958
-11231
-5793
-2559
24197
24122
23811
16898
2306
-12035
-27350
-14078
19557
17159
-29595
5988
-30712
20242
20234
26955
-6771
5902
-12677
14218
-18649
-29928
16155
-27426
6492
21033
-4762
-12995
-4246
-19097
14981
-20117
22907
23678
-3456
-2695
7554
15746
11113
-10720
12285
-17385
-128
-26110
10243
22788
-8702
-480
-14497
-2047
8837
-19652
-29949
24322
17154
-12035
28202
-14334
-20128
24072
-2971
-26016
-1527
17172
-3574
24653
-9841
-19954
19580
12427
2602
-22503
-11493
-22053
3934
15403
-30871
-1985
32107
-22935
18570
-6549
19835
-32130
-11648
-3463
15746
-21886
-7057
1059
11773
-26600
10372
-26110
13571
32516
-8958
25378
-15521
-767
4228
22845
-1789
32514
28418
-12291
-29653
-510
6756
-18168
22373
-27294
7179
20758
28684
-2225
-24943
20241
-9093
27534
-15316
-31204
17952
-26409
-26273
-15824
2155
26691
-28565
14699
15502
27500
-28805
22142
-17792
6010
14466
17538
28016
31781
11517
-23527
22660
-25854
16387
-27900
-8958
1827
32353
2050
-18813
7743
25604
-16638
-9470
-12547
32044
15619
32356
-12279
26469
11108
7692
-18154
16397
-7344
16530
27665
27516
-5744
-2003
3357
287
4310
97
-23762
22887
11590
-7828
20840
-23661
18796
30075
-23682
21376
1914
16258
-22142
-29332
11561
11517
-14310
4482
-25854
23043
-26620
-8702
28707
-32670
2050
-13693
23104
-26364
-15102
-20734
-12803
23597
9987
-31134
17418
19558
11874
-31219
-6887
30222
-26028
-9067
-4846
27261
-22638
-16848
4383
-8926
18385
25443
-11469
-25237
3657
18285
-26004
-617
-16532
27771
-28290
12672
15738
-127
22146
3957
-27861
10237
22299
134
-25854
-32765
12037
-8702
-26330
24165
5890
-2941
5443
20741
2051
19971
-14339
-1234
-28157
-13721
-27893
-29592
4968
-6386
-18406
3088
-17322
-5737
5396
29821
-1131
-11214
-27872
-24541
-19763
22885
29496
21868
9802
16236
18540
-4709
-13460
-31621
31102
5760
20090
-7039
18818
12146
-28370
8701
-32228
-3452
-25342
-26621
20229
-8958
26152
5992
7938
27525
-5050
-14075
11011
8451
-15619
-29392
-9213
-19098
3340
1130
-5784
9232
21787
-5104
-18856
21402
-29419
-8834
8599
-22987
-1502
-29659
-16950
-19354
4663
-2453
-14770
-27537
-4499
7839
-4500
24187
22142
-14209
19322
-383
22402
26994
1586
8445
26908
22149
-25598
-15101
15621
-8958
-13270
-147
12546
13704
-5561
-25594
-29181
-26621
-17667
23602
772
-8089
-16115
-405
26474
23825
-19939
-238
30553
-23655
-15081
-18308
-15975
6968
-26844
-16089
-14395
-28568
-21186
3439
24656
-7827
27246
-1371
21357
-32645
32126
-27265
17274
7042
23426
23928
-25548
3837
-22497
-6777
-25342
-15101
-30715
-8446
31017
5227
14850
-9596
-11448
-13306
-28157
-17661
-22019
-5838
-15612
-663
13
-23960
-31127
-18669
-25058
-26604
-26789
30107
30489
-7044
-2916
11066
-7642
-8407
12226
22378
-12479
13933
-14253
6767
-13970
29866
-32147
-31109
-14722
23935
-2951
-12415
11394
29810
30777
509
-11232
-32380
-24830
-1533
-23291
-8446
10283
-32147
17410
4230
21324
11783
-14077
-9213
-26115
18484
-14332
-1434
-19698
24426
31081
-20971
-6369
-16363
-19108
-8548
32538
-7556
-10083
-11205
-19417
-15574
-21826
20843
-26815
-28564
-29097
11376
3439
-26960
-26259
-20869
-30338
15231
13178
-1919
-2687
-10127
3133
-2052
5666
28548
-24318
7428
-6651
-8190
21291
31342
22786
-7803
-9140
-21241
-1789
9476
-31491
-30924
-1532
22374
32015
-1431
25703
31256
23073
29207
23902
22685
10268
-19588
15774
-12227
21545
24621
4280
-13972
23881
10097
12376
-658
-29071
27825
19565
-22149
24958
-24450
15226
-5503
12930
6262
-11203
-13828
8739
31878
-24062
9988
-3579
-7678
-31700
9839
26626
2438
26189
1544
11268
-22780
21757
-29387
-20475
-11928
-3057
28265
-32663
-232
-7904
-22247
8544
-25441
-3556
-20612
-7774
-17601
-12759
32557
-24140
-13202
23627
11886
12124
-21393
-18322
15031
21869
-29573
-12162
-21378
10106
12418
-9855
-914
26692
-19460
-6364
-19838
-23038
22020
-9467
-7422
-22484
19825
24066
20102
-8368
19976
-2045
11268
13821
7222
-11771
-24220
9745
-5783
-16282
3356
16163
-2020
29282
10144
1056
18044
-25946
-29630
17965
4658
26030
-32144
-4786
14446
-672
-20369
13935
20158
25453
-32389
-27522
-24706
19578
-28799
642
22130
-5046
-31748
28966
-28029
-22526
-31996
10758
-5886
6958
-23950
-30718
-18555
10578
-4088
32260
-10748
-4868
5175
28678
-30618
27410
-15511
1128
21280
-10715
-27359
-6300
32418
18467
-1158
15019
14663
-21968
14645
-346
-23693
5978
-14481
-18589
3695
8304
-13117
-21396
-31621
-13954
-10115
32122
-8063
-2431
26739
-17327
8700
-31191
-1661
-20990
-19196
-25082
-2814
-11729
16501
-21246
29060
-6314
3082
-1020
-25339
-32516
11833
-30969
-7834
-26605
21864
7271
15396
-26843
-13277
19814
-24925
-24540
-11141
-338
21577
21810
16439
15522
17781
-26790
14956
-3737
7792
9582
14024
19820
17787
19326
-9859
12154
-32639
1922
-20117
14936
-8197
24875
-3969
-18174
2565
29702
-1534
-24272
-23946
-22270
-7804
-3751
26122
773
-30971
11260
5690
22791
31586
-2796
17513
23140
-22745
-13272
16679
16744
5285
-26073
3451
12720
-14516
-16075
22074
8348
-4745
-22946
-29074
-20117
-30352
19056
-7732
9580
6523
24702
-24451
23162
-17535
-8319
17009
-932
31483
-11219
-28542
-15614
17157
13319
3075
7730
-14729
-8190
-19069
-24228
-19701
-11003
-30202
-22277
11324
-31480
31333
18198
-14744
-8090
-16853
-23253
-3287
-31125
30887
26666
-902
-30287
9296
21049
23357
-27500
-16519
-3739
-31120
-27026
-20878
-26509
-16947
2668
8059
23166
21629
16250
-27007
-17279
-3725
-30111
3579
-22994
388
-10750
-18171
-22009
6915
9782
21117
18179
14725
30815
-1011
7175
-30457
-6406
-31426
-8951
-14489
18969
16491
-8855
-6868
809
-5848
19817
-12124
28968
-23176
-21581
-8114
25655
19260
-26472
6778
10081
-27542
25197
-21139
-30102
11729
14956
10363
23934
8317
23418
-25727
-3199
-23187
-23193
31739
12595
11647
-7934
-21499
19207
5635
1076
-2439
771
-24956
-19105
-26356
15110
-19962
21243
-6339
4361
-14237
32536
-1946
26467
7984
-23508
10542
-14741
-7260
-2260
-15497
-14668
7251
-25028
-6591
-11632
-12421
-22424
-23187
20592
15982
10861
23252
-28820
-31877
15486
2173
-18054
-16511
-12159
22388
-5525
-12806
26933
-2687
-5630
-1019
2824
15363
-1739
-13701
28419
24451
10337
9230
23815
-32760
30714
-14273
-26614
11111
22553
-9114
-18075
-26829
28206
17713
11631
27046
-13009
10871
-3656
-4011
15422
7747
2443
-28802
18032
-23698
-2446
11374
-31123
-24105
-7572
12923
28030
-29316
-26246
-32639
-20095
26736
26482
11002
-30152
16256
3331
28166
30216
20227
-6857
13437
-26621
-12414
-11931
-1522
25863
-10489
-17927
-22207
4620
29285
-10725
-12952
-27546
-25545
10032
20022
-27537
27815
29235
-15498
-2629
-16807
20290
6216
-21114
-32384
19312
-21140
30840
8814
27756
-15396
18541
28795
-20866
19836
-17798
29313
25985
12910
-27526
-5127
-14789
-10626
7427
775
-18168
-32509
-28105
31613
-1789
-31359
-22169
-21232
-25080
-20983
6137
-1982
-29172
29283
7453
23142
-15261
21566
-8397
22332
-654
12201
15672
21109
-12096
-4770
30534
-22709
-20866
-15997
17533
-5264
23676
-659
-26514
-15392
27501
-25221
27262
-23173
-21894
-31615
-20863
10869
29059
-6920
23360
20610
13571
-31225
-9975
-13309
5946
26496
-30716
-16257
-23189
-31982
-22263
12811
-14857
-26811
18448
29799
27422
26469
8550
27972
1331
-11204
22388
-4694
21560
23414
2242
-11425
8775
10827
6012
-19324
-23426
28015
-14722
5999
-29586
482
-19091
-21125
-31618
-2437
-4486
-29567
-29823
-11153
24197
26872
5953
10623
21507
-12793
20745
-14077
1594
22143
20996
26496
-5780
23058
20489
-7159
19959
-7355
-14833
-23452
-19680
-17050
27748
-17338
-28364
4160
-31627
-20822
8251
-22923
12227
18018
27209
-3763
-22409
1926
20094
-17042
17282
22382
-28051
22500
1902
-6021
-27778
-17541
11643
21889
-30079
-5778
-26230
-5641
-18622
17022
23043
7176
-4599
-2301
-25286
-24449
-17148
-21377
26733
25619
-1015
-26869
28150
-3770
10768
22884
27938
13670
11365
843
16183
19270
-31113
-22101
-25793
-3980
-3901
-3483
-5043
-12974
16239
648
-18295
-7822
2437
-9106
15730
-16154
-26258
-14981
-21378
13435
5755
17793
-25215
-10126
25998
10230
10822
31872
-32509
-18168
7434
20996
19772
22658
5893
21887
13168
-18156
-8694
-20469
-29964
-21432
23827
-30874
548
-26522
-2202
-12721
6711
-28088
21880
3756
31809
-28556
-15928
25704
-20401
-2989
110
-13175
9354
26479
7560
2158
26734
15336
-14738
-27525
-22658
-1670
-30853
24961
14209
-28053
31124
-2827
-29112
31612
-22781
16649
9738
31236
-7620
-31358
20485
24959
25203
31509
18955
268
15860
7242
30483
-31390
-15324
-411
-1182
-2222
23865
-14517
-14983
7341
-12989
32629
14532
32361
20562
9560
-17052
-20086
-31863
3440
-21880
-1171
-21906
-14873
11631
-6021
-16258
-9862
17019
20353
13441
24176
-9320
-15372
12873
-22914
-14077
-19959
17931
-15356
15680
-31098
14086
-13440
22899
21016
-2291
16399
-18959
-30133
19988
22630
7719
-17305
17255
23890
-28102
-24239
15228
-2130
-22968
15987
15309
31087
23894
-25254
-10654
-20595
-24169
-12175
23439
26222
31600
29164
-19601
-11141
-642
-28806
10875
18049
-32127
-11152
-16227
2547
-4787
2942
-5885
10506
-18165
14853
19007
10629
13062
-10115
9080
24856
4365
-17650
10993
10829
4376
-18843
-2265
25445
16996
15453
