10518
-2501
10242
21898
9485
-11775
18178
-11263
-11267
10262
8194
-1687
-32509
19305
-4761
-8447
-27798
22396
-10371
17037
31354
-24958
31618
10112
32003
-17668
18182
9103
30767
-27833
30289
-9200
15667
-22476
1047
-9076
-28924
13590
-13539
21532
-19715
25383
-12028
-24200
4360
9847
-1417
-8703
32123
1920
7957
9275
9730
23178
-6387
-13823
11522
-14335
-11267
12054
8194
21095
-32253
-8088
10854
-8447
13418
19324
-16515
23693
-30854
-22142
-21886
6522
32003
-10244
4614
-27765
-18386
10823
29517
-26609
-19663
-3277
-1260
29069
-19964
-7404
13851
7195
-16387
-16346
6148
17013
-28921
-25481
-30347
-8703
-16006
-12929
-16876
21050
10498
8074
11278
-15359
9986
-15871
-11267
-20203
8962
26726
-31741
15976
13156
-8447
1386
13948
-12931
5517
29818
-27006
-23934
6265
32003
-11268
-15099
-11638
-6356
-8636
-29364
-20722
-31440
-7117
21780
-8564
2564
3604
30234
17434
-16387
-29915
1796
23924
-27129
28534
7028
-8703
-19334
-10369
30997
-13509
12290
22665
7438
-15103
13570
-14079
-11267
24598
9474
-9367
-31997
10599
-3738
-8703
12650
13948
-9091
-16500
6522
20098
-8062
29052
32003
-9988
-21499
-884
1835
-23486
-25780
-11250
-24016
31796
-15852
-19572
26116
8212
27163
9499
-15107
-12507
18436
-8587
4615
-26251
7797
-8703
-29318
-24193
14101
-8388
11778
-28279
1551
-16895
7682
-18943
-11267
28182
9474
9318
-31229
4968
22885
-8703
-16023
10620
-3459
-3956
7290
24962
-15998
-4748
32003
-5636
30725
23177
32042
25154
-20152
-1012
30511
4916
25106
13965
-19196
-22254
-24296
-15080
-13827
-7132
-30717
30833
519
15734
-13454
-8703
9338
-18561
-15084
-16069
12802
-15223
20495
-17151
6914
-23551
-11267
24342
9986
9062
-30973
19303
30307
-8447
30057
5756
10878
-884
-135
16258
-11902
-27016
32259
-6916
12805
-6006
-26840
14656
-14265
31244
-10961
307
1810
3469
29188
16658
-8169
-18922
-13827
1060
-21245
6772
-15098
-20619
370
-8703
-7047
-28033
-1772
12861
13826
15241
-19953
-18175
6658
-21503
-11267
-14058
10242
-29593
-30205
30055
28518
-8447
27241
18812
10366
-18292
12922
-32638
-22398
-27527
32003
-5636
15109
24459
8230
2878
28230
268
22830
30003
-24303
-14196
6148
21009
26391
25367
-12803
-8669
-21757
-11405
24582
7028
12402
-8703
-24199
-11905
-5350
14663
16386
19599
24339
-12031
18690
-17407
-11523
28953
10754
8552
-26621
-4754
16491
-8703
-14744
-17029
-22659
-10868
-3719
27266
-28798
26742
32003
-5892
-28156
10122
2344
-18881
-19643
17675
31793
24890
-27886
-19313
-7163
18964
12314
-745
-12547
-25819
27907
20851
-6393
26234
-32651
-8703
633
19839
19481
9284
16386
15501
30738
-16639
7938
-23039
-11523
-22248
10498
26984
-26109
-30611
-9110
-8703
-2968
-5765
-17027
-23924
6522
-25470
-16254
-20870
31747
-6404
-32764
19084
-18395
-29891
24648
31755
-27857
-20170
-8431
-27250
4357
7698
-14570
23574
-12291
1316
-26621
30580
5639
-30088
26742
-8703
-136
23167
-22759
-5052
16386
-884
-32493
-17407
8194
-24063
-11523
4121
9986
12393
-26365
8301
-14486
-8703
31592
-16261
3966
-11636
8058
28034
28290
-902
31747
-4868
29188
-26996
-29404
-26053
8775
-24054
-3538
-21449
1041
-25970
12037
28433
-24042
32277
-12035
18724
26883
-23180
-18938
-22665
-31883
-8959
22392
10111
-13032
21317
16386
-20851
5908
-18943
5378
-25087
-11523
15129
9474
-24731
-24061
15213
-32410
-8703
5992
-11397
-2691
24972
-7559
27010
-26494
19063
31747
-4356
17668
-17014
-14301
13116
25156
4106
9518
-6602
-1265
18319
-19708
-241
11029
4629
-11779
4387
3331
-7566
-16378
-8841
-32397
-8959
1144
21375
28185
22853
16898
21133
25108
-18687
6914
-26367
-11523
13593
9218
-3480
-23037
4205
106
-8703
11368
-6533
-10627
21900
3450
18818
-13950
8574
32003
-4612
11268
910
31009
6969
-957
-24311
9774
16440
-3825
-24690
21764
9232
13077
-19437
-11779
-11742
23555
-25482
28934
18295
-25994
-8703
-6793
16767
-19943
8519
16898
22413
29973
-19455
5122
-27903
-11523
2330
8706
-10136
-22269
10860
-15511
-8703
-11929
3708
-7811
27020
-10887
-18302
-20094
25722
32003
-3332
6148
19596
2848
-5321
19778
25865
-32211
56
-1010
4495
-3068
18447
16404
-3566
-11779
3874
-254
-12173
17414
-6282
-29068
-8959
11895
30847
21785
29510
17410
-11379
-22763
-19967
4866
-27135
-11523
11289
8450
26215
-19965
-21907
-27287
-8703
-29081
-14469
-3715
29068
-20871
-23422
-13950
32120
31747
-2820
-6141
-25205
2335
-18634
-32704
-30200
4140
-3529
14862
-15985
12548
13070
15891
-5102
-11523
-31711
-11006
-398
3846
17527
-10124
-8959
-2442
-386
10522
19784
18178
-9588
1558
-19967
4098
-28415
-11523
-743
8706
14443
-18685
26733
-12948
-8703
-19609
-22661
-1923
16012
-14727
22658
-5502
10623
31747
-2820
-6653
-17521
-31972
-12493
12352
3848
-7381
-24776
1550
10639
12548
-12787
-29934
5394
-11523
5153
-1790
-31882
-17147
-27274
13943
-8959
-10634
-7554
4122
-20152
18178
-28787
-4329
-20223
3074
-29439
-11523
21786
8450
-25752
-17917
-10388
31593
-8703
12647
-30597
-6275
19596
-29575
20098
-20606
-30087
31747
-2308
-15357
18316
-4581
-10958
-10436
18951
23850
20536
12556
-2161
14084
-12532
12049
-31984
-11523
16928
-23806
-16782
-25595
-30602
18036
-8703
5494
-14210
13850
23369
18434
28302
7448
-19967
3074
-28927
-11523
29722
8962
25192
-17917
8302
24426
-8447
11879
31355
-21891
12684
-26247
-20862
-5758
4217
32003
-2564
-23293
-1909
-23782
18225
-28100
-506
-6103
-29640
7692
18064
7940
30220
31504
31248
-11523
-30177
-24574
-11662
-23035
18551
-30348
-8703
-651
-20866
6173
-19890
19714
-29553
-1255
-17919
9986
-27903
-11523
17180
9986
-403
-14077
-8337
-18064
-8703
-4762
-29573
-8067
-7797
-22919
-24446
-2942
382
31491
-2820
-30461
28048
19993
-12752
27196
-1786
-28373
-19140
-12020
18833
-7420
2318
-10990
8209
-11779
-16352
-14078
13430
-14075
12921
24441
-8959
-30091
-22146
19483
-19892
19458
2191
26394
-20479
1794
-31487
-11523
22811
9730
31080
-15613
-5010
23660
-8447
28774
20859
-31107
396
-25223
-30590
-13182
-32395
31747
-2308
-31485
23435
4120
302
13368
1542
-18392
7481
29194
14993
31236
-7414
11278
-14579
-11523
-30946
28674
1904
20741
-11401
-23693
-8959
-4748
-31106
-28645
-22707
19714
18575
16923
-20223
2306
-31487
-11523
-21477
9730
-27032
-13565
-5779
18795
-7935
-28058
28795
-22403
28043
-20103
2947
9091
-29575
31747
-2564
31235
-18292
16150
6700
26680
-6907
12072
-5832
20234
-3696
17412
-31222
17934
27149
-11523
14110
31234
26738
4869
6007
-16012
-8959
-2188
-24962
7196
27726
19714
22671
-16100
-20223
1538
-32255
-11523
18204
9730
31849
-14077
-12180
-30613
-7423
27238
20347
-12675
28043
24185
-11646
-18302
15483
31747
-2564
29699
6030
6165
-30422
-11466
30981
26920
-23495
26377
-23663
22276
-4855
8461
-21493
-11523
10270
30722
25459
-6140
-23177
17014
-8703
-26764
30590
-32741
14927
18946
-17777
-27363
-19967
-255
-32511
-11523
7196
8962
16997
-13309
-27027
-10903
-7167
-8603
7547
-10115
22923
7289
-13694
-19582
26484
31747
-2308
25603
19338
-2541
26409
-22221
17925
31526
29241
-23288
4754
11012
-3064
-8693
-3317
-11523
16925
20738
-22673
-10236
-29832
18548
-8959
-8333
15742
8731
10831
19202
14223
6430
-19455
1026
-32255
-11523
-229
9218
-15513
-10493
-24468
28521
-5887
2406
32379
-23939
27531
16249
-26750
7555
-10631
31747
-2308
24067
5517
11794
26919
-16589
3845
-3035
22330
-29176
-17775
9476
-3064
21260
-21237
-11523
-21732
24578
-24206
-26620
-9097
-21643
-8703
628
-27266
3868
-31920
18946
-4210
-12001
-18687
770
-32767
-11523
-24804
8706
12392
-9469
18027
8808
-4863
-27547
8571
-23683
22667
3705
-1662
-4990
23930
31747
-1796
23299
-21363
17169
-11995
27954
-21756
10022
5947
-4601
-4975
-29436
17672
-21749
11018
-11523
-28644
20482
-29838
31492
15735
-9100
-8959
11891
18814
-6373
-22448
18690
-12146
-11488
-18431
-255
-32511
-11523
30492
7938
-2717
-2813
-31637
1639
-3583
7269
9851
28797
395
3449
-18302
-10110
-4234
31747
-1540
20995
-22645
-9200
7205
-8401
28164
29989
4155
9479
-22638
-31740
-26873
-26870
-10487
-11523
5916
16386
-16272
28420
-16265
-11404
-8959
-29326
6270
-27876
23121
18946
28046
-13024
-17407
258
-32511
-11779
-3812
7938
-6042
-2301
20330
26471
-511
-32411
12411
-25731
10635
7545
3715
-3966
11646
31747
-1284
20995
3983
4367
18978
16688
21252
-15579
24890
19207
29330
28420
-32249
-23798
15369
-11523
23836
19458
-29580
18180
-21898
9846
-8703
-29070
5758
28
-18096
18434
23437
-6111
-16127
-511
-32767
-11523
6941
7682
13414
2052
11625
-29850
1026
22885
-1414
-22659
-4726
13433
-20862
3459
-29319
31747
-516
19715
-32116
23310
-9696
-30931
6148
-8924
-9669
-28666
9875
-14588
-2810
-11255
-4088
-11523
16155
14850
-20879
13060
-14730
29812
-8703
18546
-2435
-31715
8276
19458
-115
31779
-12287
2562
-31999
-11779
9502
8194
-32154
18180
-31125
-23960
4098
13669
13691
-28035
-13686
7289
-13182
8323
-22152
31747
-772
18435
5261
21006
23585
21292
-4605
-3803
12093
-22010
-9837
-32507
-25337
5643
8713
-11523
17436
15106
25970
25092
23416
26741
-8959
1138
-2435
-31462
-16305
19458
12426
-2783
-13823
-767
-31999
-11779
-7395
8706
-13465
9732
-22425
15719
7426
13669
-12166
-22403
32650
10361
31362
-1150
-8580
31747
-260
18947
-9586
781
12062
26667
-9213
22307
18491
2310
-16494
24580
12294
-22264
-31993
-11267
-10982
16130
-23949
5636
-397
16500
-8703
-22159
-13955
13338
25168
18946
-31094
-12765
-13055
-1279
-32511
-11523
2590
8450
-29340
10500
2920
19301
11010
1893
-3462
-29571
-26742
21113
-13950
-1918
-23690
31747
253
18947
24459
-17140
20254
-31704
-19709
14626
-2758
32261
13715
-22524
-9723
-1785
2055
-11523
14362
12802
-16529
4868
10100
8817
-8703
26481
-19843
3610
-21681
18434
13194
21540
-12799
-1279
-31999
-11523
-20195
8706
-14493
16132
23400
-10140
15362
-11932
9339
27773
-22134
17017
-31870
-8318
21878
31747
509
18435
-8822
6412
-228
-19160
-23293
-21727
10554
30213
-8558
-20476
-25595
-4857
-11258
-11267
30745
13314
21615
-253
-8333
-29584
-8703
7025
-5507
-20967
9296
18690
4233
12836
-9215
-511
-30719
-11779
25374
9730
-2970
11524
-15514
-9115
19202
-19356
-14982
32381
-25462
11385
-12670
10883
-30089
31747
1021
19203
2956
-8950
7706
-21980
-32253
11552
10295
-4092
-8305
-7932
3845
18183
20230
-11267
-18664
13826
-21393
-11005
8049
-30097
-8703
-15760
29309
10266
-27824
17922
-9848
-2779
-8703
-1279
-30463
-11523
-28898
9218
-26269
16132
4199
8293
22274
-31644
-4998
-26243
26762
-30344
-18302
1411
20592
31747
1277
18947
-13177
17418
20249
7712
25603
10014
-13259
26628
-25969
-6396
30212
13574
-23291
-11267
26904
12546
1131
-13309
13425
19053
-8703
27248
-28291
-8423
-23729
17154
-6777
-3290
-11007
-2047
-31487
-11779
-16610
9474
-23454
14596
-2204
29793
31490
-30876
-18310
-24963
12426
1657
-10366
15747
-14989
32003
1533
19715
30601
17417
-16105
544
18691
-11747
17717
15364
28302
-6140
19716
1798
19973
-11267
11800
12802
-13204
-17661
5488
4462
-8703
20080
25213
-12518
26961
16642
14215
5929
-7935
-2047
-31999
-11779
27423
9986
-10141
15620
-7068
24419
-28414
28004
-12678
-24451
26506
6521
-7550
-6526
-140
31747
1533
20483
-1143
-7672
-12522
16415
17411
-7395
-27850
2564
1678
-22779
12548
-11515
23813
-11267
-28392
12290
14957
-19965
-31633
-18067
-8703
9584
-31619
18714
28753
15618
-24441
21034
-6911
-2303
-29439
-11779
-6369
8450
-28833
22276
2148
-162
-19454
-7837
-21382
-20355
16778
-24712
-12414
7555
13934
31747
1533
20739
4230
-16632
-16618
-17892
10243
-15332
-32459
-21245
28046
2566
-12285
11525
-26620
-11267
-4329
11010
-11671
-21245
-4241
-31638
-8703
32111
23677
-32486
-9135
15362
26247
25129
-5119
-2303
-29695
-11779
-5601
8450
-28574
30980
-32668
8802
-11262
11108
-28806
-18819
5258
-5512
-22142
899
-15757
32003
1789
20995
18569
5640
16661
31517
11779
29468
22325
-18685
16270
-25083
-14333
18693
-8956
-11267
-31977
10754
-7572
-23293
-14482
-6805
-8447
-24977
8061
-24034
-10919
16386
30089
18732
5890
2306
-27135
-11779
-28127
9474
24421
-8956
-32153
-8091
-10750
30564
-27270
-26499
-14199
-5000
-6526
-3710
28277
31747
2045
19715
-3702
-13049
-4588
-22501
7171
-11233
-11971
-1277
-7537
-9722
18180
18438
3077
-11267
28185
9986
24174
-17917
27761
3440
-8703
-25745
12669
15130
2898
15362
6278
23340
2050
-1279
-28159
-11779
-13280
7938
19807
-8956
-1949
27230
10243
10340
-25990
22141
7562
121
-14462
131
7792
32003
2557
22275
-21626
26887
3092
-5863
4099
-17637
-32202
26115
27533
13318
23811
-23804
9476
-11267
-8937
9218
-29334
-23805
-26515
-3479
-8703
17007
13181
6427
-11438
15106
26501
17964
8706
1026
-22527
-11779
-7136
8706
15202
-4348
-4509
10081
20739
17252
31610
-24451
6282
-7560
-5246
-382
-8074
32003
2813
22019
3466
4103
8467
17179
4611
23836
9271
28675
30092
-30714
30723
-9212
12804
-11267
2072
8962
-3731
-26109
-29844
-918
-8703
12143
4733
24603
28243
14338
31621
-16596
10754
258
-26623
-11779
23073
8962
29026
-4348
3940
-160
20739
11364
-26246
-26499
-15223
-8840
-3198
19331
-30350
31747
3325
22531
6280
-12282
29970
-16104
1283
27163
24630
16643
11149
-24314
11523
25860
-10237
-11267
27159
8194
18027
-25597
-19860
15721
-8447
1647
13693
-4582
-7598
14594
-16507
7469
10242
514
-25599
-11779
1569
7938
-928
8965
-4508
608
-32253
15460
-26502
28029
-19063
-16776
-1406
-4478
-12432
32003
3325
22019
21895
-29946
-239
9240
3
2330
-27339
10499
6285
32006
2563
27140
-2301
-11267
-15338
8706
10858
-26621
7277
-6039
-8703
4207
8829
6685
6739
14850
-14204
19759
16642
2306
-22783
-11779
21281
10754
31077
13829
11365
-31388
-29181
14180
-29574
32381
-7543
14713
-9598
5507
19831
32003
3581
22019
13195
19718
11537
30745
515
-28646
-4298
17667
31884
22023
10243
-23804
16644
-11267
-18154
9218
-29587
-27389
24684
15468
-8703
-27794
-3972
26907
-31916
15106
-25211
-25042
18434
2050
-24063
-11779
-7135
11778
-32158
23813
29029
-25502
-27901
-31132
-18822
-9091
-9591
14457
-24958
5251
-24207
32003
3581
22531
-9593
24838
-19439
9495
-2046
17178
26678
3331
-10100
11271
3
21764
-8189
-11267
-13034
9730
16490
-26621
14700
15465
-8703
-24722
12157
-15589
28244
14850
13702
18735
23042
2562
-22783
-11779
-22494
12546
-15262
32005
-22426
3170
-8701
-26780
-30598
-28035
-29047
6521
-22910
-29566
15217
32003
3325
22019
10887
5638
29200
-10731
-3326
24601
27445
-3070
-31348
6151
-10750
-765
22019
-11267
21526
10242
5994
-27645
14956
-153
-8703
-27026
4221
10269
-1963
15362
-23419
27696
28674
4866
-22783
-12035
24867
17410
21606
-29435
-5787
19301
516
-27548
-29318
-25219
-31351
2169
-3710
18051
9588
32003
3581
23043
23177
-15611
-19953
-6890
-2558
-25319
9526
-3326
-25717
-24057
-9470
12292
-25853
-11267
10006
11010
23403
-27645
-30869
23657
-8447
26478
1405
5405
-10667
15362
17286
16433
28930
4098
-20991
-11779
-28893
16386
-10654
-26875
-18074
356
9220
24676
-25478
-19075
-32119
-8584
-894
131
14957
32003
3581
23299
2950
-14075
12816
-21740
-4862
-16616
-4300
-14078
-2932
-20985
-24574
-15869
24579
-11267
-6123
11010
16743
-27645
7276
23143
-8447
12654
-11908
-7136
-7587
16642
3721
-23758
-21758
10498
-20991
-12035
-8412
18434
-29083
10502
28522
10856
10756
-23196
-31110
-23427
16777
-6536
-17278
7811
32115
31747
2813
21507
-375
-27899
27407
8725
-5118
32284
28733
4611
-626
-28920
8451
-32252
-23037
-11267
-12009
12034
23916
-23805
27503
-22675
-8703
28014
-9860
-28385
-5286
16386
-32121
-4046
-29438
7938
-18943
-12035
32548
21762
11877
-14843
-3482
-7579
-29180
21348
29306
31613
11401
-7560
-19070
4995
-28300
32003
3069
24835
-28279
-30203
24847
5399
-5118
-26853
2618
-6142
-22130
-3320
-14590
-6909
15363
-11523
17175
12034
20588
-25085
29550
15212
-8703
-3219
-14724
6942
23641
15362
-16761
-15309
-30718
7426
-11519
-12035
-24284
18434
12640
-24827
31333
97
-26364
-23709
-20358
-30339
14217
-15240
-6782
4995
7534
32003
3837
26115
12166
-19451
11024
-3819
-5630
26
-17864
-9726
-26481
4105
-23294
-18173
22275
-11267
-31466
11522
28264
-25597
-26002
15465
-8447
4717
-3460
10783
14425
14850
3207
32052
-26878
6402
-19455
-12035
805
18690
10595
-5371
-11675
-21661
-16892
3428
30842
-25475
-3448
-16520
-8318
13699
20339
32003
4349
28163
-14456
14085
-11762
23063
-5374
10778
-30663
-4862
-30322
5129
-20222
-22781
4867
-11267
-31722
11522
25707
-26109
9326
-19349
-8447
24941
-17796
-19681
2395
14338
29062
31541
-20990
8706
-13311
-11779
-6108
22018
-27805
-8699
-27035
-15005
-6140
-23965
-23686
-30595
-24440
-5512
-4478
18307
21363
32003
5117
29187
-10360
-9212
-6387
22036
-7166
1050
-14791
-21502
10638
-26615
28418
23043
-14334
-11267
14614
10754
19051
-27133
11374
14188
-8447
-13972
-9092
9247
30042
13570
4230
-10442
-25854
5634
-13311
-12035
23333
17154
22367
-7163
-28060
29278
32517
26723
24186
-26499
-7288
-18568
-7294
9091
5232
32259
5885
32003
29830
-23292
28941
5650
-7934
6169
21560
-28414
14222
-32759
20994
1283
-29182
-11267
15894
10498
23657
-27645
29805
30825
-8703
31084
-29828
20511
19803
13314
24965
-7882
-21502
6914
-14079
-12035
-2267
22786
-21662
-507
-24733
-2208
-8443
-10909
25722
-17027
-15992
-12680
-15486
-638
10359
32003
6397
-30461
-3447
19460
-2805
-30957
-7934
-17896
18233
-27134
15757
-15095
17666
7939
-18686
-11267
6934
10754
10093
-27901
-6805
15211
-8703
-22676
30332
32287
-24484
13058
-2172
32568
-15614
7170
-18175
-12035
-2010
27906
-3999
16646
-14749
14433
13830
-32669
27770
-19331
-28536
-22408
-9086
2947
12658
32003
6909
-27133
-1913
19204
5132
21522
-8190
-23784
7738
-31486
10125
-19190
15362
1539
-22270
-11267
32534
10754
-14743
-28157
7788
-12184
-8703
6508
-23684
-17121
21852
12546
17797
3641
-7934
12546
-2303
-12035
1575
25602
-32672
31238
25187
8799
-13562
30563
21114
-8579
-20088
-21640
-18814
5507
-26768
32003
6909
-25597
1159
9220
24843
12561
-8446
-17896
30009
29442
-19571
-8950
10498
-7678
24322
-11267
14870
10754
-920
-28157
2668
29032
-8703
-5013
30588
24608
-1700
12290
17539
-19911
5891
16642
-2559
-12035
-18137
-29950
22116
17159
-20894
-18079
-19705
29283
22650
-18051
15240
-17800
-8574
16771
-2187
32003
6909
-17917
11914
-11517
22026
-22256
-8702
-22760
-1991
27394
20108
-27381
5378
-15870
11778
-11267
-31978
11010
-19093
-28925
20330
19817
-8447
-25493
27260
-24544
350
12034
25731
27452
16899
18434
2562
-12035
-24280
-23806
10593
20999
2659
-2465
5896
-26781
25466
-20611
22920
-13448
-9854
17027
5488
32003
6909
-16125
-14970
-13309
6922
-25586
-8958
-27881
-27334
22530
-18292
12812
-511
30722
4610
-11267
-32490
10754
-1433
-28925
-10134
-26777
-8447
-31637
24956
-14812
-18844
14594
10889
-27075
4
-29438
19970
-12291
31786
-18942
-412
10505
-25494
-10394
31496
18019
-18822
-8067
-2169
-25992
-15742
17539
21619
32003
6653
-31741
29833
-7933
10251
-10991
-8958
-8422
4929
29186
-15985
28685
9730
-15102
17410
-11523
-3305
11522
-26262
-25853
-11409
-14740
-8703
3947
-29572
-20698
-17050
16386
-4472
-28353
31748
-16382
-25086
-12291
17963
4099
13160
-27895
-7062
11372
25609
28771
10106
-19331
6280
-8072
-2174
20355
10358
32003
6653
-28157
21643
-19453
13322
-20719
-8958
11291
-5056
27650
28303
-6898
6914
-22014
17154
-11523
-30184
11522
-5781
-26109
30574
-11412
-8703
-406
9852
-23769
4456
14338
21386
-704
17668
-26878
27906
-12291
26156
-8958
20581
7177
12651
-20631
-15351
-20637
21882
-24707
-9593
-22152
-13438
-9086
26223
32003
6909
-26621
-633
-20477
-20470
3089
-9214
18715
1602
24322
-27248
15
2
-29438
10498
-11267
-26088
11010
24424
-25085
16241
-20883
-8703
-12950
9084
16168
-15000
15618
-31094
3138
-28412
-14078
-7678
-12291
-2772
-4350
-7579
19977
-11158
3688
-18934
-27548
25978
-10883
-6777
-15240
-26750
29827
884
32259
6653
-23549
-7799
-28157
6666
-11503
-9214
-27621
-4542
24578
27536
23055
1794
-26622
11778
-11523
-6376
11266
25451
-25341
10865
14190
-8703
17515
18300
27176
-408
15618
14217
-23230
-26620
-11774
-27390
-12547
-26067
19203
-9114
-11511
-25496
23911
8203
31077
-16774
-21123
-6777
16249
-8062
14979
-18314
32259
7165
-7677
4491
28163
-6647
25618
-9214
-27108
-31420
24066
18577
19216
258
-27902
8706
-11523
-18407
11010
-7572
-25853
31345
-18322
-8703
-23957
22140
-22232
-3478
16130
31625
4677
-4860
-7678
-26622
-12803
-32466
21251
3426
12554
13673
-30876
17164
870
-14470
6014
9607
-1416
-11902
-6014
-14225
-32253
7933
-509
19590
28163
20234
-7920
-9214
32540
24389
21506
-14447
-23279
-767
-32254
1282
-11523
24858
10754
10345
-24829
-18831
14188
-8703
-10645
21884
-18906
28263
16130
-7547
22341
15365
3843
771
-13059
10287
31235
-12957
7691
19301
-2718
-2546
-11674
-4486
-15491
26503
16761
-18046
15491
29043
-30717
7933
8964
-3961
16387
25865
-10736
-9214
9756
15174
20738
-20592
14098
-2815
30210
-3839
-11523
-2279
9474
29290
-28157
-23188
6506
-8703
10604
24444
8738
-16798
11522
-21625
-26047
19716
-24062
-29438
-13571
27431
-32509
-5021
-23031
13409
19296
4368
17255
-3462
11902
-4474
21881
-5758
-24957
2932
-29949
8445
-15869
29064
-11774
-13307
17673
-9214
31762
8761
12034
-11120
-14579
-19711
-1279
-27391
-11267
271
7682
15465
-31997
-21658
-30363
-8447
1388
18300
7450
-27812
12546
28047
12850
16899
14594
8450
-12803
-23004
18947
-15513
4360
1127
22116
-12013
-26265
2171
10366
13191
21625
-7806
-27005
19063
-28669
8957
23811
12684
-25598
-5373
11270
-9214
13833
7980
11266
19865
-32506
-22015
-8703
-32511
-11267
-25079
7170
-18577
30211
13166
26477
-8703
-8597
20860
20503
-3235
14850
11665
19503
14339
15106
10754
-13827
12582
-16893
25453
-6649
-23445
-15253
-28649
872
-2182
12670
-4474
-15239
2435
13699
-2176
-25341
9725
22787
-21869
-26366
26627
-24571
-9214
22790
31785
11010
18843
11013
-22015
-8959
32513
-11267
3850
7170
28279
29187
14963
22644
-8703
-2197
7036
16149
-26529
17154
-12655
-3795
19971
19458
14594
-14851
-18137
4612
878
-21753
22123
-28821
1817
-7833
8059
22654
-4218
-25991
-1662
21123
-2434
-18941
10493
23811
2964
-26110
18691
1285
-9214
-26619
9260
12290
28575
24068
-22015
-8703
-32767
-11267
22538
7938
-13193
29187
-4747
-1418
-8703
-24213
12156
28436
32605
19714
24723
-17104
-30205
19714
17922
-15107
-31703
12548
-31124
-9720
-2709
-6294
288
-5785
14203
4222
-13946
28793
3203
18307
-19332
-10493
11261
26115
10899
-26110
13059
-3324
-8958
-24316
-30428
11010
-5218
5892
-22015
-9215
32513
-11267
22794
8194
21109
27651
26228
-12173
-8447
32363
18044
29463
-27551
23298
-3696
8756
4
31746
27650
-19971
30252
-10236
-17040
30217
-31893
-12179
-5087
10857
-5510
11646
-18810
30073
-7038
17539
28547
-3325
11517
31491
-10345
-26110
10499
-8188
-8958
14085
24617
10498
-10596
12037
-22015
-9215
32513
-11267
-25588
8706
-26761
26627
-23950
-14732
-8447
18796
2428
-19689
-20638
25090
9872
7223
14084
-27134
-25598
-25603
26413
23813
-6804
17418
25962
3178
-24539
-9368
6011
18302
20614
-24967
-9086
-31613
-17795
6148
11773
-29949
32148
-26366
8195
-28412
-8958
6661
-11735
9730
-23140
-24571
-22015
-9215
32513
-11267
-32500
8450
-5517
25603
-29838
25969
-7935
32619
4476
24087
-15261
30210
18319
-7368
30724
-20478
-5630
-31747
14126
-27131
6764
14859
-8599
-27031
-18648
4713
-9094
10622
27782
-31623
643
19331
12157
16388
12029
-24829
660
-26110
4611
28932
-8958
-6396
-6103
9218
-1893
-11515
-22015
-9471
32513
-11267
-14580
8706
-28813
24835
-4495
3953
-7423
-24725
-9093
26649
-16796
-29950
31375
9531
-3324
-8190
-4606
25341
3376
-11770
-10385
-2805
-2711
-23188
20011
12905
-2950
19582
6534
23929
3203
-29309
18048
27652
12029
-21757
23446
-26366
1539
22788
-9214
13829
-30421
8706
28060
17926
-22015
-9471
32513
-11267
-14067
8450
22645
23555
24433
-8591
-6655
22635
-10373
13850
-20635
-19710
20623
13885
-30203
6403
19971
18941
-7632
1031
18797
-27891
18028
-7060
21551
-408
21115
20606
-1659
8825
-11390
11651
18808
-22780
12541
-22269
-879
-26110
515
5892
-8958
517
-30935
8450
6556
14342
-22015
-9471
32513
-11267
6413
8450
26224
23555
-16016
-29586
-4607
363
9340
7721
-22418
-5886
-26748
-7855
9
-28924
8453
-17924
30262
14343
-31642
-8687
-409
-14489
26152
20073
8315
14718
-10875
19321
-11134
3203
-32655
-18684
12797
-7932
-3448
-26110
29443
5125
-9214
24336
-5824
8450
-22900
-14828
-21503
-8447
32513
-11267
1558
8962
21351
-32765
-7834
-18331
-6399
10091
-1413
4657
-2189
15107
18050
19289
11020
17414
-1786
2044
-22212
-10744
-6041
19734
-1688
-23704
-14297
-6296
15227
6782
12933
19321
-27774
-2430
-14734
-12284
12797
23558
6537
-25598
-3325
15366
-8958
-11241
-25785
8962
4489
-22501
-18431
-6399
-31487
-11779
28188
9218
19047
-16381
-19353
26213
-5631
-27798
124
-17614
-3467
20483
-18813
-12708
4621
-31226
14343
-8965
11582
-2296
1380
-23785
22890
23653
6442
-16536
-12422
126
2949
-7048
22402
-32382
-12436
13317
13309
-23290
-32123
-25598
-6141
-2043
-8958
16920
-14520
8706
23689
-6884
-16895
-6655
-31743
-11523
32541
8450
24676
-10493
-8343
-156
-4351
18794
-31621
-1738
19836
-21757
4485
24157
-15602
-11513
-4089
-29189
26688
-28663
14697
-22758
-2196
7788
811
2153
-902
11390
-15228
12921
19074
-13438
17268
28677
13053
-23802
-30326
-25854
-6141
-23034
-8958
-8934
17229
9986
-25721
20767
-13055
-3071
-31231
-11523
23583
9218
29545
7172
-4756
29291
-3583
32362
-20869
-13515
-24968
-23037
-2430
-11937
31246
28679
-20728
-9478
13121
-31222
15208
-18407
-9111
2921
-13265
21609
-5510
8062
10628
6009
22146
-18814
-23438
-19707
13053
26631
-23160
-26110
-23293
-507
-9214
8218
-16566
8962
-26232
-2273
-14335
-6655
-31999
-11779
-17378
8450
4456
-1277
18026
7528
-255
5994
28283
311
-23684
-10493
388
10337
8207
-17913
-26104
-24838
8002
7690
4453
9756
-22933
-1689
-4815
617
-2694
-1667
-30844
23417
-22910
-21630
13425
15366
13053
-21241
1416
-26110
-25085
-12283
-8958
24091
-17330
9218
-12406
-11232
-13567
-6911
-31999
-11779
8736
8450
-2202
10244
11372
28521
1794
6250
-25477
-32712
-7300
18436
-19325
-29342
-27632
-11512
-24823
-15111
22851
-5877
-1176
-11491
-30869
-1430
-20682
14953
-8070
-8323
13188
-28295
17538
-14206
4729
-28666
13053
5640
-14453
-26110
-29693
28678
-8958
5917
27216
8706
7563
26146
-10751
-6399
-31999
-11779
-480
9218
-6293
15108
25451
12651
7682
-10647
-30853
-8135
24189
31236
21891
-667
31505
11529
14858
9977
-27836
3085
29288
11038
18795
-16534
28472
5737
-8070
16510
9604
18041
11906
-15998
-7821
3079
13053
26376
13193
-26366
30723
-1787
-8958
24349
-8623
7938
25227
-29148
-7679
-6143
-30463
-11779
8481
9218
-28056
15620
4716
-15254
9986
-25239
28027
-19142
24192
-6140
2437
-7836
-21230
6154
-10742
12793
29509
7437
-5784
-13536
3694
-29845
9530
12649
-11654
-10627
24452
21369
24962
-21886
-25485
-26873
12797
20488
27017
-26110
-25597
-29690
-9214
8222
-8365
7938
22156
6948
-5631
-5887
-30975
-11779
22561
9730
29288
-29436
-2707
-22421
13570
30057
11899
-18372
-10624
-25595
-8828
30054
-31468
20235
21260
22520
11847
20751
-27539
-13535
20589
2158
-29380
-28823
-12422
-7299
-8061
-30855
23682
-22398
-16007
-1017
12797
-24568
-7028
-26110
-31485
-29690
-8958
-4066
-24236
7938
28300
-25819
1794
-4351
-28671
-11779
-31454
12034
11372
-25852
-12692
-10388
17666
-21143
12923
-29380
29057
-14587
24965
1129
9749
29963
-16116
-9225
32071
-32753
19050
-29661
-13715
23916
-1729
-24727
-1158
-13699
-6269
30329
8066
31106
18036
-30712
12797
-7160
-14199
-26110
-31229
-2043
-8958
17182
-20651
7682
-14964
-18650
4354
-3839
-27391
-11779
546
11010
-32152
-15612
13165
10091
24834
24681
28027
24638
-6270
3078
16773
9066
-20459
20492
19469
26359
-26808
-14065
24682
-19163
-22417
-31121
31043
22889
-5510
5502
-26749
28025
-29310
-22910
10100
21001
12797
-5880
26761
-26110
26627
-17659
-9214
798
10583
6914
-5236
-30938
5378
-3839
-27647
-11779
-18142
12034
-6808
12037
-13971
-28820
-31230
16233
22395
-29890
-28541
29958
-2428
21355
-12266
-18932
29966
6646
29257
-25326
-11156
-9692
16749
-9875
10822
-7063
-20102
-8067
-31613
28537
20866
-13694
19319
-19191
12797
-29943
-28277
-26110
21763
-14075
-8958
11551
2903
7170
-29812
32296
11010
-2047
-22527
-12035
2595
13570
10602
-7676
-21396
-9110
-25342
32617
6523
-14528
-11642
-24314
-18555
8814
-28648
-243
1807
-18955
8779
20754
-14230
10536
17264
-1426
-25785
-23447
-3462
6526
10371
121
12674
-14206
-9616
-23542
12797
28169
-6264
-26366
24067
20229
-9214
14881
5723
7426
15758
22827
21506
1026
-22527
-12035
-25052
13058
-28825
-30203
-24720
-5524
-18686
1641
15227
-26304
24453
1031
-4476
-31121
29208
-6643
-5361
-16908
-11189
-13294
21866
-13272
21614
29037
11342
-28311
-14982
8574
-1406
23161
23426
-22398
8564
-28917
12797
24074
-26231
-26366
13315
-31739
-9214
-27105
-3497
6914
13196
19243
16898
-511
-21503
-11779
-8413
13826
30568
27909
28013
-13461
2051
1129
11899
-16319
28039
-28154
18052
16497
26904
-14323
-9202
27635
-32180
23316
-19862
-1497
-8085
-8853
13647
-26263
-11142
-21635
-15742
28025
27778
27522
26742
20236
12797
6155
-4470
-26110
14851
-14843
-9214
545
-18598
6658
-28787
-6357
20482
-767
-25343
-12035
8229
13314
4970
27909
27758
-6548
6147
-10648
379
2369
20870
-23290
-31101
13171
4120
25613
-5362
18419
-7860
-21229
7269
-6872
13419
8551
6739
-10391
-12166
894
29826
27257
20866
-9598
-24976
-8179
13053
-8693
25734
-26366
14851
-21499
-8958
-15328
6747
5634
2702
-3540
14082
-2559
-24575
-12035
-20700
11266
26982
22533
2158
-13464
20995
-30872
-11654
-15552
-2683
-20474
-22910
10867
26392
23565
13838
7922
-11956
29461
-22680
-28376
23913
31847
27734
-151
7291
6782
-17278
-14215
25986
-15742
20341
-6898
12797
25100
18057
-26110
5635
-20987
-8958
29216
4443
4866
20878
-21460
13058
-3583
-27903
-11779
-32477
13826
-30615
13829
-21140
18794
-29181
-16280
11899
2625
17797
14599
-2176
16245
18969
-4339
-26353
-10000
19789
-8681
-24216
-11735
-18328
30824
-10406
-12695
-11398
11902
-21886
29305
-32126
2179
23924
-12017
12797
-13300
15496
-26366
4355
18693
-9214
8224
31579
4098
1166
11310
17154
-3071
-24063
-11779
15651
14850
12904
15109
28010
1897
-7933
23400
-6790
-11454
23942
-23801
-23168
6519
-14054
15375
-31983
-19216
-18353
24342
-10395
-26068
32617
22374
-9635
-8855
-12166
8318
8578
25209
30594
-27006
30065
15633
12797
8718
-5499
-26366
9987
32261
-9214
12834
93
3842
2957
8752
25858
2
-19455
-12035
29477
14850
-23706
-11003
10091
25704
12804
23912
-10886
19779
8582
29448
-22914
19832
-28388
-6896
-9198
-5138
-10160
11801
-12696
11565
-6552
-17049
6751
3434
6779
9342
12162
23929
24706
-32382
4215
23826
12541
15631
-8312
-26110
7683
26373
-8958
-7904
-17573
4098
18057
17456
-27646
4354
-13567
-12035
10534
19458
-23703
-763
-15512
27241
21252
19560
2939
15684
-19065
-13560
-17026
-27526
4638
22801
-19438
-25107
-23982
31259
18536
18991
-9880
-21912
27747
21866
123
15486
-6015
-28039
28034
-17022
-20879
-8941
12541
6160
-19322
-26110
7427
-4348
-8702
-5089
-25253
3074
-376
28209
-20222
5634
-14335
-12035
32550
22018
6758
13830
-21401
10342
-15612
19816
1915
-28604
11912
5129
13695
21627
-13283
29969
17428
7405
14162
7963
11623
12593
16233
-9881
-26775
-19862
4731
22910
130
-23687
32130
-16254
-20112
-30443
12541
-8945
-13947
-26110
3587
-28412
-8958
-5858
-11430
2306
-31607
4657
-24318
4354
-10239
-12035
25637
23042
27237
31750
-6041
-14235
27397
-30104
7803
-30905
-26484
-18422
19840
27260
30497
20500
-23019
-14358
-4780
10783
23405
-21199
-14999
9068
12905
-17558
4475
18814
-27519
-2183
-29054
-15998
-5001
-19947
12285
-12017
-23158
-26110
5123
-19452
-8958
26658
-31135
4098
-22902
3379
8963
17666
-3327
-12035
-18905
-29182
-2454
-32506
22378
22380
26629
28008
1147
8774
12169
-26614
382
15487
-8672
-10733
-31466
-25623
5717
-28129
2152
-28622
-20376
-10393
8816
-27542
14459
30334
-13695
-8583
15746
-32126
15984
-489
12541
-17391
-27771
-26110
5635
31236
-8958
-2273
-1189
2818
-18808
-29900
-2814
14082
3330
-12035
-1498
30210
-10908
-28410
22119
4709
17670
10088
5755
-26809
23179
-11254
-32131
22146
27938
6676
-4330
27112
343
-29664
-15257
2357
24936
-12442
-22409
-6038
5755
6526
-31103
30585
5762
-25726
14192
26651
12285
-11758
2437
-26110
6147
-32764
-8958
29472
31070
1794
-18041
-15818
7939
13826
4866
-12035
10536
-31998
-15004
-3066
-20633
11621
23815
23656
-9094
29001
29068
6156
7805
-11645
-24028
2070
-7401
-3612
19288
-16603
3691
21558
1896
5993
-10632
25963
2939
17790
9857
-7303
10370
-20606
18291
3356
12285
13076
-21114
-26110
7939
-28412
-8958
-29407
2400
1282
28807
-18633
26883
20226
4610
-12035
-1240
-19966
-13978
13575
32103
7526
-27385
-22168
-9606
30026
6029
-12532
31101
-3196
1574
24599
14619
-16157
-14247
25381
-4249
4154
22889
-31640
-6788
19307
379
23422
-2688
-15239
2946
-21374
21611
-9443
12285
-10476
-22654
-26110
11523
-32508
-8958
25122
-29089
1282
1672
-5063
-27901
28162
30978
-12035
-3799
-21246
28258
5384
9576
15460
23048
30312
-11398
14412
7310
4877
-25476
14471
2087
-14569
-5863
32225
17499
11046
-8344
8250
-30872
-31386
11904
-23957
14715
20606
-2944
-12935
23938
-26750
-16528
21792
12029
-29418
-27772
-26110
13315
-30716
-8958
14371
-14752
514
-7802
12090
-18173
27138
17410
-12291
-13782
-15358
-9627
13832
-11417
-20635
-1784
-30616
-902
-691
2959
-15602
9084
9866
29737
22297
16668
-24355
13661
22059
12906
7229
-22936
-28312
-30588
1644
-29317
31358
-16768
-15751
6530
28802
882
-20702
11773
1048
8581
-25854
15875
-22780
-8702
21796
-18846
1282
-17786
2877
5124
-31486
26114
-12291
20012
-1790
31590
-29944
17255
-20123
-12279
-15000
13435
-25266
12944
16398
14972
-2676
-215
32281
23837
19164
26206
18217
-29851
28224
3945
12901
-4214
4460
8571
-30338
-30848
-4487
7810
14722
-12181
-7387
12029
17433
27777
-25854
23043
-24060
-8702
13860
-1950
1026
-22906
26430
12804
-28926
-26622
-12291
-12756
-12286
-1950
24329
-20633
10083
18187
-24728
-18054
29776
5008
31504
-17286
25230
-21972
17692
14624
19416
-8609
-28883
-14232
-10431
4457
20584
22159
26732
16507
22398
-25728
-1159
898
-29054
23409
-27608
11517
3867
-1149
-25854
23299
-11260
-8958
17445
23139
4098
30853
-25025
-22012
-10238
-766
-12547
-2259
9987
7014
-14327
-15002
-16539
25612
-9624
-6022
-29359
-10351
25873
-14215
145
32046
-7651
-17631
14035
-1695
11315
-20631
-956
-12952
-26776
13204
-30612
-30341
23678
24448
6522
11906
14722
24688
-18901
10749
-5604
28547
-25854
26883
-13052
-8702
806
15205
4354
1669
-26302
-7676
-6654
-254
-13315
-6866
28163
20581
11018
12646
21092
-18931
-14232
3963
-25514
-14441
21267
-11908
-13420
20274
7456
4897
-1072
10596
-4303
-18840
-5304
-28821
-10649
-3178
-19092
24443
25470
8576
18042
12674
4738
-22929
-31184
10493
-3556
30595
-25598
-29181
-16124
-8702
-32214
-916
9730
-19577
-22715
-3835
14083
-13054
-14339
-17360
-29693
3942
524
28266
19047
-21490
-21144
-8070
9813
-15724
13588
-2184
16534
29747
8737
-15837
-9526
26470
5689
-19349
-181
17258
-8599
17312
7021
19067
32126
-11137
31354
4994
8322
-7564
16947
7677
14881
14981
-25598
-29949
-1020
-8702
4392
-2969
8194
32386
28998
-24827
6403
-766
-17667
26161
3076
-23705
29451
-24988
-923
-27887
-22680
-9350
23640
-9578
22039
21369
-27494
-20938
21028
-28888
-1339
28264
-8642
32619
4432
-10133
21611
6823
7533
18555
-28546
-22913
15738
-895
14978
21871
13111
4349
-12254
-24190
-25086
-22269
-5372
-8702
-15832
-25496
12546
-21886
4938
10246
25603
32003
-21763
-11470
29444
-29340
7949
27237
25443
16660
-20632
-12166
-31655
20888
23577
27770
-31076
-24775
-18394
11562
-17470
7786
-15810
11627
2388
-30611
-6549
20140
23405
27259
23934
29311
23162
-10367
18562
18030
-8901
2813
13603
-4223
-24830
-10493
1029
-8446
-25305
29545
20226
22402
-28599
-14074
-11261
260
-25347
-21966
-21756
-29597
25614
7014
20324
30230
-26264
-13190
28764
12699
-7653
-12678
30367
-12484
11817
13356
27324
16492
-3768
15728
-25258
21613
-20881
2738
-23443
-20613
-30850
3711
32122
7810
8578
-13708
-32705
-5380
-12253
-29051
-24574
-5373
26629
-7934
-2008
-2966
26370
19586
27980
-30713
9476
26116
30461
-13517
-13051
16231
17167
-12699
-3994
19225
-21656
-4742
351
21917
-31971
2684
-19549
-23489
-5078
-22225
-23881
-3987
-10166
-27539
15963
-5267
17773
9655
-2451
-18565
-28802
-23682
-32390
-8063
29826
-32656
17988
-13060
28709
-638
-23294
17924
-16635
-7166
-31190
-29076
29442
-31869
-30129
22280
17412
-18940
20733
14133
-14587
-5532
30224
-10906
-24988
-5093
-23704
-16006
-29344
-6499
-31969
4220
12197
3650
-23508
18481
-19789
-12433
-29877
28781
14942
-18066
29037
7867
29550
-28037
-14466
-14722
-20102
-18047
-4479
-6800
-30903
-18692
-12506
23426
-22270
31492
-3835
-6398
-25813
-29330
-27902
9347
20816
7177
-22524
16645
10749
-32714
6918
-25243
-17391
-9881
4710
22302
2665
-20614
-9887
-22880
-10207
18555
-11099
-26812
28463
-31436
23212
3186
-20908
28784
4705
21870
21872
-9282
18542
-18309
32638
24446
-15494
-2175
19330
29043
1357
26876
23081
7300
-22014
-18684
24326
-4862
20525
-13457
-19454
-21630
-26029
-16119
1029
-9723
-12036
13112
8711
3943
-14830
-23705
-19609
-7392
-15256
-9606
-1436
5793
-16605
-23173
-21590
24135
6705
-5324
24745
-1933
-171
-6803
32356
-30353
-15250
-12349
-31122
-27269
-18818
10110
-16774
-13183
7298
-28309
-22190
19964
-10454
-18561
-17406
2821
26630
-2814
29486
7025
-11774
16003
-17066
-23286
24581
-3067
-23556
-22983
26119
-23454
-20972
-12184
-19612
26404
-7064
-21894
6758
19874
6182
-29317
-21078
-12983
-7629
-14536
-30301
32629
13655
-7058
32616
-10897
12911
-6457
-6802
-11141
-19330
-28803
-2950
130
-383
4210
28502
3068
-25300
-30078
-16894
19205
-14330
-766
28975
-5774
1027
31619
-23209
28939
-10235
23046
16636
21563
-6393
-19610
-6379
-20120
-8602
-28377
-5272
-14982
-9624
26789
3625
30075
7085
-24499
-22729
-17860
-613
-12425
22879
3441
21609
-20112
-23183
20936
30319
-12165
-2690
-16003
9339
-7551
-14207
29044
7259
-24837
-467
30084
-12286
-19707
19975
3331
17716
24698
21507
14469
-14757
28685
-3066
27655
-24069
-11715
20233
19049
-10217
3947
6762
16424
29545
-7558
10602
-11867
-19671
26235
17074
25679
17464
-31172
19354
-8327
11615
-22420
-5010
9329
-20883
-3377
-27537
-11909
-17282
32381
-1414
-14719
30593
20078
-23711
24827
-11216
-30849
-8702
-2555
-8697
5635
14387
-26249
25603
-6269
18526
24589
-5370
264
31739
-29122
1801
-5532
-16360
8298
-12187
-7122
19817
-15238
-11412
-21338
-31187
-25734
-7245
20051
24379
-450
-2414
-389
28518
27248
19827
18545
3953
-9517
2928
-12677
-10370
27517
31867
-6271
-4735
13684
615
-16134
-15309
-11134
-4606
25094
17928
11011
-2252
-4231
-22269
-1662
-6561
-28402
22535
8456
-18694
19520
-13558
31336
11802
-21399
360
-3022
-28055
-8326
12142
7591
25393
18042
-16715
30806
-13762
25924
-15475
30589
-15764
6257
-652
-14991
21361
-6955
7280
-14725
-18306
-8580
28539
-8831
-4991
30579
-12695
8442
26933
-15486
-766
-17658
-30712
21251
18486
-4230
-765
17027
-31134
-29169
2568
-5624
5114
-17087
-4853
-1433
24859
1386
-1433
26933
18537
-24966
1392
21928
-28878
-25478
-12873
-21928
-24000
13638
-8310
1663
25962
7791
121
-20878
15217
-6439
-31376
7292
-2946
-21636
11899
25217
21377
8561
14960
-775
-15562
29568
5123
6919
13833
23811
-5321
-2949
9988
-9341
14181
-17392
31752
-1528
-20487
-28350
-3829
2919
25885
-28054
12904
31290
-22167
-2438
3697
15273
-13515
15994
-11336
1627
-28605
6985
-12669
20097
19570
-13710
-4998
-12943
-8847
6107
-144
-7557
-14978
24444
31355
-21119
-8575
27769
-1678
1017
-24263
4741
6147
13831
-7927
32515
-8648
6014
-30716
12675
24677
-31983
27145
30730
-23560
31812
13070
-26773
-25315
9065
17257
1852
-1431
-10886
-19085
-598
11064
-7815
956
-12451
-11707
4939
-25985
-8318
-31369
5490
7806
-16270
-15758
5598
-9104
6780
-13442
11388
23931
-14463
-20863
-23949
-18568
22264
-32709
20865
15363
-9977
-7159
-22525
24378
7296
-17404
7555
-24984
26898
-20215
-9974
-4617
-18107
-13042
11880
-25824
-23958
22121
32576
26217
-8326
-22156
1963
25402
-1415
-2628
4960
8776
-17075
30843
2948
-22154
16241
24449
30067
882
-19488
5745
380
3711
4476
-11653
-23423
-28543
11890
23934
-3337
-21187
28800
20483
20744
27146
-14333
-7110
12160
1541
2691
5738
-30957
26378
23563
10999
-17338
11791
-22681
1570
-12438
22888
-18364
-19607
-13190
-29834
-26452
-1219
10873
-1091
-11165
-19125
16464
8564
-10106
-27007
25974
-22909
4467
22901
-6686
-16271
27260
-7554
-4997
31355
-29311
-29823
-26249
8066
30966
-32192
-24957
28163
-21752
24587
4
-28356
-18303
-25595
19074
12396
20501
-20981
4109
-22539
-12984
25618
-21142
13603
17002
-8086
-31928
7786
4731
15736
11693
-9409
10617
-19008
-23195
-4275
19027
28273
14215
-25727
25715
-2170
29812
-19852
1253
-1679
18044
2687
-14981
-28293
16513
-27263
10354
12166
502
-32447
-28288
-24573
17417
15371
9988
-26819
-18814
-19451
-30590
-22162
-14827
-5365
2829
2805
-25015
15378
-11161
-19931
19307
-15512
32332
5994
379
13945
-18260
-17088
-15239
-2370
-7578
3407
20053
10859
-17272
23679
-21901
19079
-13708
-1420
-17692
10354
-26244
-8578
-31877
-28037
19585
-31615
25716
-1399
21493
10050
24193
-13309
6154
-6133
19716
17216
13958
26886
-10109
-14481
21272
-31987
-16626
30963
-26037
-12526
13674
28455
3437
-10645
12876
9834
15739
16508
-15953
20806
-29063
13763
14188
-9390
-24233
8806
23435
-20084
-2954
21644
21109
8824
27368
20594
-31364
-7298
14203
9596
28033
-32639
374
23694
19443
-1723
24450
-3325
25610
-10228
-20988
-11456
19077
-8442
4738
-3214
-14568
-29939
21007
6642
22604
-7915
13674
-17624
14699
-17046
-32429
20330
11387
-26499
10927
-23992
8058
19399
10094
26197
16219
-2974
-24436
19595
21620
-16496
24951
9848
-14358
30834
-21636
3711
3451
-26757
14721
-32639
4462
-1645
-23310
-1978
4990
4612
11019
12044
-4604
20544
19335
1543
-10878
-27020
-9704
-19955
-11249
10737
-3763
10773
-15771
-2263
28779
-21146
9049
21610
9595
-9602
2993
-26806
9594
-27707
-12177
-14762
-16549
-28833
-13427
-15731
-16779
13714
19063
5751
-27413
7539
-27780
10623
-24198
-5253
9345
25729
7540
-106
-6671
7497
-29568
18180
-30453
24077
2053
11074
-31865
-22521
18050
-29835
-9190
-2546
-7153
4336
-15026
14615
-12951
1580
22892
2667
16475
-21398
-1414
5761
-14414
27214
25466
968
22131
15706
25183
29786
-21617
31126
-32649
28819
18807
11128
-7956
9843
32380
-6018
-19590
-7813
129
25217
-17547
-13158
21232
-22966
-32127
-29436
8716
-11506
-27899
-2749
-29815
26120
12674
-12937
26396
-13041
2578
20718
-31664
26
-10902
28206
-6804
-3477
-11938
-29334
-2438
-7807
22963
18766
1915
-11831
21620
-31910
-19105
-10662
32144
25744
-5006
15510
10360
-26507
23790
28787
-25988
8575
32122
-16517
2177
-32127
13169
32414
1009
24907
-26754
-8956
-20468
-11762
-26619
10564
-9591
-17656
3971
-9608
-31203
-21488
-16366
28398
-12464
-31464
22376
-28880
-27539
20842
6499
-15766
3195
-14211
4013
20811
373
-20281
-27791
20825
18271
29532
-13937
-23151
-22926
20624
22127
-24978
13805
26227
-3716
16511
28538
14716
-6016
-32383
16755
26785
10482
12113
9854
-24572
11276
-6387
-32507
11330
28293
6152
1151
-3978
13852
8976
6418
751
-11184
5401
19561
-29908
24935
11366
-5281
-12182
25979
26239
14509
335
20339
13770
-22668
21084
-23966
8536
9105
12441
-3214
-22381
15472
21104
-10002
-8845
-6532
27775
17274
20604
7297
4737
-24463
29605
31472
6996
-30083
-18172
-28404
-10482
9478
10051
8582
-25592
1918
7290
20253
21009
-3565
30189
-3247
28955
-11673
-8659
10855
-20379
-11676
-13206
16251
-28800
22446
80
22899
5581
374
-11684
31331
-5291
-29038
-15723
10609
23959
27761
15471
13040
5236
-7300
17791
18554
8572
18817
19329
-23698
-27478
-5905
-2219
-31621
-6908
10765
21774
15622
25412
24967
-22008
-25219
-9349
-9955
-3312
-18926
-25364
-4782
-9446
-18074
-22737
-21401
-30619
15721
1131
13691
-26750
18863
-15789
-27022
29645
-1159
5472
-13468
1616
19604
12702
-3468
15514
18546
-17294
20209
30068
-9348
11391
20602
26748
7809
15233
6262
-14676
24813
-31912
-18050
-10748
1293
-13040
-8186
27717
32647
-11767
12156
-23939
24864
-12782
8469
9194
-9389
19743
15210
7729
30311
-7831
8557
17003
12667
-7805
-19794
17492
-29580
25034
-23176
9312
-6811
-6327
-364
12190
-14732
-3689
-21389
-29580
15087
-31372
-3972
14207
7546
-31876
-5504
-5248
-13711
20657
-19476
-12455
-21891
27909
29966
22031
9735
15688
6796
-25334
14463
-10370
10018
19732
24341
16359
-10155
20511
21353
-24014
8553
24168
-27034
5483
10619
-17019
1457
4442
-12173
24529
-22401
27750
-20884
30536
20887
-16736
-29836
13729
12661
13428
29683
-11404
11901
-32641
3450
-20356
385
7553
-19089
-15949
7658
16988
-11141
28421
-26098
32015
-20985
11591
-13943
6410
124
27009
-29919
-29165
12309
-28954
29270
6432
6759
-26572
-21145
-31899
32117
24939
26235
-29817
-30287
-26785
32627
32210
-13693
24171
6768
-14782
20121
-11349
-25735
31139
1397
-8073
1012
5493
2173
28287
-31111
-29060
-7040
8065
-1420
-9802
-13338
2399
5759
-17147
9743
-496
-21752
-20664
-14454
-8181
24955
6788
-1757
-6891
-22504
29155
19288
32293
-6295
18485
-11418
14951
-8841
29291
7547
-7287
-1869
30306
15732
14293
134
-8339
17267
-12481
25499
22701
12151
-89
-7306
-15753
-29707
-18827
20861
15231
31353
-18308
-2176
-640
28527
-581
22245
609
5756
13318
3856
-11248
11273
-16311
-28020
11532
23675
31366
-19420
9750
1817
-22559
20570
27430
20839
15417
-2969
-11163
14975
-12181
21115
-15477
16052
-7066
15733
-554
28553
7024
19319
-17605
8093
25774
31351
10667
10103
15734
20470
2422
4477
28543
22905
27772
-6528
-16256
25969
-19265
32739
8546
-13700
-17146
-16112
28178
17418
-2742
28044
-5619
13179
25736
21543
24856
-1509
-3106
-24229
8744
-13720
-4805
22377
-24473
-27261
5996
13179
-12914
-25673
20587
13941
6872
-24179
-28043
14969
17206
-866
-32585
20346
-10578
31863
20345
6647
-3211
1661
32127
-648
-8324
-3968
-11136
-21900
-17470
12767
23397
22910
-31225
20498
11027
-7414
24653
27791
-19698
7291
17547
-29655
-30695
-10214
-1574
-14755
24621
-22678
4160
-11670
17770
25736
-5269
8315
-31856
26808
8814
-15243
-3879
-4721
24183
7804
14388
16288
-2635
26999
-7246
-14984
-29576
760
22134
18301
-27521
-6024
-12164
-10112
-4224
15213
455
-1571
8806
-2183
-30968
16148
28949
-1013
-1714
-24432
21264
18812
3982
-8917
-28901
-13026
23257
10335
-5077
1127
836
-25236
-3224
-28786
10604
21371
-879
17080
23410
-19083
-10534
-18286
16762
26751
16688
8866
9146
-24712
-31820
14201
-22407
-27912
-9354
31101
-25217
25720
-6532
-1664
5249
32115
458
-4902
-25496
13437
-15864
-1516
6935
7693
-4016
2962
-16623
3452
28815
-3539
18205
20000
-7467
-1696
29744
17770
21573
24428
32107
-23918
29804
-32645
19092
10938
-5770
-1931
-10788
-1386
14462
-382
-4821
932
-5951
-4230
12983
-28551
-24454
505
24183
27773
-16001
-32648
15997
-20096
-18304
6261
-11572
-15146
-3734
4478
25865
-15082
5146
-24818
852
6294
19475
-31619
10387
-18128
-19682
-31454
-17967
867
-31435
-917
26696
30829
-13204
27542
-13972
25467
21653
-12870
12152
18806
25054
-17000
-7552
-25466
8234
27557
-22339
1655
-2118
14202
-31624
-21511
29047
-32131
-30593
22904
1661
-28288
-19840
22384
18641
8406
30317
26746
17674
-489
-14055
6159
-21419
-15209
16659
-8323
-27244
-11471
-6113
-32478
-12849
-28572
-27341
-7575
-26805
-8339
7531
-31844
-17812
26491
-24689
20908
-21648
32628
-25131
141
117
29823
9770
-24669
-9541
-16012
12204
18544
28013
-18698
3960
-24963
21631
12152
12413
-29568
-22144
31348
7126
7644
-29580
3707
-5366
29464
29724
-8177
-10156
-5231
18453
12414
4497
24370
-21215
22821
-20529
16740
-4044
-3477
2632
-11926
30826
-6777
19565
32123
28825
-11844
29570
30325
-26912
32416
29832
10894
-8926
-25687
-14390
15484
-32320
13435
-17540
-29958
20344
-20099
-10113
-3721
-2180
31104
-25984
-30091
-12586
-4660
-5518
22141
-23797
-18406
-10212
-19950
14169
2970
21271
2429
-12391
13623
-18909
8487
1735
22888
-28098
-11924
17744
29038
12142
-13403
28269
-26757
9627
-26180
-17275
19574
-12319
30627
-14965
-15471
21792
-21334
-23865
-31622
-13373
9341
28540
-6406
15736
-18051
1664
-649
637
-30080
26496
29811
12506
-13110
629
-18565
-19700
12828
-4323
532
-30118
-20326
1561
30845
-4965
-20423
-3547
21801
28867
-21143
-19139
22636
14675
2671
-28563
26794
11373
28795
-27235
24254
-24182
19317
-1823
-4186
-13425
21141
30748
23212
12751
6782
23750
-25475
-18305
17915
-1672
-17795
4992
-21641
-29827
26240
26496
25979
14044
-31804
20600
-28289
781
-32740
11554
26902
14429
-3429
-25317
2684
12189
-7620
-14296
-3029
21949
15723
11334
-31888
17238
29807
-13454
31152
-25491
-30341
-29794
17854
-13940
5750
-22814
-3672
-6511
665
-25830
2478
7633
3198
24007
-19331
14463
20987
10617
-16515
-14721
18039
-22403
27008
15488
-5515
-5411
2753
-9351
-20868
15886
7966
7968
-29929
-19107
30877
-25317
1917
16543
15677
-17624
9260
7354
-7828
24390
-3731
88
-32657
-11922
23729
27757
-29317
32672
-5954
-11633
8566
26852
18091
5267
16026
12312
-3665
-816
-27267
-12341
-7298
-9602
-23557
17017
-10627
8064
-3210
-31107
25728
15744
12149
14561
27069
5501
9084
15631
-2530
-14815
-24808
15967
11166
9501
-11396
-2912
63
-6103
29998
-31307
-6547
9799
-22419
-5797
16752
-29585
-10314
26221
32379
24739
-19776
-10857
26741
17638
-29519
-27237
-26208
-12268
-15438
-14630
31362
-22578
-30338
13186
-10245
-25479
-14467
-16769
9591
-20099
23680
13440
-9095
7652
28853
-13183
-5250
15376
10784
-12510
14108
-21151
-30048
-15585
1660
-28508
25666
-8916
-7632
22702
14192
-20911
17776
30558
-14737
-24975
27579
13677
23675
7334
-28735
6302
8821
13803
11191
8096
8870
11283
-30027
25309
-21377
21203
29055
27777
7932
20089
-387
-2177
-31626
1662
4480
18048
-22413
-13848
25010
21383
7291
-29678
-18654
-4061
-19681
-21405
-23135
-10719
-8581
-14422
-955
-722
-10189
27562
-6542
15445
10093
25443
4975
23917
-21310
29036
25467
-26968
3522
4771
-1931
-29716
26554
28324
-19286
-20976
-12361
-25377
-9857
-26667
-16769
-18048
16892
-9863
-8323
-20865
15222
-9603
-8065
22912
-29323
17387
-20308
-27510
-24709
15380
5156
12326
-21982
11366
31139
25380
-26501
13485
20041
-5327
-21707
-13149
22133
14169
8302
16231
13936
-28817
-16185
19820
7035
-13142
-29757
-32087
30581
4845
-14146
32425
2991
20494
-583
-30235
-17790
4056
-29312
-4989
22012
20090
-1667
-24961
7030
3966
16000
22400
3448
13293
-2909
2703
-14724
-3051
11814
18472
-31706
-31384
-16987
27175
-7558
31664
-19892
31029
-29895
-22628
-2185
25954
-31377
20842
-3729
4208
28875
27756
22651
9633
18603
-13667
16755
-20760
-4429
15261
-31576
-1009
-28745
14048
-22151
-12588
-18566
3450
-10501
15226
10366
-6273
-1163
-8323
-9089
-3457
14184
-15632
-14930
26522
-5776
32021
-476
28456
20773
-31905
3983
14368
24185
5292
-2240
27944
-1998
-5215
-23181
-10921
5474
1888
-14749
27739
-11078
12652
18043
28074
13504
32169
18801
5101
27583
-29269
24242
-20724
6331
741
-1410
25815
-7812
4479
28156
-12934
4222
-18305
-21131
-30338
-897
-9857
-7309
-30736
4259
-26728
20601
-30952
29224
-28375
10025
10089
15268
10025
-1417
-11087
14671
14904
2109
1687
-23175
-29085
-22675
-1941
22381
23149
17616
29292
15739
7340
-7488
-6994
21617
-9234
-4158
-8273
950
17675
7357
9449
22912
20697
24444
26495
30716
31099
22910
-11393
-31627
-21122
-3713
6016
-2444
-3087
-8804
-25700
25721
27674
-32470
19243
12845
-23445
14757
9772
-2697
-28747
-25006
-14790
-29889
-22639
-14725
8299
22638
-13458
-30099
31085
-3374
-22420
22395
6062
-28736
20656
-31375
12272
14532
18354
32441
24586
-7746
-31001
-25732
27612
-7043
-25220
-31236
-31109
9598
-14465
1397
29054
31615
-9857
26480
-27405
-24678
6047
8310
22556
-26580
-29140
31023
14445
-4699
-16339
-19081
-27977
-21932
24125
-23998
-6003
23933
14441
14444
9843
-22418
9068
21719
-28564
13691
28592
-17471
-32586
21616
13041
20680
-17226
5052
-17400
10433
-14613
15232
-15906
6013
-15234
-29188
-31364
-28802
1920
-2956
-13442
-20097
-14465
-25483
13813
2451
933
31864
-5602
16174
-21712
-32715
21360
-27225
1843
11126
-10054
21849
-10175
-28346
23174
7040
24947
31343
24951
22126
-14738
-13349
14957
-25221
-29261
-12349
28606
-30353
-4364
15823
-2883
-12860
5127
-21052
-19985
1665
28131
-10116
8063
-25860
-13956
-6530
17280
-14988
-11138
-32641
-15233
-5517
19191
-14198
-5204
-22665
-2783
-13776
-27087
20540
-13710
-19542
-23242
-18315
16065
17758
-7356
-26551
27261
11907
9596
-15506
-7044
15470
30574
-22047
18541
-5253
-8269
963
1982
8304
-22284
30926
8381
17859
1543
-316
2286
12671
29668
22910
-25218
-27396
12157
-24962
3712
-14476
8575
30335
-17025
20082
-20745
-29045
12717
14966
7716
-25294
27955
5181
18035
-32599
-11208
18550
-29247
-26017
24647
-3764
-1412
388
21625
4206
26751
5487
-25490
18402
-32147
29819
-17227
11715
10179
-23186
31220
-21039
18369
7879
-2555
8902
-22799
-31614
997
30077
17024
-28164
-3203
-7042
-4481
25972
22143
-25217
-21121
-2183
14072
2947
-23376
-4487
-2780
25651
-11467
6721
26741
-1110
23868
-8588
5826
-20894
13386
335
6518
-18811
3716
-13454
4481
32366
3186
17636
11118
-9093
22455
22722
5829
4975
-12043
8404
32196
-18230
30981
-1849
25842
-5759
13799
-24707
-26241
-28420
24190
2431
7552
18036
10367
-29313
-19329
25460
-1800
-10881
25267
-3722
-2009
6198
-31179
-3005
4983
-21845
28221
-24459
-28731
9061
-1205
-27055
-25998
-7545
8070
6512
-31612
-14738
29294
27109
-30610
-11909
-27209
-29503
-9529
15470
-10251
-4907
10695
13005
-3836
-27703
15346
29057
-19480
30077
32638
-28676
-19074
-3202
12928
6004
-30849
31103
22655
7027
-23559
6268
-1867
-6283
18218
17207
-13770
23622
-3209
27051
-22977
-29068
-30266
26471
8270
5971
24174
-17527
-31866
30319
-22138
17261
-20371
-24089
-17042
-16517
18874
-5438
6348
15469
-17930
16601
-30006
-3122
20996
11723
31221
-16251
-19478
7550
-14974
-28932
25727
-3202
-32384
3956
-17281
24959
20863
-5769
10234
-7564
28602
-28040
-26580
4665
-3527
-8373
11386
20396
-25532
-10381
-22327
-25749
-32174
-23977
-8856
-32117
-26479
-4239
5258
-404
-5522
24297
14703
-11653
-20804
-29500
4560
-29331
12024
30684
24015
26580
-7421
-11060
-25099
-25981
-12819
-20608
32130
-27140
-9601
17791
27264
-21389
-1921
-27265
32639
-18319
-14854
-28304
6077
-3212
-29904
-2501
31033
-31920
-15493
5038
-22969
-19853
-16947
-2706
13653
23131
-30620
26765
-25199
-4498
8592
-26258
-7571
30956
23407
3196
