5759
17549
-5250
6785
1409
-3447
-15613
-12863
15416
-12917
25526
-30803
24238
16271
-22673
-16057
10127
-31350
-12252
3189
-23159
-4730
1737
-26273
6216
-9591
17736
-19064
-3191
-13304
13453
14211
31104
28807
32643
14463
2687
-24686
-29893
290
11933
19847
25079
30190
-2067
-7179
-19791
2160
-19727
32389
1151
30093
-11650
23937
10625
-30078
-16381
-26681
-27594
28808
31157
-22868
-16214
-18038
6254
-16058
19082
6027
-30171
24946
-20091
-32380
-17715
-30626
17728
-6779
32069
29832
-10363
11784
-19060
16515
27008
-14201
22915
-29057
12927
24970
-17094
18982
31899
-17022
3831
-29971
23275
-6412
-23121
-28818
3056
19589
383
28813
-11394
13697
6273
-21883
-19965
16071
-5324
14473
-15438
-22358
17066
7304
15469
-30906
-24696
18314
-17374
-6800
27780
30338
-15411
13405
30528
12167
18501
-23928
-20344
-3321
-11892
21123
-31616
29575
-31869
24191
8319
6032
-713
-1755
32666
31621
-32266
25068
28906
-29964
13742
-15508
-22289
-5757
-642
20109
30334
-6784
20353
26247
-22269
-824
3636
20618
-3920
-10840
13993
-5241
19564
14918
27528
31370
21795
16240
-1660
-7294
-12849
-23204
21314
-19321
9794
7559
-9337
20231
32652
3459
-32384
-8057
18051
9599
14463
26512
-12491
24359
18073
6790
22774
-27669
16873
18420
-1107
-12948
-6930
14980
2943
32653
20350
-5504
28033
-15233
-23293
-4147
-22222
15750
20655
2216
12967
17794
-918
-4795
-28541
-12662
-29917
25709
-30848
-23169
-26925
-31909
6714
-25725
-29887
26503
6532
5895
7564
12163
28800
-9337
4483
13439
-22913
22668
-21964
-26325
-23145
-31357
-29963
-2070
23273
29171
-4693
21611
25838
17028
18815
32141
13182
2177
23937
9349
-25597
25293
-21712
25225
-16724
-14939
-13402
-3969
-30870
-21691
21122
-26742
19745
-11413
-4482
-12164
22995
-32422
-24773
31110
21824
-27769
30343
-12538
7564
10371
-20864
8328
-11646
20095
26495
-5230
-12495
5931
11926
-10362
17653
-4119
-3352
-13838
-23893
-19606
-18195
-8829
22399
20621
25214
12161
15745
23685
-26877
4560
31792
-17015
29610
-28508
12197
-16515
-23447
-956
-20608
-16246
17441
6762
19325
19323
13526
-27047
6203
19334
26941
-12411
20869
11782
-21109
14723
-8320
-8057
10115
21887
16255
14735
12336
-24019
-17516
-16251
10997
-28951
232
17138
26282
-2456
9453
-2685
-8578
-19827
18814
4225
12417
-29567
-27645
-6191
-26580
-26233
-32599
-25695
2464
634
-18842
-2494
22910
389
-31197
3691
-30851
18809
-27431
-27816
-13770
-20093
13122
15751
-12668
18438
14731
-8574
28544
28040
2947
15231
18303
-10103
-17618
-14033
-29803
-27263
10484
-25
-26395
11505
-31836
25185
27625
-17543
-642
31117
31102
28545
15489
24968
-29181
26065
20779
14731
5541
12959
27809
6011
3175
3651
13439
-23160
16929
8553
-9094
-23431
18137
-30889
-13511
27527
16702
14726
21639
-27899
13195
-4478
-28288
20616
11395
-22401
14975
-27502
-11733
7727
-25710
-28025
-23310
16870
32484
25841
3495
10597
17387
-6272
12927
-14195
24958
12161
129
-7804
-29693
-23852
22058
4746
1700
4510
12958
-8331
4966
-4285
8315
13961
14113
-15002
-4232
21366
-23844
-8106
31798
12677
-21956
10374
-23419
14853
-25462
-17278
-20608
-23416
6531
27263
5247
-24948
9770
-26062
1681
27780
-32270
29157
2787
-19473
30117
-2204
-4632
15745
10111
-30579
-1667
19585
10113
27779
-30461
4566
-2521
-23927
-5982
13982
10654
-24973
30053
-29629
13433
-5750
-6369
-4764
-30345
28278
30685
-13227
-11983
2949
-16324
13703
23429
-5884
20106
-10622
-25728
-25208
-14206
31615
19839
7052
-29912
3636
3726
-8828
-9743
-17436
29665
13295
-9565
10851
31208
19585
-5506
-20339
8830
3713
21889
-25974
-30973
-5419
-20442
-27763
-4961
-4965
21149
21873
22117
10820
-7816
-19830
-21474
23140
26230
14963
16606
-8108
-1995
-10360
22330
31622
30088
-26876
6794
-10110
28288
-10616
-14974
22911
18303
144
-7131
-4557
22412
21383
18161
31203
9440
26094
11428
23139
-2073
18561
-642
-12147
-8835
-25983
25217
24708
-31229
16345
22053
-14967
-6243
-30054
-11622
-26258
-12188
-5309
16245
5515
-31457
13666
-32140
22129
-8736
14163
25648
-9852
-2503
-15737
12680
26372
24457
-1150
-26752
-2680
-29822
-8833
30079
22921
30244
-8905
16778
-29565
12017
23523
3037
-1556
-30558
-4510
29413
10626
1407
-2675
-15491
24449
-32639
-13437
-31741
16859
-14302
-375
8604
16025
-14183
-662
2147
23620
25715
10892
16669
-26273
-9103
15984
12770
22866
30509
24964
-11209
-20346
-28283
13316
16777
-32126
32128
5001
-22654
-32385
-30849
-372
1314
30266
-26490
28549
-27920
4066
32478
20460
-24927
-29343
-11547
-29566
5759
-1395
-13443
17537
-21887
15495
-31741
20956
32034
28556
-27240
13207
31896
9319
12386
-11964
14193
13452
-8420
4446
31343
31085
-1821
18769
28975
7558
19765
-24699
-16763
-13565
7561
-27518
-27008
24457
-28030
-29569
-13441
-13938
-3809
-1989
-11387
-10874
-273
11745
24029
-31254
6049
24162
-12061
-18558
1151
8590
25469
10881
27777
7296
-32253
20704
13344
-2936
-5738
-875
30614
26979
30816
28996
26988
32141
5148
10843
-1941
19050
-11290
-433
5928
-31615
21812
28806
-10108
-22781
26760
28034
29824
-23415
1154
29823
28031
-27257
15902
-6079
-20607
-10110
7407
18656
31453
-9495
-29281
25697
-15645
29060
-18306
7822
30333
-25471
-27007
-12925
-32253
-24864
-3811
28042
-109
-28781
-32107
-11936
863
2884
18283
29069
-17382
-15783
3690
25192
25831
23118
-13273
-23165
31795
7046
23173
26115
21128
16770
16512
-28535
11906
-5505
-25473
-2675
4124
24386
-15746
23174
-19730
-28961
1501
-22552
-20322
-13471
-27166
-9852
-13186
-10355
27773
26753
-14207
-13691
-32509
-26912
-10725
-8564
7313
-20847
-11628
14432
3167
5701
17260
24461
-17381
-678
9068
-28567
-18456
19278
-29142
-17276
-11469
-20346
-18554
19971
-5241
14722
19840
27785
6786
-13697
-3713
8078
22298
31810
-15748
8327
-8979
-14882
3549
-2841
-8803
3936
6369
-25980
-30338
9870
25981
14977
-21119
11134
-32509
29925
-8934
-12409
-9842
-11889
13969
-8872
-12708
-23485
-23708
15758
21274
-11436
14436
13411
-26901
3916
-13023
-2433
6192
11654
31873
-3838
28551
15490
8832
-11127
5506
-32129
-4737
4747
-6376
-10422
-30599
-892
20205
-4131
28891
-6940
-31843
-29855
15583
-20346
-23938
-5491
21117
-7807
-3967
-3709
-32509
-9243
-18407
15243
4491
27277
12945
-31145
26972
-703
-11677
-11123
24601
-26029
26723
22880
14060
-2486
-2526
6787
-2003
20869
3204
-18430
27527
22146
9600
-10359
9858
7040
-1921
-2927
-9194
-19637
-20361
-24696
-277
19932
15579
20708
-29796
31840
-25634
21382
-23170
-10867
4733
-17279
-30079
14468
-32509
31463
-15336
-11381
24712
-23157
-25458
-5037
1627
-18622
-8609
-29554
3864
12881
-23712
-3236
-4115
-11447
15906
3715
-10965
3205
18564
-27646
-2170
5250
3200
-10103
-5503
2944
-22913
18574
24341
-946
29301
27271
27883
29403
16090
-25118
-26981
8800
-12324
29831
-17282
142
-5252
-10879
-30591
-27776
-32765
-26135
-27370
-6519
15237
-32119
-10356
28497
-8360
22849
-29092
-21618
16918
15694
32605
-26787
12015
-16057
-26596
-7552
-726
-22395
14723
-32254
13446
-1407
11904
6282
-8831
2176
-23937
19852
-1005
-28589
-28047
-20602
21738
14042
10456
-2080
6042
24671
-7462
-12409
-29058
2702
-10116
-24447
-383
13447
-32765
-29463
-22251
-3188
4225
-14970
11148
-5554
21336
12098
17499
6030
16149
-17587
18525
-20902
-23057
8263
29471
-21884
21288
-14972
8325
23554
24710
1666
4992
10378
-19327
-641
7808
27539
15890
27987
-6289
21898
14057
-14120
-1834
31199
-3432
24159
28889
31367
-25474
4238
-25220
-7807
-17023
24451
-32509
-3349
-7404
-3701
30334
20101
31881
28746
22615
24898
-5289
-16754
-11243
-20662
-17830
30807
31473
-8123
22812
-1663
-9946
-28284
17795
17922
-28027
3202
896
27018
-31103
9088
-9089
5261
21521
19289
-9619
-27001
10984
-11305
10198
5341
-28777
-21410
-10793
4232
23166
-627
-24964
-14463
-9343
-18047
-32765
29421
12819
22923
-18052
-6781
19079
30279
-5803
5185
2900
27791
1812
7496
9559
19029
24818
-24508
10265
897
-30683
25988
-20094
13826
645
-13183
-8321
31882
-30079
4736
1408
-30580
18704
15965
-32150
19591
14055
-21802
24277
6619
-22634
17245
-10027
29064
-21378
12430
-19076
2434
-11391
-25208
-32765
19437
-21486
-32113
-905
30336
-16506
24389
-23211
-30143
-10157
22159
31762
10823
8279
31571
-12046
-5309
-23269
25988
-15069
9860
16006
9730
-11900
-12671
7552
-11126
-25727
15232
-5505
20624
-5618
-7332
-664
-4727
3814
-7724
5844
26585
10902
2909
31444
-12152
29566
3982
-17540
-18559
6274
-382
-32765
24559
19729
12940
29302
13183
10115
26433
-27309
12609
12111
12944
-14830
-13500
-21933
1873
20724
8770
-23273
10625
-2527
2181
10116
5122
-31100
-23423
-6017
-15990
-27007
128
16768
28297
3854
-4766
19045
30086
2534
-22316
23504
8918
-108
18268
16849
-16759
30590
5518
-31620
-8831
12418
10115
32515
31727
-9969
25997
-21132
12414
14211
31295
4435
-32192
-3762
-29808
28691
-15291
-22955
26449
-13324
14914
10007
-27007
29731
14982
-2172
5378
26500
-24959
-2433
-5494
27521
3712
19328
27276
18957
26979
26467
17544
-14621
-24622
-31791
12245
-10863
19801
-5425
24712
30078
-4723
-32132
-26495
386
21638
32515
17904
-8177
655
11889
-29317
13186
-18371
-25006
6978
20812
17553
-15855
27457
-16305
20045
12533
-17344
-16617
3971
-225
-379
27781
2
-4221
31105
-3201
-5494
25729
384
12672
10895
25356
-16539
-17055
-4215
-32541
3538
9936
15315
14995
-10404
26575
-1911
21118
1934
-28036
-8831
-4223
-8322
32515
242
12047
-31861
4976
27515
-24705
-10950
-944
20289
28744
9362
8721
27711
-22452
-5558
22006
2368
11795
-22402
-5601
15750
-1918
-255
-22909
16257
-12929
-886
21377
5760
8832
-24953
-5621
-17813
-20897
8070
-18462
-29743
13775
24273
22673
15195
13773
-18294
15742
10638
30332
-12927
-5503
-16254
32515
-7439
23310
-3444
23917
-10632
-7041
-21703
9808
-5056
2120
-9839
-12273
20030
-20148
5450
27638
-12738
30739
-25984
12318
-21627
7044
-2559
24195
32129
-20353
22923
18561
15488
9088
18061
5899
17771
22109
24201
21473
-18737
-20530
5584
27280
-27302
18892
30602
24446
20110
21116
1922
10882
-20862
32515
2803
-29426
-32116
-23959
-2442
-17538
8759
9808
-9408
-14780
7826
-15345
1852
-2999
-19130
8695
30781
-9197
-8064
16411
-28285
-23678
-3583
643
11905
-7041
29323
5505
27520
22912
-29298
29450
30063
25180
27786
-15648
22991
-27441
25294
-30576
-12454
-11573
-6005
21630
1934
-27525
-13183
6018
-8838
32515
-10508
-10995
-18809
25447
-8331
29819
9268
26445
-14530
-26560
-25711
-7154
57
-22971
26948
2296
4156
-26865
-27269
-9703
10882
-19331
-4863
-17022
13953
-17537
16523
26240
18304
20608
16011
-1015
-6794
-12711
-26489
13536
20431
24014
-25653
27535
1371
12233
-4468
15230
-14963
3196
1154
21122
-12162
32515
-22795
-24050
28810
12386
-17807
7032
-18895
17483
14907
62
1422
7693
-10442
19267
14145
-24840
-4550
-2033
11645
30743
-22145
-30082
-6143
-27774
5505
-22145
9867
-13184
27008
31872
21647
29705
-6022
4444
22665
4830
-16435
-19761
-1591
31374
9561
-11321
10891
20606
2958
6780
3970
-895
8319
32515
-28426
-6898
-24182
26208
2416
3446
16945
-32438
-25541
-18629
4238
-2291
-15819
-3775
-12992
23033
22330
-18929
-11140
-30954
-13954
-30595
-6399
25986
15233
-17281
29067
-13184
22400
18048
-23925
19977
-20097
-8101
-28537
-24867
14285
-11059
24777
-26483
22872
14533
-27509
23678
-4979
-17285
2178
19074
31099
32259
11511
-9971
-20344
12383
-2194
15731
3885
-31672
-27590
4920
17294
-20724
2099
32062
-452
-19463
12601
-26099
17787
-5611
3711
124
-7167
-17279
3713
-14721
24971
-32128
28032
-31104
22409
-13048
1923
8281
-23674
14812
-9269
-20021
-30780
-31349
-7849
7874
-32117
29566
142
4476
-2175
10626
-21886
32515
-3082
-16883
32140
25691
4460
116
-14291
8264
-20935
23096
-13171
-27637
-26062
-14530
-8899
-15367
-32712
17679
7039
2836
-16515
-1412
-7935
-13951
-14464
-8321
-28789
-5504
29056
25728
31888
10248
-15231
-20392
11403
5338
-17975
3787
-4156
-22390
-27562
-28223
-5750
18302
-23411
-9349
14466
6018
14719
32259
28919
-12276
-22645
3930
21099
5489
-982
-952
-9667
-11975
-9330
-1523
-22220
-1727
21310
20986
-8392
28686
7805
24854
-23169
-18050
-7679
-19583
-15744
-23681
25995
-19840
-17536
17792
-8055
2568
-13948
5975
-15225
-20776
-1081
-18745
-29759
-6265
-4781
-26945
25225
2942
8334
-2181
16002
6018
23420
32259
28152
9741
18057
-26537
-16535
22383
-10712
-14779
-16071
-13773
-10355
7691
11823
-10438
2106
-20998
3127
18188
-15238
24339
11901
-14725
-8191
26241
-9856
27775
-11125
-16512
-21120
19072
649
-14073
-6006
-17578
6023
17111
10439
9158
5567
7815
-13485
31420
-9847
17790
10382
-9605
23426
5506
-22654
32259
25592
19469
8333
-27563
19560
10095
-11736
24134
-27078
-3533
21645
7947
-31441
5435
-9928
-14854
4151
5646
13182
21266
-900
29310
-8447
641
-11392
-19329
1420
-29312
-21888
22912
27276
31495
-18038
-20906
23177
29398
24774
30405
28606
10119
17492
-28229
-10359
17534
-12147
-24965
17026
28546
-3204
32515
761
-29428
-5751
14676
-8346
-2965
12070
-26556
-8903
24113
-1907
27658
813
26936
-32457
15867
-12747
-18421
-16006
-31214
16765
25979
-8447
-7808
-7296
-22913
-13173
13440
-18560
32384
30341
8967
15759
21588
-20347
9942
-12347
-18750
10683
17285
25682
-26440
21386
11390
-5491
31867
21378
14210
19580
32515
11001
17420
-10871
8786
-32155
-4246
-22235
20803
12088
5424
2446
-28151
-12245
4152
-11210
17147
2869
-1014
12922
10769
3708
25210
-8447
1153
-8832
-25217
-4981
2944
-17024
29824
-26744
-12282
16016
31827
27271
11732
1732
20163
2235
28036
14161
-26440
-9335
8574
-3699
-11653
12930
18818
-19841
32259
20473
11532
-17525
10832
-13981
16746
28965
17219
26681
-31952
-20595
24073
9772
26424
-22217
-31493
-25548
1548
-10885
-22512
-17541
5499
-8703
16512
-32384
31359
-1397
23424
-26240
29312
24458
-29946
-32111
8531
-1657
-6446
18371
23232
-28487
3204
26962
29110
-11639
29310
-115
-11653
-3967
12418
5496
32259
-6663
-25077
-8057
-31408
14948
28263
-4574
22338
8505
12077
18062
12042
-24534
30774
15669
-9477
-18381
-16887
28023
18961
27004
-7560
-8703
9600
-12672
-17793
7820
23424
18816
-29056
18307
-30202
29334
24401
644
-16174
-10046
24511
3766
-23934
-11439
-7758
26250
11902
-14451
-19333
-9087
-2175
636
32259
-8711
23051
7561
5710
16737
-1434
-13535
13889
13368
-1493
-24435
1289
12329
-25036
-24782
-11525
-23502
6666
-25223
2832
2684
-30599
-8703
640
-16768
-31617
9868
29056
12928
22400
-16504
9478
7830
14672
-2426
-1584
-16960
22720
-28492
-15487
30544
22962
-24183
5758
-13939
-25221
10626
30338
13437
32259
15354
13067
8586
1100
-15009
-22170
11042
17729
-8649
21547
10125
12042
-6104
-4044
2611
7676
7986
30730
5498
-27377
25211
12154
-8703
-8577
-19328
24959
6540
15488
-30592
-28032
13961
-1019
-29543
29007
30855
-561
12992
-32578
26548
-3456
2896
-15440
-17271
13438
-8563
-30853
25730
21890
-18058
32259
-26118
28170
-21626
-21685
-14241
21603
31519
-25537
1079
16936
11406
16649
25382
-24783
-5328
20732
26417
-29176
12662
3599
9083
-8075
-8703
-25473
22400
-32385
20108
19584
-2688
-19840
-27259
-12539
14749
-5556
31621
4559
11199
-9796
-16208
-19585
24143
-12115
13962
15742
-23411
28283
4738
22914
-31363
32259
12538
-23799
24203
18249
22621
9828
19999
-30399
27963
-22484
-8562
-21750
20010
-13003
11571
18172
8754
-8951
-5510
-16368
-2436
13947
-8959
384
24704
-27009
1676
7808
-27264
-24960
-7284
29957
20889
16203
25993
17868
-21572
-22339
14768
6015
-10162
13744
17289
9342
-24179
24699
1922
-30078
-10627
32515
-30726
9737
-9078
8521
17501
24421
-15586
-32448
28473
13354
15759
32266
-18137
30514
-31184
32252
10545
22793
29306
-28145
4988
-1671
-8703
28799
29824
-31361
16268
-1921
24960
-3712
18313
22533
-25444
22344
-14969
-26932
11197
10685
23471
-23169
20048
-82
9099
-899
-21875
19067
19586
15234
-17541
32259
29178
6664
9610
-21686
-17569
-10394
2590
17985
-6597
-20439
-5742
32009
-8154
-31439
-17872
27132
20016
26376
-19079
2832
18046
20858
-8703
-27778
-31104
17791
28556
-6017
-19584
31616
-28278
9733
29851
-24253
-19575
-32563
24766
8639
6318
-26239
10067
-6226
-1650
5758
-29299
11899
24962
30338
-30590
32259
17914
776
24973
-7610
-29604
873
-17378
2113
2107
10795
-12655
7433
16679
-30927
-19153
27388
31023
-25335
27517
-29681
1662
27262
-8703
-13698
25984
28543
20620
-7041
-4736
-10880
-31599
-6652
-18535
-2238
-21107
26571
-16708
22719
20655
-19328
9810
14000
-15730
2686
18317
28027
20354
-24702
28797
32259
8955
5640
26763
-32188
18778
25698
15643
-2243
-455
-731
-12400
-19704
-12509
-15571
-2261
-11268
-14034
3336
-10631
-25843
-14725
-5511
-8703
19326
27520
18815
16780
896
-11904
-9600
-11638
-15356
-11870
6466
11658
-11318
25020
9405
17833
-29057
-4526
2731
20879
8062
-32627
3451
25474
-23678
21883
32259
31995
-4857
8330
31809
-11177
16734
-25319
12092
22838
-4830
27535
29447
-13791
-27094
-10967
-260
19501
-6394
32376
-2036
32635
6009
-8703
-387
13952
32383
-31348
-29057
1153
-7040
-14712
-25596
-28249
1346
27784
-27704
5051
-15941
4006
-14212
-26033
-5978
5262
27262
31373
7291
11650
16514
-25215
32515
-28421
-24057
3214
-9667
6996
-31394
-18152
-31941
-30409
2083
-10354
22791
-21984
-16854
-3287
7677
-6612
-23801
-16005
8972
9850
6779
-8703
-6531
896
-11649
-22132
-25473
-27008
-29568
-16757
27652
-10072
-13760
27018
10182
10425
18107
-8540
-19589
2383
18854
-15219
14718
28813
1403
25986
32130
23163
32259
-3333
31239
-30582
-13763
5204
-11429
-28393
-12230
-17610
-8928
-10866
32263
-8929
26665
12329
19965
25388
25606
-14729
-23029
-12422
-8072
-8703
20093
10624
-31105
-17012
-27777
-6528
-13440
3204
25604
2479
-28097
-20090
5062
-18248
25016
-30303
-3206
4687
17826
-7795
23166
30605
-2950
21634
30850
379
32259
2556
2567
7050
21563
23377
13914
-30698
6714
16694
31775
8335
7
-20962
-20185
9510
22525
32043
8710
-24201
22027
-19078
-27784
-8703
7805
6016
-29057
-8564
31615
-14464
-13952
22919
16644
-30288
-19139
1160
5058
9653
-20297
20127
121
2380
-8800
21388
13950
11149
-390
20610
-26494
-28035
32259
12796
3591
-6261
-31945
15182
16472
1813
12089
-26058
-3299
18062
7431
7965
8230
-9693
29949
-1494
25862
-14728
15882
-27271
-23688
-8447
-11140
-9089
29823
-20340
-29057
-9856
-1664
22920
8452
-17229
29757
-22904
3007
7347
-15436
12699
-27017
-19381
-13156
28043
8574
23437
-11398
27778
-20606
2422
32259
29180
-25338
8328
-13258
15437
26451
-21230
9271
26678
-19430
9359
-13562
6427
-20447
17185
-28419
-10967
-1020
-20109
26890
1402
-16523
-8703
-31876
-6273
19327
-3700
24447
-7552
-2688
27009
3076
-21575
-1478
-30332
-27971
4018
-11343
29333
11125
587
-30313
11148
14206
-2164
-27270
23682
-13694
8828
32003
16124
-7675
13452
2359
14414
1879
32275
10809
-4806
13342
18320
-20473
25885
15653
-21213
-29187
-5334
-14075
-4489
-13557
32124
-23174
-8959
2428
-3201
29823
-13172
10623
-2176
14977
-23417
-4093
17333
6199
32649
3771
-31314
-12626
8086
31861
5195
15514
-17270
10878
12429
-7046
30082
-13694
4477
32003
29948
-11003
-15732
27188
15179
-10411
-16110
8504
-31175
14365
7824
22280
26140
25891
-14814
-23299
-8151
-21499
-24713
-23542
29306
28536
-8959
-6021
-11649
-28545
3725
20863
-2432
14209
23687
-9213
31930
-30666
-19831
18104
-26964
-2132
2964
24179
26698
-18281
907
-3203
-2676
-27014
29570
32386
-19850
32259
-27396
18181
137
3892
11851
-28589
-1264
-11466
7738
13083
-31088
30983
15898
-11231
-19167
-20227
-6872
-22780
23924
13835
-645
32631
-8959
14971
-28545
12671
-372
-4226
2433
3457
16772
-13565
9150
-21198
32647
4024
29356
9132
29838
-14990
-31669
-12909
22156
11646
-5236
-25734
4226
2179
-1669
32259
-27140
14853
-1653
-18127
-12216
12883
-32496
20790
27450
10011
27280
23815
18202
-29407
-23776
-19459
-32216
11013
17783
-30966
14715
3193
-8959
12155
-18817
24447
141
-8322
-15488
31873
-6262
-18173
23230
9778
-4470
-20556
-15447
17836
23693
24433
-31669
31891
-373
-643
-6004
-4998
-31358
-13182
-23171
32003
-22276
-3324
15245
-28369
-26297
-9647
16399
-13259
-9158
16666
1681
-6394
-29671
-3808
-20705
-17155
19240
-6652
-649
522
24700
14202
-8959
-12422
-24961
9087
12429
-3714
9089
16001
26503
-21501
-1856
-22993
6794
-27214
28584
-20312
-3960
6512
9291
-9585
-22900
18046
12172
-30086
-31358
-29054
-12167
32259
-14340
-4860
2955
1327
27719
26703
-19698
-16844
-14790
-1000
25745
16903
-5608
-16609
18718
-15363
9000
24324
-14987
3082
6268
20344
-8703
-30342
-31105
11647
-21108
-27522
15233
16001
-18812
-22525
29125
-3794
-6264
-3920
-1114
18087
5767
3695
22091
-19827
-21620
2174
-25716
-17030
25730
-17278
-14719
32003
-14084
-20476
-19058
16172
5189
-11952
29198
-31947
-21700
14873
17810
3079
29720
-30945
-32483
-14851
-11225
-2556
23930
4361
13180
-19332
-8959
12410
31871
8063
20365
-19586
-896
9857
8844
-24573
-12347
-12500
28813
-18002
-10843
23208
-4987
-20626
-20150
-28787
10893
15998
12940
-20358
32130
9347
-10628
32003
-8964
-15357
-10100
28963
-29126
-8635
-12534
-4306
22579
-9455
7572
6659
32016
-8939
11029
-13827
798
27395
-27786
-12027
-24203
-21900
-8703
32377
24959
8831
-2676
31358
4481
28289
-15226
-27901
-19256
-10462
-4470
-3670
-7002
-14167
14970
31598
-4791
-17021
-12146
8318
19084
-27014
-21886
12931
21119
32003
-15108
19971
-16240
-10219
-26323
22586
-22009
31525
13353
-19184
-25448
26113
4618
-31986
29454
-13571
12311
259
8059
15876
-31620
1660
-8959
2681
19071
639
2701
13950
22913
-28031
-10107
-30461
31939
15382
30859
31131
-29276
10921
-30869
-11414
-443
-24194
8078
19838
8844
-8326
-10878
-13438
-27770
32003
-10756
18435
-9321
-6385
16422
-6602
-9722
-6371
25637
-29169
-27240
23297
27144
525
-6132
-12803
-14059
-1790
16000
-8701
12415
-25728
-8959
-12936
-6786
1919
4493
19070
29057
6529
-27768
-30973
31941
13075
18318
17038
26528
18088
16998
-28057
-22460
-23173
-18291
25470
14732
-17286
-17534
1411
-8317
32259
-9220
17667
-3177
28429
32291
9009
-4859
22811
-18137
17167
22428
23297
-25337
14860
2316
-12035
-16108
-20478
29568
-20989
6787
-381
-8703
13176
1407
7807
22669
9342
20609
23937
21634
-31229
9414
25615
-2676
3463
-4195
31139
24926
-31131
2118
-8328
-21361
7038
7052
-27014
-6526
131
22914
32259
-2820
17667
19095
-30709
-5600
-721
-20987
5653
9503
23821
13723
23041
16390
2570
6667
-11779
-12526
-27134
27262
-29437
32128
5759
-8703
4472
639
-2434
23693
8318
-31615
26753
19589
-31485
-5174
20495
-13683
-27521
-10343
29857
-165
-7841
-9920
15219
9103
11390
7052
26490
-14974
3971
-11899
32259
3581
17923
12698
-24054
-25570
-31444
16389
7957
-16864
23563
17305
23297
-24827
12297
27913
-11267
-5613
-25086
639
-31485
-32642
639
-8703
6008
-8578
-2690
25485
-19587
32641
-28031
27525
-31485
11987
-1009
-28274
6779
6549
-23907
-24745
-8100
-4290
21101
18061
29054
-25205
28538
-23934
13955
24958
32259
5885
17667
-26986
-19959
16157
6441
-7932
-20462
22046
28938
-18535
23297
4357
17416
5641
-11267
6162
24834
20602
32003
21119
-6276
-8703
6007
-10626
20351
19853
-10627
28033
-13951
27262
-31741
-5673
-29170
-17526
-20106
-10094
-15208
25683
89
21564
1128
-30067
12414
-19061
24186
-4222
3715
-11134
32003
6653
17667
-3944
-25848
-13542
-2266
32260
-21743
13342
-28663
16281
23041
-24572
23303
-8697
-11267
27409
25346
-4996
30467
27774
-30851
-8703
-5514
-16002
-2690
24973
-20867
-17279
-25215
26243
-31741
26073
7950
13454
10864
-28531
16533
-26034
-2987
-20166
8548
7052
17278
-27253
4986
-10110
24707
29316
32003
7165
17411
-31078
-14585
24344
-22491
20484
-6896
6942
7945
-16999
23041
23556
-506
20487
-11267
-16112
24066
-12675
28931
14462
17790
-8959
-30090
-24194
2175
32653
24957
-22655
-1151
-31357
-31997
-26405
10509
4751
25195
-25719
1939
-22965
-6829
27705
22113
-26228
13694
28299
-4487
-21886
2179
-9091
32259
8445
17667
31894
5127
7447
12321
-3581
9231
-19174
-2809
18586
23297
-18429
7174
26886
-11267
19215
17154
6266
28419
-23427
8058
-8703
11638
-15234
-2178
-29043
21117
22913
-23167
3712
-31997
-13858
-5109
25229
9830
-25723
-32116
25157
-18609
-30922
-12454
31884
14462
29067
-391
-21118
3715
17529
32003
9469
24323
-25715
5134
1825
1834
-15868
13856
-2770
15112
-1393
8706
-11770
10506
-19703
-11267
-18920
26882
27762
-15357
32370
10353
-8703
8566
-17026
-642
-13939
23421
-28799
-10111
-9595
-31997
-26393
-31978
-13940
23932
7048
15245
-5299
-22953
29500
8028
-22645
17534
-15990
-3207
-29310
-9598
-28296
32259
9981
-29693
-29556
29201
27941
13358
1029
31524
30005
-504
-25459
8708
-28408
28940
24332
-11523
-18403
27138
-9616
10756
28273
23663
-8703
22901
-16514
8575
13965
11133
30849
-21631
-27519
-31997
-9494
-31974
-29046
14720
-22650
12425
9038
24151
32319
4444
12684
1918
-12918
-23431
25730
-32126
-12940
32259
10493
-31741
8842
785
16676
-20437
-22524
22051
14901
2312
25485
-2301
264
18187
-4854
-11523
-31715
21250
-14226
14852
-24207
24943
-8447
5493
20606
-6018
28557
5245
-30847
31105
21375
-32253
-26644
29977
11145
10110
11652
4486
-6071
31829
-26561
-26537
6284
-2179
32138
-7815
27522
-5502
29308
32259
10237
32003
-2930
11792
-11741
-15827
-19452
11554
-2508
24072
29318
-24828
-6136
-18163
15884
-11267
-26083
27650
-14990
13316
-15759
10098
-8703
-1164
26750
-17794
8333
4221
-27519
-10623
22149
-32253
32748
-16872
18829
30587
-9086
-6267
11850
-17581
-4802
3416
-30585
-4995
-5751
-27271
23682
-20606
2423
32003
10749
29187
-11637
7439
-14048
9002
23044
-12766
-23754
-30969
-19828
-29692
21767
31242
-19959
-11523
-14052
20226
-11409
7172
22897
-18833
-8703
12404
5246
-16514
13965
-13956
23425
-26495
-32641
-32509
26095
15639
6538
18808
-24705
13954
5957
17491
12863
-29357
3980
-387
16010
-7303
-17022
-8574
25974
32259
11005
27139
2444
-6899
-21473
-16345
6148
24353
16949
-14330
16780
-28668
-26618
-25591
1801
-11523
5405
16898
-2962
2308
-31887
13167
-8703
23924
17790
-12418
14221
-132
-13951
-6015
30334
-32509
-13072
7190
-25975
-16269
-24452
-20353
18753
-29360
26173
3408
-4214
-15747
-1143
-2695
23170
-5758
32125
32259
11005
25859
-27504
-24308
18718
-20952
-2045
6690
-19402
-18426
21900
-2812
-19962
-27639
-10488
-11523
22557
19458
115
-3581
4466
-12942
-8703
-14477
9854
-28546
6029
-4228
26241
-6271
18305
-32509
-24591
25365
-21877
-29841
21626
9598
20287
-31153
-16324
-29618
8074
10366
-119
-29575
27266
-5502
-22921
32003
11261
23555
31117
8716
4125
-27355
-20221
-8160
-32201
3590
-7796
13573
-8187
-24312
-25336
-11523
-5860
14338
7023
-5373
26994
20592
-8703
27251
-7555
-7554
20877
25724
-29055
-8319
-21895
-32509
-9997
-3309
-32120
-28307
27512
29561
3386
-29363
-1989
-8119
-6262
-19843
18058
-23943
-28798
-10110
9849
32003
11005
20227
-2931
-32244
19998
297
-18941
-16349
-16326
32006
-8561
-6651
30726
-17912
3080
-11523
-7140
15874
-7568
6404
-19083
14707
-8959
2163
-27267
29822
27789
-27780
-19583
-1663
-14464
-32765
-30990
16913
12684
20844
12151
-12422
18746
7247
-21443
-23477
25740
-27267
-15479
-17799
32642
-10622
7804
32003
10749
19715
-8561
-25845
-3044
16936
-21757
-12510
-10949
22534
1936
-1787
18438
22792
-2809
-11523
8733
16898
17010
-2301
3188
-23950
-8703
15475
-24963
18302
8333
-29060
-28543
-5503
10626
-32765
755
31760
10381
28265
-29835
-11399
-13768
16974
24127
-21942
-3956
-26243
-4983
-22407
26242
-20862
31092
32003
11005
19203
-9845
20235
-25316
-12508
27907
17186
-32453
-29691
-7792
-31994
-32763
27911
-6394
-11523
-4581
13314
-31635
-2301
9333
25970
-8959
-18574
-10627
16510
29325
25980
-21631
-8575
-8837
-32765
-16140
-28657
29321
5736
-27532
-27018
-6349
1101
4670
-27323
8846
-387
-21111
-29063
-13694
-9086
-648
32003
10749
18691
-26994
2826
-32486
1060
23555
-13024
28219
18181
-24176
-13819
11269
18695
21510
-11523
-229
14082
17520
-9469
-23693
1649
-8703
29042
-15491
-25474
17549
21372
2946
-2943
-9856
-32509
-11788
16654
8333
-12702
14449
-27018
26674
-30645
-13251
18244
-13939
-17539
-18295
-29319
-30078
-1662
-14470
32003
11005
18691
27279
28937
10265
31779
20227
8737
-10949
3077
31632
28678
-7676
-14074
2310
-11523
6428
13570
-912
-15101
22899
16753
-8703
26994
-31619
29566
25485
21116
-15743
-383
25217
-32765
-16139
-22003
32653
30560
22127
6517
14384
-32694
19262
12098
4238
-6531
12937
7033
31106
1923
-23691
32003
11517
17667
19341
21001
6681
-27616
10243
24354
22848
-12796
-1135
-26105
10757
6407
16390
-11523
-28388
12546
-8338
-5117
-22154
10610
-8959
-5007
-30083
-31618
397
380
-11903
10370
-5762
-32765
20214
12
-4468
29279
23662
7026
8236
21322
17984
-10945
-12402
-4739
-6008
-31367
-29310
-1150
-24455
32003
11773
18435
30862
7944
5398
14881
11267
-32481
-29636
-30972
12432
-9466
17156
-2555
30981
-11267
-10470
12546
-7569
-17149
-30605
2930
-8959
-26511
22397
26750
-1652
20604
-11903
7554
-13180
-32765
-14858
3084
21391
-423
29802
-23438
24876
25160
23614
7742
-19827
31613
-6264
22393
-20350
-13950
21370
32259
12285
18435
-20081
-5113
1302
-24544
6659
1056
15677
18436
5009
5127
5124
-16379
4613
-11523
18715
11778
12912
-17661
7284
-1423
-8703
24689
17277
11646
-13940
-8581
-5503
3202
-9600
-32765
-16905
19979
16270
-9896
-12951
25200
-7127
17991
31294
-4037
-6514
-20611
-4984
24185
-32638
5763
27511
32259
12541
18691
-11379
-20729
-25067
-17121
2819
16671
-6596
-1277
32145
15879
-9725
22277
-11772
-11523
-30694
10754
-27282
-18173
-2444
7281
-8703
-13200
7805
18558
3981
-3717
-15999
18818
10111
-32765
26872
16394
22669
14423
30056
27758
12327
9798
-23491
16953
20111
-7299
5769
-16519
-14974
9091
31103
32259
12541
19203
10642
22278
29970
-14305
771
-31458
-11460
-8445
1938
-18938
-28669
2053
29444
-11267
-21992
11010
22643
-25597
3701
-2956
-8703
-12688
23677
30590
10125
7548
4994
21890
-32635
-32765
23800
-5624
15761
26448
13156
-28819
-30427
-2236
30269
-20681
-28273
-11139
1161
21881
-8574
26755
5499
32003
13053
19715
1936
10502
-7919
31005
-3070
-25315
-1220
-32765
32403
11783
12291
24580
22788
-11523
-32488
9986
23408
-27901
-14989
19313
-8703
22896
1917
22910
13197
-23429
13186
-24958
30848
32515
27897
21256
-1906
15183
15459
8042
-19167
30531
-18116
-21453
-27760
-13699
-32120
14969
-16254
-4734
27257
32003
13053
21763
-28018
29446
12563
-29667
-3838
-26337
21311
26115
-14958
18440
20739
-31484
-1021
-11523
-4839
10242
-27793
-23549
-19595
-12686
-8959
11376
-5508
29566
-6516
-25733
1666
18562
30848
-32765
-22023
-29688
-30834
12367
-1438
4969
-9440
27715
4413
27442
22160
-17283
-28792
3193
-22910
-6526
-13699
32259
13053
23811
-19056
-2811
-6895
-27619
-3582
-24033
-4800
31747
-32366
-29944
24067
-26108
4868
-11523
-29926
10754
-1167
-25853
-2958
-2445
-8703
-13713
-388
13182
-11636
17787
-1919
15490
9604
32515
-15623
21000
-7280
-24245
-24480
10601
12065
-11965
28990
11315
11921
-2947
25736
14969
-23934
12163
15735
32259
13053
25347
23181
-10747
21521
-15078
-5630
-23011
-7105
9987
-29038
-25848
-1534
772
-26621
-11523
1818
10242
-17299
-28157
19312
3438
-8703
29295
6013
31102
-12916
24187
4994
-28030
-17796
32515
-26374
-21497
24717
-12726
25695
-8858
13598
-3263
18494
31279
8851
2174
26760
18041
-3198
15491
23415
32003
13053
24323
9101
3589
12559
-233
-6910
-13285
-14019
-1790
-29806
14344
-20734
-23805
7939
-11523
-6377
10242
31341
-31741
-18321
13677
-8703
-28049
18557
32126
-19828
27003
22402
32130
17537
32515
-25862
-4602
-12145
7237
-9125
26724
-19173
16960
-21443
13101
-11630
-10115
1416
-32647
-1150
16259
29051
32003
12541
23555
16784
-8956
2575
-1513
-7422
-18147
22594
7427
-14702
12297
4355
16644
29443
-11523
-17127
10754
-5264
-29693
29042
-1166
-8703
10351
-7812
18302
-28276
29563
29058
-16766
27779
32259
-17158
27654
23697
67
6746
8803
-32742
-4033
26686
-21203
23954
6782
19592
23417
-30334
-638
8305
32259
13053
27907
4490
-26108
4878
2069
-7934
22042
-26308
-18174
31889
-12791
27906
14851
-7678
-11267
-23785
10498
29801
-31741
367
28522
-8703
-5778
-1668
-30850
-15476
31867
4226
24962
13691
32515
25595
23302
1932
-32448
8536
-30112
15385
12094
-12740
-11224
-25965
-14979
-1913
377
-26494
11907
22901
32259
12797
30211
-7285
18948
-10484
-8172
-8190
-1255
27966
-22014
1168
17418
24322
2051
-18942
-11267
5400
9730
-9109
-32765
4207
-24724
-8703
-21650
-19588
16510
-27252
1403
15490
-29054
1408
32259
-27909
8966
-9074
24893
-5548
20320
-30696
2877
28733
1320
-24174
-13443
-13433
20857
-21630
17027
5495
32003
12797
-30973
27020
7428
20748
-7405
-8702
-32486
14655
-30206
-2929
-22774
18946
259
-29950
-11523
-29672
8450
-13716
31747
16750
-28820
-8447
-13714
-20100
10878
-29044
6523
17538
-19838
10624
32259
-6405
-1787
-20338
-19654
7507
-20387
27414
11068
-14275
-20187
4499
-9603
-29561
10873
32386
10627
-4496
32003
13309
-29181
4745
3332
9484
13586
-8958
-18151
19518
25602
13200
-10229
9986
-16126
23554
-11523
31512
7426
22377
32003
-23954
-20631
-8703
28782
-21636
12158
15756
-4742
-1151
-31102
4989
32259
11004
-28923
18317
11065
22353
-7847
-5869
14650
-28612
22818
24979
-2179
-26745
10105
-14974
16515
23158
32259
13309
-22525
-10869
-22781
27146
10770
-8702
-10727
-20163
27394
31630
-11765
9730
-18174
27650
-11523
28440
7426
18028
32259
22126
14188
-8447
18030
-23428
16510
24972
-646
20610
-19070
-24189
32515
13052
29957
-10096
-32716
-4532
-20391
20755
-21447
10812
21026
-9327
-10115
26759
4729
-27006
1411
-8075
32259
13565
-17149
-9333
-28157
7434
-23536
-8958
-31463
22591
16642
-22642
-500
1026
-32510
9986
-11523
14361
6658
-6293
32003
-17555
-26773
-8447
3950
-18308
1662
11404
-12934
11394
29570
7294
32515
-29956
23301
24206
-21454
-30389
4694
-31215
-6857
-1221
-18658
31122
1150
9607
6777
-18046
-5502
-29326
-32765
13565
-12285
-7543
24067
18185
17423
-8958
-27624
-7362
12290
7566
14861
-6143
28674
8450
-11267
-26600
6658
-18071
31747
-19347
-23190
-8447
-27283
14460
15230
-3189
-18310
21122
-28798
-24965
32259
-18692
3845
6285
-26833
-22968
11346
-15089
24373
-16839
13596
22161
-2691
14471
16761
-22654
16003
14970
-32509
13565
-3325
-17779
11267
13064
-19954
-8958
-744
-12994
9218
17549
2830
-8447
20482
-7167
-11523
-16359
7170
8302
31235
20076
26220
-8447
-28051
23164
17022
17036
-14726
24962
-19838
17025
32515
-12292
517
4241
-7893
-445
-13745
17423
-28365
32056
23578
-1905
-8835
5255
15225
-9342
-4734
28276
-31485
13565
5636
-20342
2307
-21497
-15348
-8958
-2536
-28352
5378
28557
-2801
-13567
13570
-10495
-11267
-31719
7170
-18070
31235
-5524
-16278
-8447
14445
-32388
13694
4236
-18566
-28286
-32382
18043
32259
1277
-12540
24461
-23000
1857
-9143
-8180
13617
15927
-9706
-20593
-18563
391
21625
-24446
-7294
-4748
-29437
13565
3332
-15733
-2558
28167
-9461
-8958
5660
21319
8194
-20081
5137
-7679
26370
-6655
-11523
-26598
8194
-20629
-29693
-14480
-19601
-8703
-3732
21884
-3459
6284
-22918
23170
-21374
-24196
32515
509
19716
-7538
20262
-21954
29255
8460
19506
2363
-26857
-11888
1662
-14714
28281
-15998
-8830
6008
-27645
13565
-27132
-9332
-9982
-32762
-13813
-8958
18201
-1471
4098
-17781
28945
-16895
5122
-20223
-11523
-6375
8706
-4757
32515
18027
-9364
-8447
-30868
14972
20350
-1397
-17542
-30846
-23166
20349
32515
6909
-32252
7055
19234
9018
-29883
-15350
2351
6199
-10221
15758
-2691
-21114
-136
-15998
-1662
6002
-24317
13565
-11260
30345
-13566
24582
-25847
-8958
-6633
-17598
1538
-6261
21011
-18943
-255
-24319
-11523
-8934
8450
26216
32259
21354
20839
-8703
11372
-3205
8830
-3701
7290
27266
-25726
5493
32259
9981
19716
-2166
14624
-11720
-28097
19977
-4052
22838
-3312
-26226
-12419
-27002
9593
-27262
12931
-21391
-18941
13821
-8188
-10872
-18686
-26363
-2040
-9214
4631
26946
514
23179
-20717
-20223
-2815
-27391
-11523
27417
8450
-13721
32515
-18327
3687
-8447
-10901
-2693
894
-17013
13434
27010
-1150
-31623
32259
10493
3588
-372
-22244
-21452
-3268
31240
-25045
-6347
7439
24206
-10883
20358
14969
-8318
-4222
26996
-13821
13565
-5628
16266
-22270
-3836
27144
-9214
25622
-5566
2
6027
-16620
-20991
-4863
-28671
-11523
-13288
8194
-23448
32515
10088
-11162
-8447
-22165
5500
-7043
-23925
13690
-23422
-17790
-390
32003
11005
-7677
28045
13593
31792
-29382
-19193
31017
4149
-6131
19854
-2179
-15995
2425
-23678
24707
14444
-5117
13565
3333
12934
-23038
-17916
5383
-8958
18197
-8638
-1023
-31349
-25067
-21247
-8191
-31231
-11523
-19688
7682
5476
-31741
14184
-9373
-8447
17515
-18053
-131
-24181
-135
28034
7299
11892
32259
11773
-13821
-8567
5656
-23250
-9419
-19706
27687
-22989
-5621
-7026
8062
11142
15225
-27006
-14718
30065
7172
13565
14597
6536
-24318
23812
-2298
-8702
8982
-4285
-1023
-26486
1046
-20735
-7679
-31743
-11523
13849
7938
-2970
-29437
15976
15974
-8191
-32149
-20101
1150
-24693
3450
-30078
-19582
-32647
32515
11773
-19453
-29556
17941
-8918
17716
17670
18471
10804
14091
27278
-8067
-23675
17273
-12158
14467
-27022
17156
13565
-30715
-12408
-25086
13828
-20986
-8958
-14826
5957
-1535
9610
25368
-20479
-8447
-32255
-11523
22042
7682
-22681
-27389
-5785
-29338
-7679
6507
-18565
-5251
4747
6010
-17022
643
9337
32515
12285
-23805
-22388
-9453
14377
-25807
-20475
6694
-18636
22026
8334
4222
31877
21369
-18558
12163
-8596
-29692
13821
-17147
19077
-25342
2820
16646
-8958
16662
29253
-1791
24202
14873
-20223
-8959
-32255
-11523
16410
6914
-2717
-22781
11624
-30365
-7167
-8342
-27525
7038
-2678
5754
-17022
10627
22646
32259
12541
-29693
19339
-29166
7463
-26066
13061
23332
30259
17161
29838
-3459
1925
25465
-10366
643
-15502
-14844
13565
1030
-18296
-25854
-15357
13830
-8958
-25578
15942
-1791
29321
-11239
-19199
-8703
-32511
-11523
17947
7426
28519
-21245
-16793
-24219
-5887
-13462
28027
-1667
-21878
8314
-6014
-1406
-29571
32515
12285
31235
-17522
14352
-25565
16942
1285
-18909
-13773
1033
24461
7550
18053
26489
-8318
-12158
8052
5893
13565
8966
-10102
-26110
-13821
-11003
-9214
-998
-30641
-767
-25460
-30179
-16127
-7167
-32511
-11779
-27363
7938
-26007
-9725
20587
-29591
-5375
-2710
-28549
-643
-13430
-9351
-8062
-15486
-12679
32259
12541
26883
-28018
-10225
28195
-12502
31748
32037
1083
9
4496
-3715
645
15225
-8574
-24190
12144
-24571
13565
-18938
29575
-25854
-22525
-25851
-8958
22807
-14520
-767
-18807
-18403
-16639
-8447
-32255
-11523
-8420
7938
3174
-8445
29545
11622
-1535
-32406
26491
-7043
-19574
-13703
-382
-17790
-1675
32259
12797
27907
-32117
-12274
17185
-15576
25348
545
-18381
9223
8845
7038
-4220
-12423
-6270
-1406
12152
8710
13309
24327
-15221
-26110
32003
3846
-8958
-29672
-4790
-511
32648
25630
-15103
-8447
-31999
-11779
-18915
8194
11114
-6397
-18584
-7832
2306
23402
-30085
126
-26998
15482
-4222
1155
-27781
32515
12541
27395
6799
27917
-5858
31017
13572
19489
18996
2055
19340
-1411
23940
-22151
-9854
2179
-19086
28422
13309
-17401
10121
-25854
29955
8709
-8702
-22504
-21685
-1279
1673
-30688
-13311
-8703
-32255
-11779
23838
7938
11623
-2557
5481
15974
5378
-7831
19835
-11907
3210
-3719
-3454
11139
-1931
32515
12541
24067
10380
14348
-12259
23587
-15869
10783
-26060
-19707
8589
8574
18820
29305
25730
-27774
21874
12551
13309
-7673
14984
-26110
23811
13829
-8958
16153
27725
-1023
13194
-26591
-10239
-8447
-32255
-11779
-226
8450
-16026
7172
-8855
-20634
12802
3434
30331
-1667
12938
-6023
-24190
-13694
-19338
32259
12797
22019
-6005
6667
-7653
-31197
-23293
28190
-13517
31237
-22644
-4483
6020
-31879
-11134
-4734
-3977
-29433
13053
-24568
-7029
-26110
17411
12549
-8958
-15334
22351
-1023
6026
17187
-8959
-7935
-31487
-11779
-4833
9730
17514
8964
6762
16490
15618
21610
23675
-13443
1930
-14471
-4734
7043
6265
32515
12541
21763
-1395
12810
-5351
19234
32259
-32482
-19917
7941
23180
-1923
-8829
28537
-15230
-6526
29298
25352
13309
521
19592
-26110
17667
-8188
-8958
25882
16720
-1279
-16502
3365
-6399
-7935
-30975
-11779
12064
9218
-14746
23044
-32662
10600
25090
22121
17275
-7555
-7287
-32647
-8318
2947
-21903
32259
12797
19971
8586
-13559
-31719
25375
21507
-19684
-14541
-25340
7053
14718
-21117
-14983
-23678
-13438
-13198
20233
13053
-24311
2184
-26110
12291
261
-8958
32027
-15023
-1279
-32374
294
-3071
-7423
-30719
-11779
12577
9474
16487
-32764
24426
3176
-29950
-26263
14971
894
-29559
-14471
-4734
1411
-13962
32515
12541
19971
18572
-13304
23831
11551
19715
10269
-14284
-29180
20620
4734
-25981
28793
-16510
-9598
31605
-503
13053
17418
-13431
-26110
11267
-8188
-8958
-21988
-25261
-1791
16522
-17368
3586
-5631
-26367
-11779
17954
10754
-21400
-24060
18538
19305
-18686
-16535
23419
-5763
31369
-25479
7555
-2174
632
32259
12541
19971
14221
20488
-24810
22301
12291
-6628
-10187
8708
18060
11902
-31357
27001
21890
-11134
-19091
-13814
13053
-21238
-8827
-26110
8707
-19964
-8958
-30180
-15021
-2303
-15478
29738
4098
-6399
-28415
-11779
21538
9474
15460
-11260
-2966
-20891
-5630
-32151
19579
638
-27767
-27783
-27774
1411
-28814
32259
12797
19203
13706
-6137
10517
26139
7427
-26341
14901
-18685
-24692
894
13187
22393
19074
-13950
-8844
-27125
13053
-28150
-11127
-26366
7427
-6140
-9214
19488
25435
-1023
-26484
1067
17922
-2559
-25087
-11779
-8669
11778
32105
4869
-12179
17004
-5374
18025
-28805
-13443
18057
22905
-32382
3203
5498
32259
12541
18435
15247
3847
-7661
27676
6147
-3041
7741
25860
14991
638
2179
-6791
-30846
-12670
21620
-25588
12797
-245
-10104
-26366
6147
-7164
-9214
-8162
3928
-1279
-23670
-20948
16642
-3327
-23551
-12035
16163
13058
8296
9733
5227
-3991
22019
30569
22139
-13699
16777
-12679
-14974
8835
1400
32259
12797
19715
-26739
-16890
9235
-23782
2051
11804
-28872
-30205
25997
6526
-14462
24697
20098
-20606
-3218
1806
13053
18444
23429
-26366
5379
-23292
-8958
31518
-680
-2303
-2934
7469
14850
-4863
-24063
-12035
32292
11010
-12444
17413
23658
-27291
-16381
14697
11387
-16003
-5752
26233
-24190
1155
22389
32259
13053
19715
-24181
14598
16914
-21992
-1790
19227
27191
16387
-19059
16254
-30334
-27015
31362
-20862
-21388
-9714
12797
781
17800
-26110
4611
8453
-8958
25631
1882
-2047
30858
-31954
26882
-1279
-23295
-11779
29220
15106
15720
-32251
-29846
-9368
-4349
29545
6523
-8835
-12920
27769
1155
6531
31869
32259
13053
20483
8592
-7419
2833
8219
-1022
16924
24377
26371
6286
4478
31106
-23175
17538
-15486
2420
-2289
12797
23821
-31864
-26366
6659
4613
-8958
-31456
31323
-2303
-16758
-28624
-30462
514
-15359
-11779
-29403
17410
-3993
-3579
-32150
18536
16900
361
6523
-5507
-22136
23673
-27774
6275
8056
32259
13053
20995
-10355
-9979
32017
12314
-4350
6173
-20933
11011
29583
18046
25218
23161
13442
-18814
-15247
7953
12797
-27379
14215
-26366
6147
-5372
-9214
-8929
-3237
-2815
11403
14896
-24574
2562
-13055
-12035
-23003
17410
30822
10246
-7830
19816
-22268
13417
16251
-2947
-17784
6265
-26238
-1662
-394
32003
13309
21251
14477
-22267
6161
5657
-5118
21276
19260
4099
-369
23166
13186
-9863
10882
-13182
-25737
6674
12797
11023
16265
-26110
3331
-13052
-8958
-25570
19800
-2559
-24184
-28626
-30462
1794
-16127
-12035
28965
19202
-663
-17147
13415
-9625
24324
-5528
20091
638
32136
-24199
-28286
10627
-25733
32259
13053
23555
27279
-27899
14864
-7911
-4094
11036
7740
13827
25232
-31618
1410
-10375
25218
-32126
-10639
-29421
12541
9488
22662
-26110
3587
-25852
-8958
2847
-20135
-2815
27784
22065
-22782
4866
-10239
-11779
-16091
21506
12902
-6395
19815
-14748
-8444
-18840
18811
3454
23432
29561
-15742
899
-22923
32259
13309
25091
7052
24837
32271
-21994
-6398
19739
-31942
-9470
-24177
24958
6274
-25479
31106
-20606
-145
-29163
12541
-4080
-3196
-26110
3587
-26876
-8958
13855
-20903
-2815
10120
20274
-21758
3074
-15103
-12035
550
22530
-28059
11270
-4249
-4763
24837
361
13435
4990
22920
17017
-15486
3715
-12171
32259
13309
26371
10380
-16892
-6387
-8683
-6398
-13799
-19911
-14334
-11890
20350
-8831
-18567
32386
-21886
2165
31766
12285
-7919
-15993
-26110
2563
-23292
-8958
-20449
-26533
-1791
29575
20019
-510
12034
1026
-12035
-19674
-32766
-13721
20230
1383
31079
-8955
1385
6267
-3203
12424
15225
-6270
9347
15992
32259
13309
28419
-19571
31492
1805
-2541
-7422
3098
-2758
-26878
30094
21886
-10111
-6535
12674
20098
6257
-31720
12541
-7151
-21882
-26366
5891
31492
-8958
14627
14945
-1279
14986
28725
14595
15874
-4095
-12035
-28376
32514
-9114
-21242
5482
20840
9733
-26776
-902
-1411
15752
15481
-26238
-14974
10354
32259
13309
27651
24971
27396
27917
-9198
-8190
27676
6464
-23294
-10096
-30082
-15231
4986
21378
-29822
-17809
-17639
12285
6420
15492
-26110
4867
-31740
-8958
-2273
11612
-2303
4231
12598
3
8962
-8447
-12035
16424
32514
-10140
-14586
-28314
-13725
3591
-6040
10619
7806
11912
31353
-12926
5251
22901
32259
13309
-31229
-13685
1540
-23029
29202
-8446
-21992
12091
23042
20110
21886
15745
-13703
20610
32642
1650
21531
12285
29205
-24443
-26110
5891
-29180
-8958
-1760
10078
-1535
21126
26168
17667
17154
7682
-12035
12585
-22014
4198
-13562
-13979
-20636
27399
-24984
-11398
-14979
-15993
14969
-10878
2947
17526
32259
13309
-26109
6284
-11005
-9718
-10991
-8702
-24040
-32196
22018
-11379
14974
14209
-10631
14722
32642
-29847
13854
12285
-29674
17281
-26110
7683
23300
-8702
-29151
-4001
-2559
19334
-32710
17667
16898
9218
-12035
7978
-20222
20065
26375
9574
7777
-18424
-12184
3195
-11395
-13177
13689
-17534
-2686
30064
32259
13565
-22525
27272
-18941
-29942
29199
-8958
18968
19772
13570
5518
21886
7041
-23687
14210
21122
5487
-32480
12029
-21225
-10621
-26110
7683
29700
-8958
-16863
864
-1791
12933
-2758
-28157
25090
18690
-12035
-27862
-12798
10340
-9465
28773
32611
-25335
-152
-3718
-8579
-18553
6521
-17790
-1406
-29579
32515
13565
-16125
21643
26115
5641
-22257
-8702
5912
-29124
12546
8077
-30338
-22656
890
16514
24194
22896
-30430
11773
9753
15492
-25854
11011
28676
-8958
18722
4705
-1279
19588
30525
-11517
29698
14338
-12291
-27349
1539
-32156
-20984
14181
1636
-20982
-21144
-5510
8574
21639
16249
-17790
2947
-16268
32515
13565
-7933
17547
18179
-14328
26638
-8958
26903
-9412
9474
-18548
-26754
-21888
-6535
12418
-31358
-21909
-25307
11773
9241
9345
-26110
17667
-31228
-8958
9250
25696
1282
10116
-2754
18948
-19454
-13054
-12291
1324
-2558
-8607
-17911
-29595
-13727
13068
-21912
-5510
2174
26759
3449
-8830
387
-23183
-32765
13821
-6653
-9080
9987
21512
-6388
-8958
-5098
6205
6402
20620
-31106
14720
-4743
24706
-31614
18545
-217
11261
-23526
-28796
-26110
21251
-24316
-8958
-26333
5986
2818
30851
-9153
-26108
-11518
-9214
-13059
28205
21763
-3740
13322
-18331
-28316
17933
-12952
9339
-1923
5767
12665
-126
8579
1657
-32509
13565
2052
4493
2051
-32761
-7156
-8958
-23529
14910
5890
-19317
-21890
8064
17018
10114
22914
-9871
26410
10237
-21734
27013
-25854
32259
6661
-8702
-4060
-18588
5890
-19324
21827
19973
259
17667
-14083
5423
-26365
-8859
27403
31080
-17562
27918
-13464
-4486
2686
-1402
-32135
-7550
5763
10099
-31741
13821
-4861
27786
-766
17159
16139
-8958
-31722
-1474
2050
-18550
24958
4224
3962
6530
25474
-913
-27602
9981
8220
-23165
-25598
-27389
5637
-8702
18214
6248
4866
-7803
24643
29701
4355
-1022
-14851
18736
-27389
15973
28684
29801
-6809
24592
-21144
-3974
-8579
-6778
17273
-10110
10371
4466
-30205
13821
1796
-10615
-5118
-2298
28938
-8958
27158
5950
770
-10870
16766
-23425
19322
-11391
19586
-30088
-25805
10749
12060
-9593
-25342
-25597
28421
-8958
-5336
7017
14850
-20345
-11454
12806
-28925
-24317
-15107
-1744
-509
8043
-31220
-13207
5740
-3318
-1176
-3974
-13443
31622
16505
-31614
8835
23929
-27645
13565
-1021
-29298
-12030
26118
-12278
-8958
6169
15171
4098
-23923
-27010
-31617
-7303
-1151
21122
-30606
-30412
4861
-2530
6533
-25086
-9981
26629
-8702
12585
25194
13058
20869
-30391
-31738
26627
30979
-20739
-3278
27396
-24474
-32755
-2711
25448
-16109
6249
-8326
-9347
32134
-3976
-18302
7555
882
-26621
13565
18948
8842
-13566
8966
14345
-8958
13590
13632
-255
-29046
-15490
-31105
2938
2178
4994
-28303
-21704
3069
25376
-2173
-24830
-253
-31739
-8446
-21206
25965
16386
12166
-9910
3335
-22525
-17661
-24579
-10445
-28156
-31130
8206
-8343
29287
-25067
-22424
-4998
3454
-30842
3193
-12670
-10622
26227
-22781
13565
28676
20618
-17150
-4859
5385
-8958
30487
2370
-767
7819
-6274
7039
14458
-6527
9346
-25226
23867
-4868
-479
11655
-24830
1796
26630
-7934
22316
-14739
27138
-22907
-27315
13832
15620
22788
31997
-31436
-31995
-10648
15887
30314
-19605
31768
-9624
-4998
15742
20870
5753
-22142
4483
3446
-19453
13565
-26876
10380
-19710
27909
-10744
-8958
13080
23363
-1535
14731
-18818
-23682
18554
-5503
-1151
18801
-14531
-9476
-23262
-23677
-23806
11012
-16891
-7934
1324
30830
22530
-17530
-3507
-9209
-1533
7172
26109
30773
21253
7526
-1009
20074
-18329
-1512
15464
-9606
9598
-8315
-2952
-23166
-8062
-27794
-16125
13565
-24572
1672
-22270
3845
25863
-8958
4374
6978
-2303
30604
-6018
-29314
21626
-5503
1666
-28302
-11710
-16388
2340
12420
-23550
18180
-1531
-7422
-3028
-25489
29442
1926
-7602
21768
13572
-20732
15613
-17099
-30459
-13466
-6896
618
-21401
-11493
17256
-12166
10366
-2171
9081
-17534
1411
26484
-7677
13565
-15100
-6774
-24318
30980
15111
-8958
15894
18498
-1535
-19573
-29570
-21122
12154
-5503
1154
-29324
-15545
30204
-9691
8069
-22526
25348
8710
-6142
-22738
9842
-31998
27269
16722
-9720
24836
-14332
-4612
-1994
-31482
-22169
-2799
-16023
10858
-23266
-19353
-25734
-7043
-123
-9608
-12926
-1150
16501
2820
13565
-3836
25227
-25342
11524
-19706
-9214
8728
-4284
-1535
13196
-20866
7294
19066
-24703
7554
-2453
6481
21500
-25048
25472
-20990
-13052
11526
-4350
-210
5236
-27646
25221
-6058
-20727
-24572
16133
-18692
30776
-11258
-19358
6163
-14488
-21661
22563
-14234
29818
-2435
-26235
-11400
-29566
9859
15471
30212
13821
18949
30855
-25342
2564
16902
-8958
-1002
-3258
-2047
9100
22654
-7299
1146
29313
9090
-13199
-10922
1276
-12758
899
-19710
-6652
-19962
-2046
20784
-30347
-18686
-13948
12120
-23542
8709
-30459
18428
9018
-26361
-32155
-7660
-8856
17767
19751
3942
9338
-19075
-24443
23672
26242
13187
9589
-13564
13565
-25851
-13686
-26110
-20733
27142
-8958
13848
-12216
-2303
20620
20350
-21379
9850
-1407
4738
-26510
-6309
28411
4654
19587
-16126
16389
1799
1795
-11983
12920
-11262
388
15452
-30709
-19707
8454
-18949
-31684
-13560
-6555
23574
-25752
-11162
32554
-11163
27770
30845
26501
-32648
-12414
1923
-12685
9733
13565
11782
24714
-25854
-22525
4614
-8958
8728
16202
-2559
-25460
-28546
28285
1146
-29311
-15999
-22935
-32666
12028
21299
26491
-16382
12549
1287
771
25646
-2450
-31230
-18300
5464
7689
-1021
10501
10236
15162
4871
11359
-239
22370
5723
15390
24933
9338
-12163
17541
22648
-27006
-6782
31344
4102
13565
-22522
-24697
-26366
-30461
14598
-9214
-25577
-32185
-1791
26510
17534
6269
-26502
-22143
-19327
23410
-10651
23035
-18894
-2943
-11006
-26619
23047
6147
6452
-27014
5635
-6525
21342
-21748
26630
18695
10747
18238
-31479
-3483
-20457
18022
-24220
17199
25445
12154
32381
-3708
-11144
-26494
-12158
-22150
518
13309
-6138
-14451
-26110
-25085
-20217
-8958
1565
18000
-767
143
26494
-3716
-29318
-25727
-7807
-21648
-13462
-11526
27189
-6528
-4862
-1531
-21753
12547
-13003
-1157
18179
-22909
-22175
-12275
-14586
-28921
-28166
23103
-10742
9573
-3816
25191
-21915
818
6501
10874
-29571
-6012
-28040
-29054
387
-27788
-30458
13309
25863
14730
-26110
-26109
-4090
-8958
18460
-31919
-767
28559
27518
25980
28538
7553
-15487
-30866
1649
-26886
29495
11391
-510
25862
-6905
16899
13110
32124
27907
12931
20579
-29426
19719
-4857
6906
-14784
-8182
7524
4891
9319
-23196
12855
-10652
3450
-22403
29060
-27272
13186
2435
15987
18695
13309
-10233
24969
-26110
29955
14086
-8958
10524
7250
-767
19087
-24450
20604
-17030
30593
-23935
-27531
9592
-16391
-27333
-25470
5891
-16634
-2040
32259
-3529
25213
516
2433
20582
-28400
-30712
8969
3065
6723
30989
9832
6685
-26266
-11929
-3780
9573
7034
-16515
31108
-21384
32386
-10622
11895
18952
13309
-9208
-21877
-26366
27651
774
-8958
32541
-4012
-1023
-371
-11138
2172
-22918
18561
-19071
-26257
-4734
-20232
4927
23679
8451
17671
5897
-17917
6969
3712
6148
-24448
7531
31249
-24056
20745
-28681
10308
-14578
27748
13855
29030
-11164
-11451
-2972
31354
-12163
12676
32120
30082
-7550
18801
7690
13309
21769
9608
-26110
20739
-30715
-8958
-21220
-23211
-511
13966
-31362
1148
-6278
14977
-18047
-19090
23685
-15112
-15552
-23426
19459
-13561
11785
-11005
-17351
-20609
-30460
-13696
8300
29970
-18679
-10742
30455
-8379
-9714
16740
30496
-32666
1380
8519
-2460
-3207
-31619
16004
-22152
30594
-3454
-19599
-25846
13309
10
7304
-26110
16131
-28411
-8958
10525
-2731
-1791
-24947
28286
-27781
123
22145
-20607
-17293
-17016
28663
-2494
11393
21763
-1273
16906
1540
23610
-22145
-12540
23167
1646
-15341
24586
27403
6390
-15290
-14319
1895
-8159
-16539
15974
-15286
29541
28538
32125
-8317
-20872
30338
-6270
17267
19723
13053
23050
32648
-26110
10499
16645
-9214
16924
-13227
-2303
-18805
-18050
24443
-18822
17281
-18815
-4755
1166
-7690
14149
9854
30467
-22264
-12023
8708
15163
-25471
-10236
6016
-7825
19220
18954
-1014
22261
-22456
7442
-9629
9507
26726
12644
5965
-30107
15482
-15491
-29309
19064
26498
2691
2923
31500
13309
-6646
28548
-26366
8963
773
-9214
-15333
-22699
-3327
6284
-22402
11387
14459
18049
19073
9327
20115
12278
-13753
382
-27389
-5880
-18678
22276
-11716
-9343
8965
-11138
-26767
-28395
15627
28428
21748
-17591
-15342
-15260
18980
21605
-23965
-23983
-29851
10362
-18819
30851
-8328
-32382
-19582
24432
-12275
13053
31243
-6522
-26110
3843
-11004
-8958
-2790
11859
-3583
32393
-642
-3462
29051
7041
24705
23665
-7529
-21260
10571
26495
-15613
27145
-29429
-16380
-5571
-21885
-11259
13182
-10892
1559
27148
7694
-6158
20811
-5611
-16795
-32475
19045
-14492
-28587
-24731
13434
-9347
20099
3449
-30846
-17022
12913
4623
13053
29452
25479
-26110
1539
-26108
-8958
24603
-28331
-4095
-11384
-13442
31354
29563
20865
28289
-5272
9886
-21773
31821
-1159
516
15626
5643
3845
-17858
-1660
-5115
18302
18040
-13545
21772
24078
-21007
-21428
27413
11361
-14296
15206
17506
24413
-26779
13690
-17795
-12670
-10632
-28286
-8062
-12693
-1776
13053
4621
15747
-26110
771
29188
-8958
12059
19029
-3839
-2168
