-23942
24194
-28798
-19078
32003
-14596
13318
-15989
-16592
-20920
-31920
27664
-18894
14388
23062
30349
-10492
-8171
11548
-20197
-18435
25383
25348
-20107
-2041
12664
27765
-8703
15227
-3201
639
-32115
2687
-896
2433
15749
-13565
-14141
-2761
12937
-12617
-29266
30381
-3699
-28305
9031
-28531
15243
10022
-23692
24186
-24446
-18558
7289
32259
-12548
-2043
9099
4911
23879
20558
-31217
-8655
-31693
4117
14477
-28668
-20460
6683
27418
-17667
-23258
7428
-1420
-1529
32119
26996
-8703
-14982
-8833
-2690
29581
-16258
11649
10625
-18299
-16637
-23099
28470
-29559
22453
25772
-31828
-32117
19566
-23482
-16502
-30582
32036
31602
-28806
-31358
-15998
-21635
32003
-11268
3078
-23411
-27860
28996
19789
1807
9265
30772
-25068
-30836
28420
24340
14875
5914
-16131
-24794
25348
3703
25095
22134
-28298
-8703
-29830
-26497
-7298
15501
-12930
12161
10625
-11385
-19709
5575
32054
-19062
-23374
25002
-10837
23945
-23955
-6586
-9079
18826
23844
29297
7802
-28030
-24958
-28809
32003
-7428
-14843
31114
-18132
1860
-28342
14094
-26576
-3021
-20717
-884
-13052
-28909
-10727
8729
-14595
-23003
-18429
19571
28167
23927
-31372
-8703
29306
-18049
-1410
25741
23934
17025
6785
-16257
-20989
5835
-29132
32134
29618
-13911
-20312
14726
7532
-10939
-15738
-19318
-29916
-23953
18810
29826
-13694
-19080
31747
-8196
-30715
-12150
-13014
7746
25417
17421
-14545
4660
-19694
3469
-2045
-28654
-9960
-18153
-14339
7461
-12797
17524
8199
-8331
26483
-8703
20090
-21889
4223
19853
-24962
2177
21377
10629
-23293
1227
-1742
24201
-16977
-9305
-3928
28291
20075
-18363
19589
29066
-31455
-11667
11130
30338
-26238
-18310
32003
-6916
26373
-5749
29992
21056
-22456
-3316
-14801
13876
21010
-15220
28164
28178
21528
-20714
-13827
-8412
-2813
-396
-14842
8821
-654
-8703
-3463
25983
4479
-28531
32382
6785
9089
1414
-25085
14797
-11727
-4727
-23123
15270
-25433
-12671
31595
-7355
-3709
28554
-19422
-9620
7034
16258
-23422
-15246
32003
-4612
13317
24199
-21209
26943
4421
-21237
10030
-32461
27408
21133
9988
-11248
6678
-13291
-12803
-10461
19715
11888
-28410
21877
-16785
-8447
-12935
24703
13695
32397
-30850
1921
16769
-8320
-26365
7889
13872
20102
-27733
-5980
12965
-27780
-20631
-14780
-27522
-7030
31265
-24215
10874
23682
-18558
4474
31747
-7428
-13564
28300
-18907
31037
-19388
-16885
5680
30520
-7662
-17778
-29180
22803
-6375
24599
-12803
32036
-24317
14197
19975
18295
-17547
-8703
19065
28031
-8322
-32627
28798
2177
15489
10631
-28157
-10290
-31187
-12662
21416
24994
-13915
-3460
-12440
30533
20867
-28022
29473
15212
-5255
30082
-17534
14203
31747
-5636
-27900
-18548
6950
24381
21320
-28405
14896
-20681
-19439
31886
-26107
27410
-28649
27926
-12291
23076
-26621
-2956
5383
27768
-10122
-8703
-16520
10111
1919
-12915
12158
15745
17537
-9340
-28669
-26670
-7637
-11895
-30554
-7777
-23648
-3206
-28569
-23485
12926
-5240
5923
16233
-4231
21890
-21374
-22410
31747
-4612
23300
27017
-27867
-18628
27205
-4598
-23250
28471
-24048
7823
-3836
-5104
-1515
-32235
-12035
21539
7683
9842
2055
29560
-30860
-8959
-31112
20095
-386
2446
13950
10881
16001
-20094
-29437
-16940
-30423
11656
11173
-20322
25502
3703
8294
13891
635
32649
-10208
27494
2426
23170
-13438
9084
31747
-5636
21508
19341
5667
-8134
30278
-24054
-25554
9784
4625
-16498
-29948
-5104
27414
32277
-12035
-30685
30979
20085
-27386
-13449
-26506
-8959
21112
5503
25215
32397
16254
5761
21121
-9846
-30461
22739
-24280
27533
19874
-31587
11679
-15755
23910
837
2428
21642
11551
31334
-15239
25986
31106
28794
31747
-3844
14340
-8564
-9695
13626
-2749
-15863
-13267
-8648
9232
11407
-18684
1296
29205
16148
-11779
-20958
10499
15988
29702
9847
-396
-8959
-649
10111
639
-31347
-4995
2945
16001
-5244
-30973
25047
4903
-28022
31136
-22628
-17764
-2447
9317
-4284
8825
3979
-31201
13412
-11143
-21630
-29054
25208
31747
-3332
3076
6539
-19424
-28872
20032
-15096
-17620
30263
7182
-20593
25092
-2802
-25325
3346
-11523
28194
-7934
9843
9734
3191
4211
-8959
25463
12159
2687
-18803
-4483
25473
14721
-11133
-31485
25305
-3548
32393
20638
-8038
-102
-20628
-4765
-12733
-21133
27531
13854
-22431
-14215
-29310
4227
-385
31747
-3332
-1533
-16497
-14306
22582
-1983
-4856
26412
13111
7183
13967
26116
8975
10260
11027
-11523
-23263
8195
28023
-11003
-5002
-23690
-8703
6263
15999
-8322
-14707
-6787
22913
-22911
-17528
-31485
-14119
-13277
23437
-357
21657
-32102
-13716
-10653
-16316
17781
396
3358
18529
-14215
-30590
-11390
-11143
31747
-2308
-7677
13452
-30179
19764
-25538
-11257
-30933
22840
11789
-14705
-32252
31245
6930
-12016
-11779
5409
-13054
-30349
-18427
-17802
-29580
-8959
-10378
-1154
4735
-23923
-24451
16001
-27775
18306
-31997
-16163
14882
-10871
22938
-9577
-24169
-27546
1634
32324
-27537
-30324
22045
21597
28793
-24190
-15230
-14216
31747
-2308
-14589
-20341
14876
-9678
-8644
18951
-23510
-16585
23308
3984
11780
-16372
-22512
-16625
-11523
28448
-21246
-18574
-27131
-18058
-22413
-8959
30838
-21634
-9602
-16755
31869
28545
22913
-13693
-31997
-290
30240
15242
3479
20885
16791
8803
4449
-17085
13933
-14708
-29669
25435
-10375
-24958
-6270
12669
31747
-2308
-19709
-7794
-2023
31280
-20676
12295
27690
7481
19212
-13681
19716
-32500
-2288
19983
-11523
14112
-15358
3957
32005
-26762
18294
-8703
12662
-898
-19330
654
-23171
-31103
-20095
-22139
-32253
-289
-4066
-8565
-5997
9875
12695
-5534
6752
-29116
-28052
-12148
-29157
8794
22905
25986
-8062
-12936
31747
-2564
-28925
27789
8474
-25551
30777
30214
14379
-17605
-31221
-5999
22021
14349
-28911
-18673
-11523
-30432
-28670
30067
2310
23673
29046
-8959
-28555
-16770
-11138
-10867
5245
21121
-22399
19838
-32509
19682
21020
-26744
18834
27538
-29293
-3748
24670
-5053
-22936
910
-7652
-25767
-21895
-25726
-9854
-32391
31747
-2564
-30973
909
-7145
20782
-967
-31482
-20952
15673
779
-10096
-4093
7435
16911
25102
-11523
-21474
-29950
-10894
17925
2935
1653
-8959
25717
-11906
-21122
-4211
-30595
-29311
-30079
-31613
-32509
14563
13595
-2934
-30834
-1905
20115
-25252
17757
-5565
11111
-32627
-8680
-171
-30599
-12158
-7806
-26757
31747
-2564
32515
22414
13590
18220
-31687
6150
-31448
-18632
-27382
-15984
30724
-3318
-23282
-23539
-11523
27422
-29950
-25997
1797
26743
3702
-8959
6773
28542
-27522
-2419
21117
-19839
-27775
-13948
-32509
23269
15130
13196
30859
-5235
22417
2905
-25252
5187
-20892
-2419
-10727
-22956
20345
-19838
-11390
21364
31747
-2564
27395
8842
22805
-12245
-14027
28677
-24793
-29383
12553
16274
30212
-19447
-8948
12300
-11523
-10979
23810
24687
261
23160
18291
-8959
28020
18046
-19842
398
-3716
-22143
-26239
30847
-32509
-4377
-7145
-13688
5257
30092
16782
7251
13147
19267
-22690
-12402
24088
-8880
-32391
-21118
-8830
-24199
31747
-2564
26115
-31091
-3821
12585
27957
19717
18727
16953
3081
-17263
14340
31753
-3316
-27381
-11523
23837
25858
-26510
-19708
-13705
12405
-8959
14196
16766
-18050
17806
6269
-26495
-21887
13701
-32509
16360
2583
28300
-4732
3209
2958
-5551
5722
19522
28766
5518
-25834
-2737
2169
-18558
-15230
-12166
31747
-2308
24579
-14963
-18670
-18649
7988
1029
-13530
-30150
-28408
-20591
32516
6409
6924
11531
-11523
-7140
23554
-6798
-23804
-27529
-16011
-8959
-11917
15998
-23426
9102
-20356
-16511
-22911
-15997
-32765
21994
3094
1420
-32382
5512
28043
11854
-15016
16706
1371
-26226
-9962
-7603
19065
-19582
-10110
10102
31747
-2052
22787
11659
-4591
-17114
29233
-18172
4134
13625
-19449
5522
-28924
13832
14603
24842
-11523
-28132
18178
10864
-30460
-11145
5235
-8703
23411
25214
-28802
17806
2685
-23167
-20095
30337
-32765
-10517
-28652
-14454
-11393
-13179
-9847
25419
-14506
2881
12887
-13682
8981
-18870
11385
-14718
-10110
-14981
31747
-1796
22275
-7283
14864
-19420
-9934
-22268
12582
-27334
1800
-4463
29444
6664
29963
5387
-11523
22812
22018
23411
27652
-25993
25718
-8959
-1422
24190
-26498
17806
-15492
-17535
-11391
8585
-32509
-16661
-1773
13711
-24709
-11901
-9848
-10423
-26794
-12735
-14505
-15474
13588
-2999
12409
-14206
131
14970
31747
-1284
20995
19341
30223
2851
30767
24068
17445
-10950
7687
-24942
-18684
-29177
-26358
-5879
-11523
-20453
16898
22642
18180
-30858
14452
-8703
-17806
-2179
25470
4750
-23940
-15231
642
19587
-32765
1262
-494
21644
17785
-20607
-9083
-11707
-3756
-23743
3411
-32113
-13549
24135
889
-11902
-382
-8585
31747
-516
19971
-6773
-25330
-13535
-7892
11268
28452
-26054
-30970
7059
-26108
-7162
-29687
26888
-11523
13595
14338
-16784
14084
26999
-30604
-8703
17010
-4739
28542
-10099
26492
-10879
-6015
16002
-32765
21487
30481
-11125
15222
-27521
15492
-2494
15699
-11969
5968
-9329
-22510
-9660
16761
-12670
9859
-4481
31491
-772
18691
1937
1038
-13536
28462
3588
7206
-21699
9479
-8046
-13564
-2297
-16373
-30711
-11523
20764
18178
24182
24580
3704
21625
-8959
14706
8318
27518
-6771
-21636
2946
12162
-18809
32515
-6419
11280
4752
30580
-5251
7812
-4800
-32429
2369
29265
-3953
-28142
-11706
4473
-11390
2435
-19849
32003
-260
19203
31883
22797
26655
25387
-8701
26915
-1222
4358
13715
-23036
16134
-18424
-19705
-11523
23834
14082
22128
8964
-18572
13683
-8703
-8335
-22659
-27266
-6515
23420
-13183
-4735
24961
32515
497
-8433
-30836
-29326
9085
21121
-12483
-23214
-15295
-6069
5266
22034
23617
3449
-15742
-8830
24694
31747
-4
18947
-7798
-16372
-28130
27689
-17405
14370
-967
-26363
21139
30724
-9723
21256
7431
-11523
-1767
13826
-21905
516
-18573
14704
-8703
-24975
-14467
30334
2446
29052
-11647
-6015
-16254
32515
12017
7695
-1140
-19089
-9350
19585
32571
30801
11585
26185
-18543
6160
-9665
26745
-7806
-4990
-29318
31747
253
18947
-8819
1292
797
15401
-22013
-9695
8251
-29435
27538
-23804
-9723
2056
-18170
-11267
26650
14594
-25487
-2301
-16526
-14223
-8703
7281
-31363
32382
-13171
-28036
3970
-1407
-13180
-32765
-22031
-5618
-30578
15213
-3976
19584
19002
21073
-16319
-8888
30097
22800
17727
9081
-19838
10115
-20878
31747
1021
18947
30601
4875
-31461
804
32515
19231
15671
-7420
-19312
3589
-508
4615
24582
-11267
-14056
12546
-23444
-8957
28529
4974
-8703
-18832
-24707
24190
-627
20604
-19327
10882
-23941
32515
-11021
20750
-19064
-15766
-25992
-16003
-22730
-24497
16448
-3773
-8046
24848
-21701
-5512
-6526
8579
19828
32003
1277
18947
-13175
17674
22809
5410
27139
17950
-30923
-26364
23183
-15356
-27644
30214
-15099
-11267
8216
13058
-31123
-14333
-32656
19565
-8703
-25232
27773
-25218
-1651
5244
4738
10626
14464
32515
-1805
6158
1675
13927
-4747
8317
-460
9550
25150
11586
-31343
6158
-26055
-23432
-7294
13699
-9611
32003
1533
20227
-31606
13065
10775
-993
21507
-13026
8757
14852
11918
11525
14596
6918
3845
-11523
-1769
13058
19822
-17405
7536
25710
-8447
-32656
22653
21118
15758
-13445
5762
19586
-13697
32515
-18187
-2290
6795
5474
5489
27512
-10446
-21429
13627
17470
8334
1806
-29898
-904
-27774
-3454
-14227
31747
1789
20483
-16763
15113
27927
-11491
17411
-24035
54
-4861
-12146
-23035
1284
-25083
16389
-11267
32535
11778
11625
-17405
-16528
6763
-8703
15472
26493
28798
9614
-1925
-12159
2946
-13446
32515
-16394
-21490
-4985
-1439
-15504
-6284
-24016
-10167
-1734
-15814
-25970
7949
-23500
1145
-13950
-382
-28301
32003
1533
20995
-2168
31496
21014
14365
13059
-4836
-26570
-13565
2446
-25595
-6909
20485
-25596
-11267
-10217
11778
-31380
-21757
-32145
876
-8447
4464
24957
14206
-13683
1404
8322
12418
24192
32515
-21258
30990
-4470
-22947
2670
13941
-6098
16201
2619
-15303
31629
13580
-3533
17273
-20350
8067
16244
31747
1789
21507
-26487
12808
28693
-13796
10243
25885
12342
-22781
-5747
-9723
-18685
10757
29188
-11267
-13289
10498
4461
-23037
-10642
13164
-8447
-28049
19069
13438
-20595
16252
-5247
20866
-22914
32259
30711
-3059
-12150
16988
-2452
7795
-7892
9288
21306
-24265
-1907
-20724
7730
-1160
-894
-14206
-26511
31747
1789
19203
30856
2056
27925
6682
5891
-31714
4155
-13821
-23152
1542
3076
-3579
-22012
-11267
-20968
9986
30828
-17149
-8847
27246
-8703
-32657
8573
9854
7054
-7301
16258
-3455
-28035
32259
-18954
8460
29578
-17318
-15509
-29073
-5847
-6585
25916
568
22159
25867
17715
-5000
3459
6787
-5516
32003
2557
22019
-3960
24583
-4589
-24293
6403
24092
-458
-29181
-17524
18438
-28925
1797
21764
-11267
-7657
9986
11629
-24061
29037
-17301
-8703
30063
2941
18046
-6259
-2437
14466
19074
-25469
32515
-5897
-23795
-5492
-20649
-25495
-145
-24278
-8122
-29894
24885
18829
12043
12336
-5768
9347
19843
-11918
32003
2813
22531
27528
13831
-29165
-17894
4099
2588
-28874
27395
20621
-22266
31747
-14076
25092
-11267
-12009
8706
24171
-25853
14445
21610
-8703
-3474
14205
28030
-8819
-13445
18562
26242
29565
32515
-19720
15373
9098
-27562
-5016
30830
16424
7494
-29382
27955
-23667
-3573
-20177
27512
9091
3459
-6544
31747
3069
22019
7815
-2810
-10222
8728
515
-5350
14134
12291
13965
11270
9731
-30716
4356
-11267
11287
8450
-29078
-25597
-1172
-1944
-8703
5231
14205
15486
-7027
21115
28546
18818
-32644
32259
-12296
25868
-31095
-30380
4711
-8597
-3803
2117
32057
-24784
-18803
-1015
-5844
-10376
-9598
8835
-2185
32003
3069
22019
6027
30214
-13039
-24295
3331
-9957
27190
23299
13452
-30970
12291
-15356
13316
-11267
-6890
8962
622
-26877
9324
-24980
-8447
10863
15997
8062
-6003
-21381
1410
22658
-21376
32259
-4360
21004
20364
-24495
19557
20844
-11993
-15036
-6088
-29902
28301
23306
-10708
4217
-16254
6275
11890
32003
3581
21763
2440
-26362
-16623
-7913
-254
5147
-24011
10499
-19572
-19706
5379
27396
-16125
-11267
3095
8962
-7574
-26877
32108
-17815
-8447
-5266
5245
4478
-4979
-21125
-8063
14978
-31622
32515
-29959
-5365
1417
594
-6300
19817
-25308
28227
-30408
5679
-5747
-21494
31019
-1928
-22910
-6014
28529
32003
3581
22275
13447
24326
-27631
-19178
-1534
6938
20022
2307
-7028
-1530
-4350
11268
-31485
-11267
-25578
9730
20330
-27389
28012
-17048
-8447
-9618
1917
32126
-20595
-21893
4482
11650
-31876
32259
-29191
-13045
-32375
29776
-10909
-26520
-15069
19266
10296
31021
-4723
-27895
20266
-8328
-3454
-1150
27253
32003
3581
22019
-21879
-3835
7952
-32745
-1534
9754
2103
4611
-26485
4103
-5630
15876
-5373
-11267
-24554
10242
5484
-27645
5740
-4758
-8447
-24978
-1156
2430
-20339
-29573
9090
13698
1406
32259
-11783
-27125
22410
24653
9057
-5529
-26589
5442
-28104
-17619
9613
10506
-10455
2169
23427
3459
6511
32003
3581
22019
-21370
-1275
24336
30485
-3326
7193
6965
-6142
-23156
26375
-15614
9220
-25853
-11267
15382
10498
26216
-27645
3180
-22424
-8447
24686
-8580
11646
-18547
-30853
-27262
13954
1142
32515
24570
-16886
8070
25933
-16032
-20380
16673
-26048
-19145
26922
2190
-15863
5160
-15240
-10878
12931
5233
32003
3325
22787
-32633
-25083
-29425
1558
-4094
-32231
3125
-7678
7308
-32249
-19710
-10237
25091
-11267
-14571
11266
-5527
-27133
-1173
-27800
-8447
32110
-6788
23678
-10355
20091
6530
28034
-20101
32259
22778
32522
20361
31306
-19106
20069
-23264
6464
-6346
554
-23667
7177
18983
-16264
-5246
-3710
11637
32003
2557
21251
-2934
28933
-6898
17430
-4606
11548
-5318
7939
-15986
-8441
8195
-18684
-253
-11267
279
11778
26989
-24829
-29842
14446
-8703
13678
-4740
18814
29325
17275
6786
14722
12670
32259
-16391
19977
-2421
-15800
-1444
-15260
-10977
-16320
13369
12589
-10866
20233
16426
-11400
-19838
4739
-26260
31747
3325
24067
-14203
21765
-11250
19731
-6654
-29416
23350
-18686
30604
5129
32002
31235
1283
-11523
7958
11522
10855
-26109
30318
361
-8703
-25235
32380
8830
142
25467
2690
20098
25463
32259
3067
-10231
8327
-18105
2396
11104
-18148
-26819
20533
-4827
-15988
-8952
28452
2169
-7038
-13694
-9358
32003
3581
26627
-4216
-28155
-31217
7959
-4606
12314
-14792
-1022
143
28936
-15358
-6141
22019
-11267
16662
12034
27755
-25597
24174
-9365
-8447
-21139
-1156
7550
-16755
-20613
20354
7042
-1920
32515
3066
16904
-25716
-14775
19294
-27799
-25825
28225
5435
8748
21138
-18167
28968
-6536
-17534
6531
25459
32003
4349
27907
6025
20229
3599
22550
-5374
-230
-31175
-7166
-21874
-29943
-19198
-18685
6403
-11267
-7658
11522
-32149
-26365
-18067
-27030
-8447
10349
893
2430
-30067
24955
15490
23170
12414
32259
-25606
-2809
-13173
-12985
28509
9063
-26082
-9920
17211
26410
17042
-1015
15655
-8072
-11646
-7038
-16785
32003
5117
27395
-29050
12549
-20722
-32491
-6654
-18151
11064
-15358
-1138
22025
-30462
29955
1283
-11267
-8939
10754
10601
-26109
4975
-2710
-8447
-8596
-25732
15230
26253
24187
13698
20866
20604
32259
-10758
-30457
32138
-24506
4956
-14748
29212
-21185
-24518
-11225
7826
-21240
15653
-16008
-126
-16766
-5004
32259
5629
31491
16777
-31996
-14324
20756
-7422
8729
-13512
-22782
24973
31753
25602
26627
771
-11267
20246
10754
-16533
-27389
6509
-150
-8703
-21396
-20356
12414
-11379
12411
29826
14210
24194
32259
18683
3336
14222
17984
-22698
20320
-30182
20284
-6347
-11740
-19570
27143
-26846
-19336
-12670
-9598
-32654
32003
6397
-30461
-6009
32260
-20212
32018
-8190
-26344
4153
-29438
-13171
-247
18434
1283
-22782
-11267
10774
10498
10346
-27645
-3988
8810
-8447
-31892
-21380
20606
-25459
4219
11906
20354
30076
32515
-18949
-15353
-19574
-193
-2731
24157
32536
9531
-15562
6946
13711
27399
-4832
-20872
-894
-16510
1649
32259
6653
-28669
30599
21764
-29940
-16624
-8446
-28137
-26056
31746
-5747
23561
11010
-6910
30722
-11267
-27626
10498
362
-28157
-31125
-18074
-8703
18284
25212
4734
14221
-1158
30082
19074
30587
32259
-15109
11271
-21366
-13251
-14764
-21413
-24297
30266
-32203
-20704
-7026
-15866
28191
-20360
-8318
2435
-8073
32003
6909
-25341
-3190
3588
25355
23058
-8190
-19432
9017
32258
1165
-26870
13314
-766
26114
-11523
-27114
11010
20333
-28413
31595
7275
-8447
5484
-30596
19838
-31347
-9862
20354
25218
15743
32259
-3077
23303
4749
-30662
-31663
-19109
23831
15418
22838
-27616
-17522
24583
17439
-6792
-27006
11139
113
32003
7165
-18685
21895
-2813
-1014
-10481
-8702
19992
-3527
26114
-17012
-26101
2562
-22014
18690
-11267
16150
10498
-6040
-28925
-15254
28775
-8447
-22933
30588
16254
22925
-1158
642
-20350
25720
32259
19708
-2042
-19831
29241
25424
22102
28436
18744
31542
29
-3954
-7418
17948
2425
-25982
-1662
-10385
32003
6909
-18685
26246
-17405
14346
14863
-8958
10008
-7111
25346
-27764
5900
1794
-22526
10242
-11267
-8171
11010
13672
-28669
-22421
20840
-8447
31339
20348
20094
19853
7035
17282
32386
27258
32259
18428
-25594
13194
11830
30029
-9387
-5101
-29385
18997
-21220
30862
25862
-1253
-392
-23934
12419
-18568
31747
6397
32259
16269
-5629
-32501
-15854
-9214
-10211
21829
-30206
-30320
-14066
29954
18691
-26110
-11523
-21223
11522
31086
-24317
-7311
626
-8959
24171
15740
19070
9613
5755
19074
-20350
10623
32003
11004
-3323
-627
30519
-16050
14424
32020
-20678
3388
-17376
-27504
-5111
-3552
-21128
-6526
24451
-22160
32003
6909
-29181
-27512
-9213
-7670
6417
-9214
-19174
19776
26370
1424
-31730
2562
-25598
13314
-11267
8216
11010
-7832
-25597
-22673
-4758
-8703
-15254
20092
12670
20877
-20614
30338
-18558
-16267
32259
31996
-17403
-25208
-28106
-20916
28245
14866
11832
29753
28956
24976
28936
29723
-11400
-19326
21379
19316
32003
6653
-27133
2954
-20989
32266
12562
-9214
-1253
18497
25858
21392
5647
4098
-20222
11522
-11267
30488
11266
17259
-25853
31856
-30611
-8703
-20630
26748
12926
5773
-17030
4738
-5246
11644
32003
-32004
24325
-1141
-17869
3915
-17068
17937
-26313
-14279
8220
25232
-30713
23835
-10888
-14206
8835
8310
32259
6653
-22781
10891
-29693
14858
-22510
-9214
540
17219
26370
-4209
-12017
3586
-19966
12802
-11523
8217
11266
20332
-25853
1137
4719
-8703
21867
17020
17534
6797
-19846
21634
-16510
-20612
32003
-26372
20229
32396
-15311
-22967
-23213
-15344
-21962
29242
-2533
15760
-5625
-11494
-18312
-29822
-11390
13167
32259
7165
-10493
-3450
-30205
14858
16145
-9214
11804
4932
22530
6290
-28400
-1279
-32254
514
-11523
13593
11010
-7320
-25085
31858
15725
-8703
18795
28284
1150
-13172
-30854
19586
26242
14201
32003
-22020
-6396
-6262
8753
21320
30545
16911
-20427
-32454
-25831
23441
-9466
16921
-8072
-17278
3203
-10636
-32509
7677
-509
-20855
27907
8458
22802
-9214
-29668
18757
24066
-31855
11793
1538
-26622
7170
-11523
6170
11010
2924
-25597
-15248
-24723
-8703
-7829
11388
21118
-25716
-25990
22914
-18046
6527
32259
-19460
1029
-24179
-3026
-698
6482
-26097
20789
-19398
-20454
-6256
32007
-11495
-30855
-4990
17283
22131
-31229
7933
10244
-5497
26883
-1271
-21487
-9214
29
15175
24066
-19056
15123
2562
-19198
14850
-11523
8219
9730
1131
-26621
13165
30827
-8703
18028
27260
14974
18572
2427
29058
-14974
4221
32259
-13572
-8956
-27764
-14546
-10170
-18095
-20721
-5323
9789
-8166
-30062
21256
-3559
15481
-6782
29059
-11154
-30205
8445
-7933
7301
-5374
-20218
11786
-8958
14613
9276
13058
25999
-15090
-17663
3074
-24575
-11267
-15342
8194
11110
-30461
-1432
16998
-8447
-2709
16508
6782
13452
-23174
30082
5507
6778
32003
-9220
-1277
-21878
-2779
27454
13896
-24565
24368
31030
15891
-24173
-10749
22802
20601
-9598
-20605
-9349
-29181
8701
24323
4750
-25598
-5373
-15354
-9214
-28406
25390
11778
14999
10503
-22015
-7935
-31999
-11267
-20983
7426
-9359
30211
621
-32146
-8703
-15765
22908
22910
-29044
-29574
28034
17539
-14459
32003
-16900
21251
-109
30230
-23507
-21187
10504
26151
-30166
5906
6807
28417
779
22137
18819
18563
-21893
-26365
9725
23043
-16240
-26110
32515
30725
-9214
-11258
-18646
10754
8347
25605
-22015
-9215
-32767
-11267
-5879
6914
-19597
29187
-9102
18803
-8703
-14997
9596
16254
22412
29562
9091
-7550
13185
32003
-10244
18691
-2925
15889
7976
-9675
-13562
25887
16166
29967
-30056
23553
31240
28281
-8830
19331
24957
-20733
10493
22275
32403
-26366
22531
14853
-8958
-8954
-7887
12290
-27232
22277
-22015
-8447
-32767
-11267
-23285
7682
-23434
29443
4472
3193
-8703
-21141
12156
-30850
11148
-23686
-25726
-5758
8579
32003
-7684
17923
18327
29966
-16092
22323
20230
-2531
28200
21264
27035
23297
-27896
-5511
-4478
30595
-28797
-13309
11005
24835
-28522
-26110
12035
4613
-8958
-9980
17189
11266
23710
-253
-22015
-9215
32513
-11267
32266
8194
26745
27651
628
-19594
-8703
-7829
20092
-31618
2444
-5510
-16254
7811
17286
32003
-3588
17667
-27239
23563
31776
25649
-11259
7446
-8673
-5875
-3686
23041
24070
-10887
-17790
31875
-26754
-4093
11517
30467
-13420
-26366
13059
-13052
-8958
4613
6441
10242
20893
5
-22015
-9471
32513
-11267
14348
8194
-5004
26627
9587
-10638
-8447
-7829
-3973
-31874
-8821
-18822
-20350
10627
-29056
32003
3069
17667
-18793
-32245
31264
-30163
17157
-26347
1569
-8437
-4966
23041
-8443
-26759
1667
19587
-24963
5636
11773
-30717
-1645
-26110
7427
-26364
-8958
7173
-20951
9986
-9060
17413
-22015
-9471
32513
-11267
28684
8450
9588
25859
-15246
2418
-8191
-6805
3708
19582
-3189
32122
-8574
9603
8323
32259
4861
17667
30872
-20471
-7396
-12759
-6140
26899
-28642
-30966
31385
23297
5637
-12167
-1918
14723
10369
13060
11773
-25085
14998
-26110
4867
-31996
-9214
6149
27947
8962
-28773
-11771
-22015
-9471
32257
-11267
6669
8706
13941
24579
19057
25459
-7679
-5269
-4485
15230
-22901
-28550
-8574
-7550
-23932
32003
6397
17667
-23143
-15864
6171
9256
-23548
21010
-29922
-1527
5785
23297
-11772
31609
3971
22659
9595
27396
12029
-22525
-13165
-26110
3075
16132
-9214
1285
-6615
8706
15005
-2811
-22015
-9471
32257
-11267
-4084
8450
-1935
23555
-13455
-15761
-6655
25963
-2949
18814
-29301
10874
-11134
10883
30077
32003
7421
17667
30614
4104
-29415
23588
15364
-30192
-25315
-18936
31642
23041
12804
17529
-10366
18051
-19587
-22780
12285
-18941
30356
-26366
771
13316
-8958
4357
1067
8450
-18020
8710
-22015
-9471
32513
-11267
18957
8706
-28045
23555
-28047
-21136
-5375
2155
5500
17790
17291
2682
-17534
8323
28035
32003
7933
17411
-17511
8711
12823
17955
4868
-11249
-6884
22280
24218
23297
-5885
21113
-23422
10883
-30860
-23036
12797
-31484
29067
-26110
19971
-13820
-8958
25613
-30146
8450
16527
274
-21759
-8959
32513
-11267
31508
8706
-17047
28931
104
29032
-5887
107
-6789
-12931
-27765
4474
-22910
5507
1659
32259
9469
20483
-7281
29196
12575
18216
-29948
-25315
24363
16904
1170
-11263
7430
12665
-23166
-2430
23147
-11004
13053
8454
-22396
-25598
-765
-15611
-8958
-12266
-22202
8706
8842
24859
-18431
-7167
-31999
-11779
-5861
8962
17763
-17661
3176
16995
-6143
18026
13180
-3459
-12918
-12679
-22398
-4222
-16268
32259
9981
-30973
906
-14319
-11995
24620
-1532
-25053
-17357
-26104
-30066
-20989
9736
5753
31106
2179
18033
7173
13053
-22266
8072
-25854
-9469
5382
-8958
-233
-9400
8706
3209
32284
-17151
-6399
-31999
-11779
25373
8962
-11674
-11773
16488
-14491
-4607
-30358
-13701
8574
-24438
-14471
27010
-3198
14714
32259
10237
-30717
-4212
-29168
-6365
16173
-6140
3364
2614
-24568
17805
-2301
30216
-9608
25730
-21630
-12684
20485
13053
-20986
-9846
-25854
-6141
-9979
-8958
2333
13906
9986
9868
-31457
-12543
-3327
-31999
-11779
-2017
9218
12650
2308
28524
5483
-4607
22378
-1925
4478
25738
28537
24962
-15998
31865
32003
10237
29187
13454
27920
-11997
5419
-24572
-29146
-20932
21001
-31089
8197
-32247
6009
13186
-21374
-11410
-17147
13053
11015
28038
-26110
-18429
-16379
-8958
-19944
11595
8962
-120
27166
-14847
-6911
-31743
-11523
-6114
8706
29797
2564
-29079
10854
-767
14442
-18053
4990
16522
-27783
15234
-25726
16757
32259
10749
28675
5771
-7922
-26335
-10711
23044
11042
15925
27143
-11636
18692
14855
23673
28546
-22142
-20874
5126
13053
-27129
-9846
-26110
-27133
22534
-9214
-29413
21583
9218
6794
-26336
-12287
-6399
-31999
-11779
6176
8962
24938
7172
-20117
-14486
3074
17514
25723
3710
17546
-14983
-24446
-18558
31101
32003
10749
28931
14992
-755
-27873
4394
13060
3362
5173
22023
-32373
27652
13831
28537
20866
-9854
29812
-31994
13053
-2041
-24695
-26110
-27133
-2811
-8958
-14308
24912
8450
-29813
22051
-9215
-6655
-30975
-11779
-1248
8706
-6296
9476
-16789
-9623
6146
-13463
-21125
-11139
-3191
-14215
24962
-3454
27512
32003
11005
25603
8589
16141
-2786
-730
-10237
-223
-10442
20486
-15220
26373
-32250
25209
2690
-27006
2674
5127
13053
21000
-29048
-26366
-31997
-8443
-8958
-7908
19537
8194
31115
17699
-8959
-6655
-31487
-11779
-8928
9218
-17305
16644
-3733
8297
10242
-29335
27259
638
1418
-16775
12418
-18046
4983
32003
11261
23811
-3188
21516
-31459
11302
-15357
-30175
30262
7430
-15988
6917
5126
32377
28290
-11646
25466
26375
12797
-26616
-10612
-26110
-29437
12807
-9214
16926
21587
8194
30347
-12253
-4351
-4863
-30719
-11779
-24799
10498
2412
24580
19052
-12948
13826
5226
13947
7806
394
-20359
-25214
4483
5245
32003
11005
20995
14992
3852
-9187
-18902
-14845
31523
-7366
-15098
-29297
-14843
-25594
20345
9346
-22142
31604
-10233
12797
30472
-2679
-26110
-26877
14854
-9214
27167
-10668
7938
22668
-7130
2
-4863
-28415
-11779
14370
10242
16233
-21244
29293
7019
17410
31849
22395
2942
2954
-30087
22146
-21630
-31370
32003
11005
19715
2189
22284
-17635
-15322
-27389
-5342
-197
-4347
-23408
22534
-763
21881
5762
-6526
25460
-30712
12797
-19704
-25975
-26366
32259
25094
-8958
11038
-1452
7426
-20340
-15067
1282
-4095
-28671
-11779
8482
11010
-10904
-12284
-30355
-17045
22530
-26007
29819
-22659
650
29561
17794
-382
32377
32003
11005
18947
16782
11019
24092
26151
-32509
-6367
-11206
-3579
20624
-5115
-21243
27257
23938
-18814
9848
-2808
12541
13577
2956
-26110
24323
2054
-8958
-27361
-32682
7170
24972
-14297
7426
-2303
-25855
-12035
-8158
13314
-7318
-8188
-8084
4972
32258
28777
22139
-13699
-22391
-30087
-21630
-9342
-4742
32003
10749
18947
24975
13066
20250
-23003
30211
9250
21051
-27131
14480
-27386
26373
18297
30594
30082
-11151
-18167
12797
-31479
-8824
-26366
23555
-26363
-9214
-27618
21334
6914
12941
1833
7426
-3327
-25343
-11779
-15582
11778
-2202
2053
-23443
28009
-26622
11881
23419
-13443
-24951
19065
-26494
-10110
-18061
32003
11261
18435
-32117
-15095
-19175
-27102
19459
31520
-32709
-7164
-7024
-14074
-19964
12409
-31614
-30590
1654
24586
12797
21001
-8566
-26622
20227
-27387
-9214
24609
25434
7426
-8051
-3543
18946
1026
-25343
-12035
14372
13314
-11414
-30715
-5265
-19859
-22270
15721
2683
-8835
28553
18041
-22910
-11134
-18566
32003
11261
17923
9360
1033
21784
21282
17155
-19422
-28609
15109
30097
-5114
31749
28537
17794
-31358
-1419
12811
12797
27146
-29302
-26366
14851
-20475
-9214
-15329
15193
6914
14988
32042
15362
-2303
-22783
-11779
-8413
14082
24937
26117
20589
30827
-3070
-13208
1403
638
22921
-31623
-23678
-10878
-20359
32003
11773
18691
-6002
19976
-5354
-1247
12035
-14561
5948
-27900
26512
-6906
16132
26233
13954
-15486
24175
26380
12797
-17910
-32378
-26366
16899
-20731
-9214
-26079
-19879
6658
-11123
-31442
16898
-1535
-23295
-12035
9508
11778
11366
29445
-31633
-31894
9475
-22424
5243
-20611
17033
31353
-23166
-126
-30090
32003
12285
18179
-9076
23816
31510
-18656
6403
3103
15164
20228
23185
-29689
8196
28537
12418
-15486
11125
30733
12797
-10997
21129
-26366
12803
4358
-9214
26913
-22181
6146
-18803
8748
17922
-1535
-23551
-12035
-4316
13314
28009
17157
1902
-27285
18179
-15768
-8582
-21891
11401
32633
32386
8067
18557
32003
12285
18691
20880
28167
11541
-26591
4355
-1761
-19140
16900
5521
-4346
9732
-31367
9858
-9854
-31883
28686
12797
32012
21129
-26366
8451
-30971
-8958
-2272
31323
4866
-18290
-21203
14338
-3327
-26367
-11779
22052
14082
12649
10501
21100
24937
-32765
25960
3451
-1923
7049
-28039
-24702
9603
-30598
32003
12797
19459
-17265
-19962
-18925
-13794
259
-32226
573
-12285
-17518
6919
-28157
23929
-21374
-3710
-2448
-4849
12797
28940
-123
-26110
4867
-508
-9214
-26593
27738
4098
31630
-2772
13058
-3327
-23295
-11779
30498
11522
19046
11269
32106
-22170
-10493
27752
-9094
-15491
-1656
9081
-8574
25731
19577
32259
13053
19459
-20082
13574
7954
26908
-2558
-26851
-965
30211
-15725
-8186
11267
-30087
17282
-15742
12151
-19184
12797
7182
-6008
-26366
7683
-23035
-9214
18210
28253
4098
31628
31023
26370
2
-20479
-12035
28965
16642
11626
29957
11370
9833
-2557
24168
-2694
-10115
-15992
18553
-20094
10883
23680
32003
13053
21763
25746
13318
-26862
-17378
-2558
27167
27711
-26877
22930
-12537
29443
32377
20866
-24958
-25229
-10735
12797
3343
23687
-26110
9987
-24571
-8958
-21982
-4515
3842
-29556
15154
-26622
4866
-14079
-12035
-19418
19458
-8601
2310
-22934
-11416
20740
22888
9083
-387
13448
8313
-18046
3715
21882
32003
13053
23555
13967
22278
-14062
15389
-4606
13855
15424
21251
-19566
15113
19203
-24199
32642
-24446
11376
-19437
12797
-21745
18053
-26110
9987
7685
-8958
-12512
-12709
3586
-21879
16945
-24830
3842
-12543
-11779
15398
19458
-23195
25094
5481
-7322
-15356
14440
-8838
-26499
11912
20857
-1662
-3710
5240
32259
13053
24323
16013
-9211
11282
3612
-4094
-7650
-32704
21251
12947
4361
12803
-32391
-29566
-31870
9847
-13036
12541
16
21641
-26110
3331
-9980
-8958
31263
-21926
2818
-25208
-9936
-19710
5122
-16127
-12035
29477
25602
13417
9734
-665
-32407
11781
-21656
14971
-14723
27016
9081
7299
-6270
-13702
32259
12797
24323
8847
-764
9231
-20199
-6398
28444
-28354
7171
5010
29448
-14334
-8327
-21886
-22654
22643
-24555
12541
26639
10632
-26366
6147
-30972
-9214
-18911
-8608
3842
25739
27186
5123
19458
3586
-12035
27175
27906
17512
-15610
-13206
31338
4613
15720
-2438
-6019
7560
20089
5763
11395
-23179
32003
12541
22787
-32627
2821
-20721
21526
-7678
11293
-25791
-5118
-21869
-2808
-4862
-20871
17794
-21886
-29584
-20457
12541
20497
-27003
-26110
4867
28676
-8958
-19425
-933
2818
29576
-32205
-9214
9218
-4095
-12035
-23514
28674
-26779
-16378
-28825
23653
10502
25192
4475
-131
16776
7033
-18558
14723
-139
32259
12797
26883
27532
-29948
-16627
-3308
-7934
18202
-2756
-18174
-8560
-2552
28418
-9863
19586
-30846
-32397
31258
12285
-17902
-23673
-26110
5635
-28156
-8702
-27616
-2211
2306
25735
32054
7171
16130
258
-12035
-1241
-24830
2407
-7930
5735
-22170
4615
27240
5755
-3971
17544
21113
-18814
9603
2423
32259
12797
30211
25229
17924
781
27925
-7934
-8934
12606
-18686
-6513
19722
27394
27001
14722
-15998
877
8476
12285
-21997
-17277
-26110
7427
30980
-8958
26656
-2979
770
4232
23096
14851
15618
258
-12035
28968
-27134
28259
16647
-9625
30052
-31737
-6296
-6022
-7811
-23161
-6792
-29054
16771
11632
32003
13053
32259
-8568
13572
-26612
-24813
-8958
16409
3133
-32254
26512
-7926
16898
-30343
16514
-21630
-8848
-14307
12285
-1004
8325
-26110
10499
-27644
-8958
34
-4258
1282
30087
-24265
31491
23298
12802
-12035
-22487
-23038
-17819
-15097
17256
-8346
-1017
-23448
-1158
-3715
25223
-2440
-13182
12931
-7051
32003
13053
-28413
140
-3325
-7669
19987
-8702
-8935
-10435
31490
-11633
-30454
14850
-21127
13698
-23166
15218
-32225
12029
26646
-3707
-25854
12291
-26364
-8702
17443
17249
1026
-24954
-12998
-16381
30466
25090
-12035
-7638
-12542
-29082
-14841
12903
27237
-26616
-25752
-4486
-6275
27015
1145
-21118
15491
2166
32259
13309
-23805
17292
-13821
2827
28177
-8702
794
10815
24322
29838
-5109
8194
-14215
6018
-30334
20587
-19166
12029
21271
22657
-25854
17155
29444
-8702
-26333
866
514
-30585
-20164
-9213
31490
25346
-12291
-20693
-16894
-19358
-24568
-18841
-12958
-23799
32104
-8838
-1155
31623
5753
-19326
12931
29042
32515
13309
-19709
-26743
-21501
27402
5648
-8958
-5095
-12482
16642
7311
-21748
1538
-2695
-3967
24450
-16272
11813
12029
-6376
23428
-25854
20227
-13820
-8958
-5852
32610
2306
27526
5694
21764
-24830
31490
-12291
-20180
3
-4251
14857
13416
20838
-1014
-3224
-390
-12931
28807
21369
-23422
3203
-26760
32515
13565
-13053
-6516
28419
-30455
27408
-8958
-20199
-23745
16642
-7795
25357
770
2170
2434
19842
-4752
-23769
11517
-10982
11140
-25854
22275
-14076
-8702
21285
19555
3586
-23419
20800
-28924
-15870
-16894
-12803
-18899
11779
-17819
-3063
-27545
-25242
10764
-15000
-2438
1662
12679
14713
-14462
-6782
3957
-32509
13565
-3837
-28533
15363
28168
-31474
-8958
13592
16703
8962
-30323
30990
-9471
-5255
386
21378
14957
-24021
11517
284
31361
-25854
29187
-19708
-8958
26405
-18076
2562
-891
-16319
-20732
-20478
-26110
-13059
-14546
9219
-18845
27658
28775
-17820
27149
-23448
-5254
-13699
4231
13177
-22910
3971
21619
-31741
13565
4
6538
5123
264
-1524
-8958
-745
-4034
5890
-4979
1807
-13055
21626
3970
898
26741
16431
10493
-26596
24198
-25854
-32509
-6140
-8702
17961
24682
10242
9095
26434
-16635
15875
10243
-15619
21040
-20477
-21143
25099
-2200
12906
29196
-10648
-1926
-6787
1415
23673
-15486
-19326
-13701
-30205
13565
2052
-1137
-1790
20231
17677
-9214
-22245
30789
9730
17039
-16369
-6655
8058
10114
-4735
-2449
15666
8445
-28640
-638
-25598
-27645
-3580
-8702
27688
-10649
6914
-14973
1095
-28155
3587
16131
-16387
17969
-4349
-6556
19723
-14747
8036
-6128
-25496
-10118
-643
-22394
18809
-17534
-23166
-26509
-28157
13821
29444
21386
-5886
775
20747
-8958
17177
-24511
3330
-27252
27922
-16639
1914
-9855
12930
-20627
-1738
6909
-5087
-31615
-25342
-23549
-6908
-8702
-11225
24168
11010
-19838
22600
262
24067
30723
-19203
-27599
12292
27235
-6388
-1179
21860
-29933
-31384
-11398
-7555
-25210
6009
-30590
-6782
18546
-24573
13821
-20732
19337
-13566
21510
-32246
-8958
-23785
-26559
2050
-6261
-3054
-18431
-21638
9602
19330
-28299
5690
1533
-28381
-12923
-24830
-15101
8709
-8190
-27608
-24471
20994
1666
-30391
-9210
-11261
-2301
-26115
-462
11525
-19097
5390
-26011
17767
3350
-26264
-8326
-19331
28294
26745
-14462
4739
21621
-20989
13565
-2300
6283
-19454
-21499
4106
-8958
-10217
12355
1538
13963
1300
-19199
-29830
-4735
11650
-18321
7231
-3588
27427
-28798
-24318
-3837
20997
-7934
29224
10090
25602
26498
28492
32007
1796
31236
-32259
-26317
11781
-29340
21263
18022
22117
-12008
-31128
-12678
-2947
14214
15225
-17790
3203
10862
-14333
13821
-8700
22919
-20990
11013
4872
-8958
-21739
32577
2
-10357
-9964
-20991
-27782
-3967
11906
24944
-18621
-8452
32036
-19582
-23806
14596
-22779
-7678
-3031
-18325
27906
10883
-2227
13320
14084
32260
25085
-13772
-32763
-18076
-24560
-9625
-1947
-16613
-20888
-12934
-16003
9094
14969
-20094
1411
26481
-6141
13565
-5884
-31864
-23294
-19452
26887
-8958
-15083
3650
-511
-6518
-18156
-20991
-25990
1410
5250
15220
-27833
-24324
-13530
11909
-22270
25860
5382
-5886
-20437
10350
-26622
-3966
7249
12297
-17660
21509
7677
-30666
-24570
1639
5137
1895
-22682
-11235
17001
-28806
2430
-4987
15225
-16254
-3966
20083
2564
13565
14085
-13943
-24062
28932
-17146
-8958
16406
26180
-1023
-25462
-24810
-20735
-28294
-6271
6018
13421
22348
-29444
23848
24961
-21502
-20732
13574
-4862
-11988
-27281
-17662
22659
24147
-18679
10245
-16635
-2052
-9417
-17146
28259
3347
-1177
25445
5409
-17048
-7302
10878
-2171
15225
-20606
11395
-14485
15108
13821
25861
31877
-24830
20228
32518
-8958
-11755
6981
-1535
-25206
-745
-20735
-13190
-6015
10114
20337
-29359
21244
16682
-23678
-20990
-6908
-24570
-3326
-25811
14704
-10750
-18814
15701
-30454
-29435
8454
-21508
10041
5895
-8859
18964
19048
615
32292
-9624
-30342
-3203
31365
30329
-11134
8835
-25999
32004
13821
-22523
24456
-25598
-2557
31494
-8958
16150
-1723
-1535
-7031
-24040
-19967
-18566
-6783
-14463
15731
20053
-4869
30252
-26493
-17150
8709
-3322
-766
-19665
9587
-5886
5507
-16553
20235
-10491
-763
14332
-5830
20744
19559
32021
-11160
-5273
22310
-408
-18310
6270
20101
8313
-10622
-14718
23666
-19452
13565
-3067
2441
-25854
-12797
8454
-8958
21782
-7867
-1791
-25719
-23783
-19455
123
-12415
4482
2157
-19107
30460
9005
-25217
-9726
-26875
-2810
3
-19919
21876
11011
-10363
-16298
-3061
26118
10503
17660
-4293
22535
-13468
3607
-30870
-30105
3358
28777
-4230
-10371
-3196
25209
-14718
5763
-24976
18181
13565
-11515
20360
-26110
-9469
-17147
-9214
3865
-20149
-767
-1140
-25575
-18431
20603
-18815
-21119
-19854
7264
26107
-10704
23682
-11006
-12539
-3833
5635
-22478
23671
27395
15235
12892
13581
-11002
10504
32507
17982
30217
13927
31000
-28567
18792
14893
28265
-8582
-12675
2693
-25223
-17790
-11390
18038
32005
13565
-18170
-31606
-25854
-26109
2566
-8958
5400
-21688
-255
-22904
-13796
-16895
24443
-22143
-25471
30835
-8860
-16390
13107
-3710
-4606
16134
6152
10755
-14028
890
-29181
-32637
19552
20494
13063
2824
-12550
16192
2059
-153
1050
-3480
10343
9266
22121
-2438
-14723
-9340
-29063
-10366
-16254
-19086
-4859
13565
13575
18569
-26110
-28157
-25851
-8958
-29672
-22454
-1023
15497
-24289
-15615
3451
-10623
-14463
7536
5482
-27142
31540
25728
-2046
-25594
25096
14595
30517
-19078
-19453
-31869
-2464
-1010
-23033
26120
31994
8769
-23030
24166
-19173
19562
10599
24117
25961
-13702
-4483
-18300
12921
-14718
-8574
6513
30214
13565
29703
-6265
-26110
28163
20997
-8958
11544
9803
-1023
28041
25119
-14335
-30853
-10367
-32639
30583
-147
-18951
8759
-7549
3587
-1018
15625
22787
-32713
8828
1284
16771
-28061
-29424
32264
11529
-30727
-8382
27916
-26262
-26084
18537
31080
20024
-10135
1659
2942
21380
-22151
-8318
-23166
-28808
-5882
13309
9480
22924
-26110
23811
24325
-8958
-31718
11086
-767
-25463
28705
-10495
23931
-13695
-15231
20339
31858
4857
-17096
3970
7683
25863
18697
31491
-9160
-10371
22276
27779
-31130
3345
-11000
14858
-13832
6980
28173
21864
23070
6762
25960
-1221
-22935
-22406
16254
29316
29561
-8318
3971
13939
32519
13309
25608
20361
-26366
20739
5125
-9214
-1255
10319
-1279
23434
24355
-10239
27515
-23167
-15487
-6799
10872
-10504
-25030
30592
12291
-11001
-6647
-26877
23097
17278
-17916
20355
28519
19218
-28663
-502
20728
15685
-17395
28007
5920
-23190
31848
-23744
-31127
-7558
-3203
-1917
31865
-21630
-3198
-31630
19720
13309
-8952
6280
-26110
15875
6405
-8958
-10726
8272
-1279
13962
10020
-6655
-14213
-26751
-22655
633
13948
-17161
23613
22404
17411
1800
-9718
-13821
16187
-9601
24069
-15742
-28567
1556
-5622
18956
1271
-8634
1297
16235
20257
8042
4459
5955
-9111
-8582
18046
-13693
-14215
-21630
-13950
17782
-3832
13053
-31991
14218
-26110
12547
-5884
-8958
-18149
15442
-1535
6538
8742
-1535
31099
-30335
-23167
14963
-10879
503
-16321
-6528
29443
-9464
-20726
-3837
-14021
11905
29189
-13182
-28564
-15340
6667
-26612
16630
-32440
5137
3688
20771
-8086
-24471
-6073
-7831
-17798
8574
-18301
22393
-24446
-16766
30063
-3831
13053
11786
-15994
-26110
14595
-13052
-8958
32539
1107
-2047
-8310
15400
1026
-25221
-31359
-31871
-18574
26757
29430
9793
-21376
23555
13577
8459
1028
32317
-3967
-26619
-31870
-7059
23061
-27637
22797
20981
-30647
-6640
9064
22052
29802
13673
-30645
11626
11131
2686
29059
30329
-25982
-10110
-20110
-23542
13053
-32758
-4217
-26110
8451
-2556
-8958
23837
-9645
-1791
13962
-20439
3586
-27781
19329
23681
-25741
-21363
11000
15174
2943
-25341
12553
-30709
10756
26171
1403
26629
12931
-17047
3604
-27126
-16884
-11275
25672
-29679
-15513
-5087
-2714
-18587
-17353
24938
-2182
-9091
-29053
26489
31874
-25982
-3468
26636
13053
-1782
2441
-26366
7171
-9212
-9214
15389
6739
-1535
-9588
-25818
2050
-18565
7809
29569
16495
2446
5364
16709
13951
-4093
-22006
1036
-29436
832
-2940
-23034
-2430
-5774
13848
15117
14607
-11790
3148
14612
23910
-25560
25708
31080
-12973
106
7035
-1155
-1406
-29831
17282
-19838
-15507
-30452
13053
-21493
15749
-26110
8195
-16892
-8958
-12259
-7593
-1535
22155
-27604
13570
-10117
24961
24705
-16269
23186
7155
4423
-24704
5892
-10486
20749
-12028
2113
27781
7175
20866
-4493
27673
270
-15345
30449
-25011
-28907
16233
-8663
-11669
1387
-23721
-17814
13435
4734
-12158
-32391
32642
-25982
27507
-26611
12797
14092
-121
-26110
4355
-4092
-9214
-9698
13400
-1535
-6774
26669
20226
2428
23681
10625
-28299
-31339
22769
26440
3458
17412
29963
-1523
15365
31554
-1146
7944
8322
29046
14107
-31217
-1775
-6417
-22194
19992
30826
22059
32363
-26262
31834
26730
-27270
17022
-27262
-16775
-29822
-31870
1652
28686
12797
-14324
-18296
-26366
5635
-10748
-9214
26911
30554
-2047
-22390
-15570
27394
-13189
2945
19585
13167
1435
30449
8522
-2691
-25596
4364
-15347
21253
-12477
8841
-2297
-13182
-15497
-27621
-31473
-9968
31983
-16817
-8938
21351
-14803
14701
-1176
-21922
-24982
3707
-2691
-15230
-23687
23170
-15486
-29328
2576
13053
16909
16006
-26110
6147
-12540
-9214
13600
-11686
-2559
15243
26671
29186
5500
-3200
27521
-29835
17821
32240
24651
13441
-15100
-26356
-16626
-23035
3141
2698
-18680
-17790
888
11549
-32496
-18927
-19987
19537
-16359
-4502
3632
8046
-13716
-14751
-14230
8571
2174
31106
-10631
16002
-13182
7544
-17136
12541
-18419
7050
-26110
5123
4101
-8958
2593
-12964
-2815
-31094
4656
-26878
11900
13697
12673
21874
-3424
6130
6993
23422
-30460
-2805
-1523
-30459
-31167
-10363
8712
28031
16759
-485
-7665
14098
18927
7248
-16615
21352
-14036
15464
3175
19296
-16022
10875
23934
21378
-18823
28802
-25214
4210
-3823
12797
-9202
-4986
-26110
4611
-8188
-8958
21278
-1448
-2815
18569
28207
-32510
13180
-22656
18561
29038
-10075
-18959
28755
32379
-20988
-23540
-20211
-17403
30530
24454
3336
31102
1145
-31716
17936
4370
32494
-10159
-7144
10086
-7379
28007
26981
-25756
-10134
20603
14462
9346
-15239
898
-25726
13168
-19693
12797
-5361
17541
-26110
3331
-29436
-8958
30494
17497
-2815
-20600
30768
-29182
12668
1665
14721
28021
30632
19951
3926
-24706
-13308
-13556
17167
17670
7236
21126
9481
9085
30843
-29410
-22511
11028
14572
-27310
23580
24938
2862
-24474
-21147
12391
14699
15995
11134
3202
-13191
18818
-20094
-14730
-19436
12541
1041
-21368
-26110
2819
-20988
-8958
-16609
19801
-2303
-15993
13362
-15870
-17284
8321
641
-16272
9900
17389
18520
27772
1285
28941
-17650
-17402
-12988
13703
2569
-9860
19582
-5090
-31983
-11245
30954
-6317
-12771
14183
13616
-31130
4965
22635
13163
12411
28030
-5503
7290
25218
29826
-25232
14870
12541
-3311
-14716
-26110
3843
-31484
-8958
-18913
27994
-2815
-26745
-25293
-14590
-32132
-2944
6785
1391
14001
-6676
-26790
27003
11013
8718
20751
519
-8635
31624
29193
-21892
-10881
12064
-18158
4373
-32535
-15788
4638
-27290
-4303
5735
16997
-28304
28267
8571
14974
-18559
-6791
20610
-24702
-8593
32280
12541
2579
-16252
-26110
4867
-28668
-8958
5920
11868
-2815
16519
53
-6910
-24452
7041
129
7542
25522
11497
14684
13183
19461
19982
17424
-8185
17223
-1656
-21494
-32133
-28799
6178
-27884
-4330
3814
32342
15907
-21910
-5325
-7322
-17305
-26252
-31125
23419
14462
-23167
-1927
31106
28290
10099
4377
12285
7444
20870
-26110
4355
-28668
-8958
-30432
-8100
-2047
-24186
27190
4355
-29060
-6784
-1408
-29328
30134
17384
862
25724
-22523
7695
31760
25608
5192
11659
27147
-22149
12419
16419
13845
19480
-9244
-23721
4643
-28825
4150
-32153
-12698
-28041
19307
16507
16254
23425
-11655
19074
22658
-18069
7195
12285
-15340
-22910
-25854
5891
27140
-8958
-2272
-14499
-2047
5767
20024
11267
-17284
-7552
-10880
-28048
20155
27622
24672
11388
8966
-5873
14609
-11768
29770
9099
-9717
1915
29318
-14812
-3819
-29928
17378
18777
-15580
8808
12345
-32408
-7322
29054
-23701
22139
17790
7553
-903
11906
21890
25711
-12771
12029
21782
-17533
-26110
6915
-31484
-8958
-6367
-15267
-2047
-8315
24378
22787
-3716
-18560
-7296
15476
-579
10978
12386
-16002
-20218
-14064
21522
27658
-20149
-19572
-9203
-3462
3209
13863
22552
-29157
14814
24923
-27606
11626
-27845
105
23144
-25470
6252
-31109
-32130
6529
6266
-3455
27010
-31888
28191
12029
-27369
-13436
-26110
8451
27396
-8958
24866
-2721
-1535
7557
-1477
-29693
-24964
1921
-7296
-5523
24258
23521
-11165
23675
30983
30226
-30446
-29430
26444
-14962
2062
-15237
-8566
-21976
-9192
-23782
-18980
-9892
-16343
25702
-17345
-662
4968
-28024
-21141
16507
24958
9601
-18823
27010
28034
12906
19234
12029
17432
-5760
-25854
12035
24324
-8958
-1759
-31648
-2047
-19324
-10436
-18941
-18308
-14976
-7808
18803
-12603
30174
-3995
30077
4872
-19181
25621
-23029
-5810
26256
12816
32636
-2932
-16085
28443
14878
-24359
-674
5165
14186
21057
17771
-30871
2700
22124
26747
26494
-19840
-10887
16514
27010
7024
-18652
11517
8217
13956
-25854
16131
-31484
-8702
-22494
-32160
1026
3716
-2499
16132
-1668
3201
-11136
-22412
17353
27354
25960
12158
-8184
-10732
29718
7693
-11440
-18030
17169
-6789
-8049
22829
16156
-4578
-18475
5217
-32718
23147
-24251
20332
-9877
10385
24940
25723
14718
21632
-1927
-31102
30082
21616
26151
11261
29722
23172
-26110
20483
-27132
-8958
20771
26466
1538
-30845
7232
31236
-388
-12416
-14976
-22418
-32051
5338
-23702
-135
-31735
15638
32023
-20211
15442
6547
18
28540
31890
1839
-11491
12320
-28972
866
-32464
104
12103
-5780
29544
-22124
18028
-30853
-15234
27008
5242
13186
29314
19821
811
11261
-32229
8578
-25598
26371
-21756
-8702
-733
17251
2306
-19581
22337
-13052
32125
-19328
-25984
-14220
-10545
4309
-22932
-30339
-6903
-26089
18202
-28913
5973
-13162
16660
-900
-5741
22578
30240
5924
10959
9060
30005
2924
6218
27757
-24468
29593
-5012
31867
-24194
2944
29818
3714
11650
-6027
11565
9469
-15333
-3706
-25598
-29949
9733
-8702
3878
19814
7170
-3709
4419
-28411
25981
28032
23936
885
14291
22225
5232
21373
-20214
-3816
23323
-10224
15703
-21608
12053
-28291
-26473
26676
9506
-7644
-18485
614
-32454
-31892
28236
-28563
-26004
3486
10605
20859
24702
3200
23674
-5247
-5503
10866
-26832
7933
-28131
19589
-25342
-20989
16389
-8702
-3801
1642
8706
-29307
6215
-1787
18301
-28032
-21376
-24974
-27178
4048
-7823
13947
-24821
10266
-24804
-16879
-17832
19865
32022
11133
15001
31286
32035
-6362
20169
-28057
-8647
4971
12112
20590
16748
-16220
-12436
-28293
32126
-25985
11898
130
24194
13169
17972
6909
-25826
2436
-25342
-14333
27141
-8702
-11224
-7575
11778
22149
21064
27142
17789
-27520
-15744
3706
-9512
-24119
-27276
12415
1548
14107
5663
30996
-4006
-15462
-29159
-32388
-14950
-18631
-12506
11050
963
23657
27969
-10129
-23214
-7570
-28304
-19031
22637
-23173
-23170
32639
8314
-639
30850
-3209
-202
1789
27424
-2681
-25086
-6141
-14331
-8446
17963
-18836
18690
-27515
-16566
10759
31869
27008
25728
-28043
-4389
11206
-28809
-9348
15885
-17124
-9185
-10731
16988
-11621
-13542
-4740
-4451
-19141
8232
-30420
-26433
3435
32579
-30611
23381
7023
-1426
-22099
18797
24187
-20610
15487
17530
5250
2434
21106
-966
-2052
-27359
-26236
-24574
2308
-14587
-8190
16427
16238
22018
11398
-8628
-30457
-22915
11904
25472
24692
-14371
-5181
-9096
-2693
-13299
-10979
12577
24342
18013
11932
-24293
4733
-5475
-16580
-30936
11053
20156
-5781
-8894
11885
-20649
-19857
-1939
32176
19053
-31109
-29314
-3970
23674
-22143
1410
-3983
-28611
-5380
3362
11652
-24318
11012
3846
-7934
-21205
30574
27906
2694
28748
-2041
-22403
19840
22400
-31109
-13857
-30533
7037
7040
-22258
-29154
27425
-26856
2143
26526
-21476
-28548
19616
-24514
3882
14125
-29260
-16275
-20917
29297
23129
-23186
25711
6836
12397
-27269
-23426
-23938
18554
-15487
4482
-29323
-28352
-20228
7460
24198
-23550
15876
6
-7678
28460
16496
25858
-8315
-18866
13320
-21635
17024
32128
-7563
12260
-27976
385
16252
21520
10016
19746
-15077
-27551
11168
-5346
-25476
-31067
27201
31532
20015
30129
624
-13747
-10643
-6307
-30353
23918
-2630
12653
-28549
-11138
27518
8058
-17023
12674
8046
-7097
-26884
-20699
1154
-22526
28164
-7675
-6398
30509
-29582
30210
19590
15698
-30456
-9859
9600
19328
24693
-6169
-8781
11397
12923
-5103
4642
-20956
-6370
17763
21409
-28639
-7557
-11096
31813
-23249
-7885
20139
23666
14418
-1683
23651
-27281
-5522
-319
13421
31611
-23170
9086
17786
-11135
-639
17010
9807
25596
-5849
8323
-21758
-21500
25862
-4606
-5586
-24205
-23806
10885
-26284
-16375
6014
2432
8576
2424
-27414
-4438
29322
3197
-31469
24611
-32219
-17885
5478
-12637
-30428
-134
25517
27209
-5839
11830
10659
32628
-15523
30575
8294
22127
5233
-6714
24940
27515
31614
-9091
20090
-19839
-6015
-910
12885
-5125
-14550
-20861
-19966
-11260
26118
-1790
15664
30582
-24318
20100
23640
22026
-2947
4736
7296
-8848
20461
6055
-29810
-31367
5910
16166
8743
15653
-2201
9125
-2267
-30853
-592
-30389
-6349
30520
10655
-26250
-23716
-30869
3691
-5520
6511
-18997
11628
19579
22142
-9859
18810
-23167
-7039
9068
13660
-21509
11821
-18817
-16382
14597
-9210
259
-21455
21367
-16126
19588
3164
14603
4990
-17281
-385
-395
-32018
-23135
4752
17275
-29417
-23769
-3799
40
-24471
-1115
20776
-12166
-31567
-24498
18998
10554
-104
-12936
-20895
-8594
18798
-28303
-25487
16591
21356
31611
-32642
25213
20090
31105
-5503
3442
-27041
16123
-3538
-31614
-13822
32517
-31481
4355
-5582
5496
-766
31107
-30883
-32500
24446
-9089
-18049
6261
13040
31651
-20840
8826
15128
10792
810
21800
15465
24996
14377
12664
-8015
29518
-22729
-16068
9624
-32135
-30874
13934
26986
2413
-29843
31438
18028
14459
-28546
22141
26234
-32383
-24959
-19855
-15772
25339
20530
-3967
-11006
-27387
30215
5891
14901
-6533
9731
-5500
8287
-24308
18558
-897
-19329
-25746
-1039
-24415
7580
1654
13850
22826
16938
4906
11371
2213
-19671
11896
-26188
-5552
15673
-17860
-5228
28027
13668
10603
-13201
-3475
14955
10451
17260
16251
23678
-10372
24186
-14975
-31359
-24723
-8086
15355
-16076
2943
-6910
-3323
-26105
7683
-972
8059
7427
-893
-19872
20237
-29314
-8321
-5505
-20364
6643
13720
-11362
-15496
8732
-20693
6445
15408
-7060
-10587
-19410
9847
30390
15189
-21955
-8894
31884
8829
-27029
-12690
-23951
-1171
-26259
11990
-13972
25467
28798
-25220
31354
-22911
-14207
1909
6255
22522
24631
22658
-510
7942
-1529
17667
-13770
-4740
31491
-20862
19810
-14066
-17794
-21889
-10113
11380
-3852
16788
6821
16760
24094
11822
-14033
26932
12911
21671
-27598
-30346
-8518
-19624
65
32326
136
31359
-21901
-19346
-6283
-27795
-20883
-5414
3693
29563
-16770
18812
32122
31361
-22143
-9873
-6026
-6407
-18374
-12161
5379
-14842
-32504
28931
-16073
21373
-6141
-25471
-7834
5904
2943
-31873
-10625
26226
-13840
-11133
-31079
28791
24094
-13009
9263
-24788
-26516
-14687
30511
-7561
173
-30123
-26304
11333
-28550
-11907
19815
12654
4211
2159
14958
1233
-11412
3707
31102
24700
-15238
23169
-18303
-28562
11367
-29449
4665
-25729
18691
2567
24840
15619
-15563
-12937
-17405
6530
7264
-753
27007
29567
-3713
-1416
26615
5002
-32340
28281
3875
-4559
-15820
19006
-12429
-13911
31802
26229
19136
19296
-30136
-28339
-901
-2685
-28033
6002
-10883
25198
-5777
26593
-12179
30331
-24194
4220
9083
17537
-11903
-13708
-21117
-30216
24640
13954
15875
-22521
-9463
-7677
24890
-1665
-18428
7552
8044
-3310
16255
-20097
-7553
23156
12024
-2939
10160
12663
13093
-18637
25652
-29632
-3724
-15958
10555
26741
31682
-27039
-21431
-15282
-11656
23173
19584
16495
-13952
-5010
6767
-25373
5742
-32133
29310
-20613
379
25729
-13951
25455
-31608
-4105
26434
-18562
23811
3848
28937
-253
-17606
24704
-20988
-2689
-14227
4883
23423
30591
-20353
28275
-7944
-24447
-15695
31350
-31193
-14795
19510
2371
18294
-20566
-31683
-21899
-16701
-29340
-21173
-7599
-25229
1671
-13440
21359
10884
4463
4207
-31771
19310
-30597
-22146
20859
-134
22913
-22399
-26513
18061
12535
2372
-29058
30467
-32760
11786
9732
-14533
-385
-508
-16001
-1938
17172
-5249
-17793
-30593
-30087
28921
-11144
-13131
-7047
-28631
19255
23352
-31160
-24200
31659
-13759
11637
-9019
23656
-11441
21076
10348
31369
-19060
13171
-18554
32367
-18318
17895
5487
-18053
-27778
22139
29819
32129
27009
24690
-21359
-32011
14663
29056
-24829
-9464
-22518
32004
1853
-13694
27141
22911
1906
-24811
-11393
-30593
29823
21107
6906
20088
-25415
-139
19244
17465
5176
25931
30329
-17492
18243
24436
-32310
23658
-688
-13994
17771
12683
-6772
29551
-6007
-16787
23149
21225
-25746
-13701
-5506
17531
30075
18049
20353
20586
28055
27637
24650
-12421
-16637
-23287
-32246
-21244
22845
31619
32261
6271
7541
-1259
896
-18305
26751
24691
-21766
-21646
4796
17525
-20945
7739
-2503
-21170
12411
-23891
-8635
1651
-2869
-13971
23124
-14760
-13979
-2676
-10609
-5777
27022
10350
-18835
15084
18287
-5509
-5506
20858
30075
29313
15233
3695
1693
10228
5709
13693
-8701
778
-30965
-2300
-15810
-7549
-6907
-12931
-10890
-23785
