-32632
2695
32714
30815
-24253
14215
27975
31624
21126
-23288
-5236
19331
-31360
-25209
31875
12671
-3202
12171
-1220
27683
-3940
14979
-28937
-3090
-26132
-23051
-12111
-17808
1521
9606
-8079
3798
32485
29667
-29403
-12126
-10289
2197
-31299
32151
-7019
25726
16793
21125
-22143
20607
-25210
-20355
20349
-10864
16774
3204
-11829
-30370
-16575
-5241
5959
-19576
-25721
29960
-8564
16515
-29056
-16249
30595
22143
12415
20368
-30662
-15836
6044
-8059
-6410
31469
-12565
23541
-14673
31854
-24848
1925
-16274
-16684
-14108
30946
-25050
-32095
-11569
5272
32443
17558
-25449
10109
-29031
18053
-22399
13439
-17786
-1411
-26499
20118
646
16515
-10035
-8611
6212
-22904
-30396
-25465
-25720
-3577
28044
899
31104
-28537
23683
27519
13183
-14960
8760
-10459
15003
-30074
-28170
20972
9964
-13068
-4690
-18068
26096
12676
17519
2004
23268
32226
24616
18336
-12592
26263
-22087
-29803
6295
5498
4761
10885
-20351
20607
-31610
-3459
-27523
9109
18563
-23423
12497
32348
-27844
-14717
-957
-31864
-13692
-24569
31884
25219
-28800
-28793
1667
-30337
12415
-19061
13879
7209
23449
-638
24566
-5141
-5399
6388
20141
-19605
-3602
15748
-3220
-26158
-12574
-25120
29483
5535
11211
-17004
-30024
-21611
-12652
-30856
-5736
32389
-19839
9855
14982
-1155
-23939
24466
-20863
10880
24529
-24229
-29123
-13690
15170
25735
25479
8967
17804
6019
-25728
392
17283
15487
30335
-10864
-29388
1577
-8041
10118
-9995
-4374
-4375
-20749
8365
29547
3055
-15229
-8854
-13615
-20254
17633
-25045
23710
-5429
30871
-23882
-11884
4759
26229
11673
17797
-17791
-11137
29830
-16515
-4739
-359
20608
-29058
23251
-25766
-21442
3719
14144
-122
13703
-16378
2188
-7038
-29312
4744
7811
24447
15999
-15217
18482
-3030
7574
902
-11019
17386
18921
13555
23468
-6550
-31762
9092
15723
-18480
6114
6113
-26835
8093
21196
-13674
5301
25492
24470
-15502
-3432
9861
-12927
-6017
18566
-3203
-25219
14228
-22404
-13446
27606
-31143
30774
-16253
32318
-24442
-7293
14598
-3957
-4734
-24704
10632
17283
25215
21375
-4212
-15824
-24530
29076
-1661
3317
20969
-17177
6642
-18774
10089
-7188
644
-3480
-2354
-11296
-2338
-7888
5020
-14651
-10860
19123
18068
14485
18287
-3944
11653
-8575
5248
-27258
-2947
-21123
5522
22912
11133
18390
-1192
9275
-29817
-17344
16775
14471
27910
30347
-2942
26240
10888
10883
17791
16767
-32620
-6867
-31444
-2925
12936
17908
-5145
20456
9202
13224
-32155
10989
4482
-6042
-13107
-19489
-9251
-17872
-5478
-823
29592
15537
-16494
18070
10864
-29032
12933
-21375
1664
29830
-16003
-30083
9110
19579
-13960
23258
-13481
10041
24709
2111
-378
14982
-20731
651
-23678
29312
-29048
-3198
-31105
13439
-16244
-16852
25392
-28526
28292
12019
-21530
31716
17137
-22618
-20891
-15894
8833
10855
-31029
9437
-19493
-22987
-25191
-16955
-10605
-24914
13457
31378
-10390
16792
-2172
-20351
22656
23430
-2947
-31875
31887
-8840
-11402
4060
-22442
-11214
7556
-17858
-9850
-16763
28165
-16246
-14462
-31104
-15992
-7806
31359
22399
-16501
10283
-23246
-30832
29059
-18702
-795
7906
-12561
-22875
-17820
-7704
-30847
19045
-21303
12763
-19497
-8905
-15720
-21312
26515
-11091
19089
28050
-20888
8856
8069
-13439
-32128
18822
-899
-20611
21392
29305
-6794
-8997
-17322
-13513
10889
22588
-17018
-17015
4869
28042
-23422
-9344
28040
-4222
19071
23679
-2160
22056
4145
5007
-15481
2802
-16412
-24607
32239
-4700
-29084
-2840
7809
29795
7369
20187
29144
-26825
11672
31684
32406
3756
-22639
-26475
-21915
-11881
-5756
4738
25216
27526
-18563
-24451
-15727
-5002
22644
4831
-12204
-6350
24197
4155
-7546
-1147
-16636
13194
-20862
-28288
-24696
-24702
15487
22143
22923
-17370
-26059
32396
-11900
-29967
16612
27871
-23058
-26205
17763
-16665
-12415
-28062
20423
4570
31191
5180
18326
17343
-3438
30634
-11887
-19566
-31390
-10345
389
-9087
-31616
8838
-17539
-26243
-5495
17779
22896
-30752
-9645
-31698
-19836
-4808
-15738
-2428
24836
-15479
-16766
-24192
-7032
-23166
-28545
23423
31628
-30428
1592
1162
-3964
-11792
-2590
-8737
3053
14754
-1183
31974
-16511
19552
2246
-24616
-24618
17214
25749
21435
-28013
25768
-4719
-878
-21922
-19561
7045
-5247
-2688
20358
382
-16771
27535
-23182
21616
-27423
20563
12082
-27513
-12746
-1403
30598
6916
29065
-22142
25216
649
-25470
-29057
-20097
20367
29218
-27592
904
-8826
-21520
4322
21214
-20500
-14942
4963
-7195
16514
-23457
1221
3031
31188
-6593
9621
6590
28821
2216
-32110
17812
-15781
30103
-5244
-16255
2177
5510
638
-2435
-23920
-7826
19820
-22556
25681
-24277
17539
-25035
22150
-14460
-7677
6537
-32382
-19584
-4472
16514
-32641
-30337
903
-5600
2110
15493
-13694
28912
-31775
-12324
-19734
-17504
-13471
7140
1411
-24226
-27966
-29227
11731
10053
1427
-24907
23440
2726
3219
18321
-2472
15511
-636
-5503
8065
-6523
-3715
-21123
6539
-5781
-7575
-24859
27216
-20439
-2429
7220
4230
-12669
-25597
-16760
21890
20864
7049
20354
-18817
28031
-3956
-30178
-13761
-20606
-10619
4591
-10785
221
-26391
-32609
-6560
-30749
15747
-30117
30657
-18476
18386
-6842
-7279
-9804
-31085
-20061
-16750
-30829
-24747
10135
-3708
-27519
22401
-4475
6782
-19843
-13936
-6805
-7832
12775
-9138
8235
-17788
-14286
-29563
-30331
31235
-27256
-24702
13696
-32375
24450
-5761
-12417
-22130
15388
26689
-28801
6023
17135
17887
-26402
-15639
11424
11617
-24605
30852
-27045
-2112
-18988
-5934
-3255
-4720
12214
-2156
-23134
-25965
-2667
9044
-2922
9093
-28799
-25983
4742
22142
894
-23664
2666
-1946
28905
-4531
25381
-25984
5173
-10618
11907
23811
-121
19842
21120
-31351
-2431
-21121
-12161
16009
-5350
18501
21373
-12413
-11283
26590
15836
1767
-18788
-27042
-15904
-19836
5722
-23619
-4400
1487
-20658
24207
686
-4720
-17504
-24686
14225
-24239
-30826
-7292
-22655
-19583
-10107
9854
9086
7309
31079
-17819
-3351
5964
15397
7043
20784
-17019
11141
3331
-15225
21378
9600
-27511
22402
-11137
-25217
-20849
-5096
-18106
26234
-30329
18669
-1827
-14116
27622
15006
-6559
17120
-9851
15960
11710
19665
-17715
-13489
-16754
-17490
17045
2975
-13933
5270
24909
30102
-14204
-31359
-12671
11654
17278
-8579
4503
-19868
10594
2796
15947
-10460
32387
-18899
11653
-2173
-14334
23175
6530
6784
-11127
11138
-9345
-16257
31630
18711
-18614
11128
-15993
-28180
-23332
23003
-9500
13213
27489
-12322
-25210
30295
24764
29903
5580
-16812
32141
-3668
16276
-13413
14483
-18797
19528
5526
-6012
-31871
2178
4998
15230
6526
22673
4960
-2211
-8467
-25271
-12514
13184
22061
25734
14467
-21758
-6266
4994
13184
4490
-14975
-5505
-18817
908
-14571
-5809
-20876
6022
-22805
-9253
20697
-2847
-17765
25696
-13861
-20601
-30635
-8263
-308
6601
30553
2188
4517
-27758
-2151
32147
-20846
-22203
-4715
-13436
-27519
16258
-22907
19582
-4739
-4208
-20897
-11173
20718
-29368
31776
-21117
-3543
17029
-2429
29954
-9850
-12671
11136
18570
6274
-6785
-13953
-19053
-6637
32080
-16270
-30838
3818
-20519
-7463
29921
-2918
-31137
7900
-2938
-174
18361
-8756
-29496
-22438
-10614
5032
5271
-16234
-11886
28566
-18880
-8043
31364
-29567
-31102
-4987
18046
-3203
12182
-6308
2394
11504
8775
24606
31106
-16600
-4476
-16253
25090
10630
-3455
8320
20618
-30335
-4225
-11649
-12147
-16366
20821
-30352
-14457
-22807
-26151
-18985
3807
19865
25183
21465
-13945
-32430
-10314
-25398
23494
8800
18057
-23902
28819
-20076
-8046
-5998
21310
30613
-19068
32129
-17790
24197
16766
9854
-26992
22362
-17832
10993
-24763
29722
-18048
17191
9093
-28030
18690
-10875
-895
1664
-25462
-13183
-8577
-17025
-23156
-25839
-3496
31341
8327
19176
-13865
-810
-15139
23447
-6051
-553
-633
-9393
-31308
20681
-10042
15715
26247
18332
21138
27026
-7278
-11630
32571
16533
-19068
21121
-2942
-20091
16766
-4227
29073
-20903
-23977
-30479
-3260
31005
8325
-26843
28292
-24698
14850
19333
4738
4224
-23414
-27263
-3201
-897
24721
14096
-12200
5484
-24950
18919
-6442
12501
12764
-1130
21342
-20522
12168
9807
10419
6855
17347
31332
-13690
30624
3221
2960
26514
-20844
10297
-16492
-11132
29569
8067
-23931
21886
14974
-621
26198
-28076
11251
16451
-25831
28545
-30173
28292
-32125
9730
901
-20351
-9857
-28790
20865
10624
16512
-26229
28175
-6562
-22679
28295
-28442
-16171
7379
-28711
-23659
-26019
6356
10121
4430
-12368
-31292
-64
16746
-9084
-10088
23185
-12147
27282
22162
5686
-26988
-29564
11393
5251
12165
-28802
27006
14220
-3757
-32431
3572
8002
-14570
-30848
1314
16004
-23422
6146
-14972
-24447
-6017
-28534
18049
9856
6784
909
13326
-19102
16230
-18041
13285
18132
-4143
30935
26516
8028
25042
7305
-19125
-1362
-5693
-24384
-24211
-32381
8340
3986
-18806
-11375
-3695
15923
-29292
31364
22401
7811
25221
30846
11390
17810
18519
-25262
3060
-28606
26
9348
25379
19078
23687
4098
-27260
-14207
-7041
-15734
31361
26752
20352
-7794
19213
-11170
19300
-30839
19940
-24366
-16687
5846
19346
32345
-2608
-3193
-11190
-9812
12737
22206
-19859
4483
11672
-16238
32649
-7280
-27760
-16079
26004
-22396
22913
26243
26501
-22914
31614
-17263
31567
13133
-22539
7489
277
13952
-12256
24454
-15741
1538
7556
11393
3712
-12406
9601
-641
6272
23431
-17140
21096
-30879
2950
-5917
-18478
6096
-20525
-17518
11356
-1842
-28278
-24758
-27477
4800
-14660
30324
-14463
10126
-8562
24457
-32109
5008
-17361
9108
6532
-32127
-28797
24197
18558
20862
5518
-26034
9035
-20235
-19137
-25836
-5760
-18914
-27515
-22910
-1023
2692
31105
-7553
651
27265
1152
7552
8589
-12533
-15768
-25505
905
25058
-4912
11216
-15663
5010
-21669
-11571
15242
28999
-6486
-8513
-24645
-24972
-24448
17550
-9071
-25978
24467
8595
557
9108
21636
20609
-16509
-23931
15230
20606
-23405
-2996
3402
23030
-25537
-31723
-19071
3870
12677
1412
-2303
21123
13697
-4481
-10358
22145
30592
13952
4750
10763
30570
-23970
-631
-28703
4816
29903
-3888
15761
11867
20685
5002
9287
-15959
-29506
31931
-19593
-12673
-1394
19602
28037
20371
-32109
26667
27027
15748
18305
-14973
28805
-22914
23422
-29038
1353
-442
28151
-10947
-4336
8316
-5349
-9853
19071
-3327
-382
21889
-8321
10635
10113
3712
21888
4490
-20214
-24206
-933
-7802
16609
7120
11982
-563
-26736
15707
-7478
18316
31813
-3161
29116
-19272
6781
-2690
20101
-24944
12675
22677
29587
6186
14739
21636
20353
1412
16261
29310
26750
-6256
2119
-15804
-28681
7996
30225
-27522
-15079
-12415
897
-4863
-7038
11649
-1409
13451
-3968
20608
21632
-14193
-3575
9843
-30886
16778
-16161
-1586
-20017
-16180
-11889
-23718
15562
31628
14915
28839
-17988
-18504
-11651
-19331
8071
-28013
-11393
-17260
-19051
-20441
13715
12164
24449
4740
13445
-31106
-29570
19353
11588
17217
-17160
-26566
-18416
-9091
23319
-27265
-8835
-6143
-14206
-2432
-23937
-24693
-21376
29568
23936
-3189
-27383
20091
18268
7048
20190
1998
-6194
1483
25230
-6567
3528
-28533
5443
933
9914
-9033
-20348
-22917
-17021
-22640
9083
-11888
10129
11045
6547
3460
-384
28036
-9852
-13442
25982
16276
-6592
-26560
19449
13370
2062
-23174
-26857
-17281
-14980
-6399
32386
13441
-9345
31627
-24960
9344
14720
-29303
32009
-25728
31323
29574
478
32205
-10292
9928
-21619
-22952
27588
-6517
-3519
-25950
-11082
6580
24200
-3462
-31620
-3698
-11654
-30832
11408
15908
-9326
7556
17537
19588
-12156
26494
18046
5267
-3521
13630
26873
15673
-10737
-12419
-30955
20350
-28804
-7167
17794
7041
-25985
27787
-21376
-31872
27520
-5488
-18168
10880
-23974
-30326
-29989
30667
26829
-3386
-31348
-25001
21188
-14710
-4801
10402
31415
27828
7305
-16007
-383
18323
-25482
-25969
23442
-9439
-29038
8580
7041
26244
-17020
-15490
27006
152
32574
-10692
3834
-8648
25358
-23940
22292
11902
-25732
-7679
-24959
-7040
-28801
26507
-2176
23168
31360
2187
27400
-11900
-4520
-2169
-25126
27594
13002
1732
-29302
-17066
-10304
15499
-25281
-4450
-5964
20658
-3955
-16776
1404
24463
-22157
-28786
-31602
-1761
8338
-381
641
30596
10373
-20610
31358
16274
-5056
-1476
-11783
22328
14605
-32132
-27882
22400
8319
-7679
-18815
-12672
-29057
-15221
-17792
-19072
12672
25993
-505
-22400
-26283
15239
-17192
20936
-29241
9664
20615
-31918
9918
-25975
-19396
-30564
-12110
23983
13964
11895
-18569
9102
-15756
16270
24717
-13025
21138
-6781
1409
-12668
1157
-8578
21630
-7024
28220
31802
28922
-24521
-22770
18047
18195
-7044
12670
-8191
28801
-16000
-21377
-20085
-10624
-26496
-29056
-24947
-15097
-30585
-8617
-23159
-21801
7623
22727
29633
392
22868
5566
-31095
6461
-101
27825
-23378
1169
12407
16508
-18800
24688
20621
3984
-12771
1938
-8829
2433
-12156
4229
-7810
-22402
-877
2363
3386
-4358
-6090
-25076
4731
26386
893
-30342
-8191
-7552
-4992
-12929
-12149
28032
-26752
31616
31367
-22265
-14964
-20906
-13434
20439
12231
-13629
-22083
-11898
-27052
31674
-5495
-6596
-31334
20911
-11093
20629
-9611
-29580
-23668
-8337
25230
-23667
-20452
-32367
-3197
15233
-2428
-24444
-3202
30846
-26229
8249
1848
2043
-7115
-30453
-21638
-28910
-11652
-31366
-8447
-128
-14976
-18817
-2677
14464
-9344
30336
-2168
9735
-23923
16724
903
30677
3781
-4669
10171
-1659
-13742
-18504
-12151
-2759
28056
9134
19370
13462
-12940
-25999
-25971
31086
-22643
-32627
13339
-20847
-8317
15233
10117
-23420
-386
30590
19345
3898
-16328
14331
4917
-23796
28796
-30703
10108
-21892
-8447
-6272
-11392
-25729
-3957
30336
30592
-25472
14219
-13818
-32370
-16045
22152
4308
16324
23490
-10564
9093
11858
9913
-23671
5690
29847
-11859
-1111
3224
-22669
-20108
19854
-21909
29069
-28530
27162
-26479
-4477
9089
7813
-15740
-10370
-21122
25234
-24009
-715
-25093
26932
23562
14201
13329
26748
-22407
-8447
-26752
-13696
-32385
4748
8320
27520
23680
-4478
-19962
22675
-25262
12676
-25389
-9277
6592
29112
23427
6226
17333
12938
21049
15765
-2134
11176
13724
-16270
-23957
-24951
-19605
-13171
-19317
-487
16785
-10365
2433
12677
28548
-13442
23934
6285
6966
-5837
-24325
-12493
-28662
9082
-26608
13180
-9095
-8703
23936
-27776
-12673
-6773
18048
-32640
32128
-15224
30726
23955
-7599
26503
-21550
16322
19137
-11849
-27774
-432
-21836
-3703
-969
-19820
7595
4008
18844
8306
-10900
-372
22889
-7028
24972
-27880
2449
-22653
11137
13445
-20860
-24962
-26242
-21614
-17611
-32715
-9477
19763
12299
32122
4624
30587
13434
-8959
7040
32640
27775
-4725
17024
-30592
-31616
29577
11270
-16491
-11696
-25209
-2864
26049
-3649
-74
3970
11600
180
-26231
24632
-11373
19881
-12634
-3426
25713
21358
-9332
27751
18828
3980
-27369
-13936
-31357
-5504
18821
-27772
-10626
-23426
-7280
-21708
18483
10748
-14287
-9976
-7051
3088
20603
21878
-8703
-6529
-31872
29567
-3701
8832
-2432
31104
-22140
3078
-7526
21838
17028
-26928
-21568
26813
29619
16768
-3249
25263
23178
-1226
30353
8871
932
-13918
-13457
-11420
-30070
-8346
-32372
-16758
-20202
-24432
31875
-13696
26501
26756
12415
-22402
25486
-4558
9778
12796
-2768
29193
15993
26895
8827
16248
-8703
4480
-29056
-24193
8076
1920
-27008
-24704
24970
-18171
-25446
26189
-19577
21454
-26690
31934
-15950
20864
29775
-24401
-18295
13877
31632
1191
30115
10147
-14994
-23448
-22131
2405
12428
-4724
4374
-8304
-21373
6529
32389
26756
-8578
-20866
-32106
-14282
32052
3836
-30415
9226
12155
12304
16252
-8837
-8959
-11905
30848
-26497
2700
-2945
30592
-29056
9097
-32763
31637
2122
21128
3021
23741
12733
-8016
25470
-4787
14000
-32631
7989
10384
31909
-21086
-29791
4206
-5272
23180
32101
31883
-30837
10005
-15728
-26749
1665
-22139
19844
-13442
-24450
-24177
3119
-11475
-21764
-7633
-18681
17014
21006
24697
-396
-8703
8063
10368
-30849
-29300
6528
-24960
32128
-25211
25093
21666
-12470
-15739
-18485
32700
-11846
4012
-25475
25165
6826
-20087
13364
-28276
22946
-13666
20650
8301
-18338
30858
30049
28298
-6776
-23789
4752
20867
2689
-8059
31876
5759
-28034
-4210
-10189
50
14844
-20688
4618
-12676
24335
-28292
21626
-8703
13695
-29312
32127
30092
26752
-4224
21120
18322
8197
-30569
-30908
31117
17613
-17475
30656
-26704
-17022
28499
30385
16526
27701
-20847
2727
19874
-27741
4974
12138
-31854
16486
23441
28819
-3308
12176
-14973
-10112
902
-24444
8063
30078
-31594
-31951
27695
-28164
15408
-9976
1659
19471
6014
-25988
-8959
-26498
-28544
25215
17804
3968
-20864
-19328
-11125
-508
3485
-14782
-26230
8140
23741
-10562
8367
-13952
-15278
-29265
-21362
21813
26255
20132
-9056
-20056
-1172
6756
-5490
-27803
-6767
11922
1556
-19569
-13693
-4480
-14459
29828
-15234
-18562
-31088
6959
4910
-21508
-28114
-22009
-23175
27151
-5507
-134
-8959
27518
14976
27519
24972
-1153
-23680
-17536
1419
-13820
27807
-13504
-17783
-54
18364
-4420
1451
25471
-175
8876
-4466
307
21901
21666
-25442
22186
-25493
-31650
9102
-16028
-17007
12177
1043
-16753
-29309
-13440
3206
19844
-7042
-12418
29330
-32467
-23508
-4612
-19667
14088
25980
-28660
29562
10363
-8703
11134
18048
31103
-16500
-19585
-1152
-24448
-116
-26876
-4956
-24766
10891
13768
-21574
-18501
-20825
-29059
19024
-19800
-24435
10289
10378
-27233
5787
-6994
4202
29280
31630
-7076
-21876
31118
-7664
22671
30851
-6016
21382
6020
9855
-17026
18325
554
-15319
9725
14893
1031
-23688
18444
23162
1144
-8703
-6019
14720
-20609
-12404
-24705
-15232
-17280
-18554
-30204
-598
11073
-10873
2504
9914
25530
11172
-12933
17743
11173
-1395
2097
-6777
-19044
19610
-15437
-22680
-14760
26250
3675
-13172
-30069
17168
10895
25987
4225
31366
-1661
7295
-14466
8589
-14552
1064
12541
18220
26374
5240
-8437
-29574
-649
-8703
-22659
1152
25471
29068
-31617
641
-13696
16520
23812
-14421
21054
14728
10181
19384
-8262
-28254
23675
-18867
8868
29069
16431
-22906
7836
-24679
-15692
28519
14934
11915
31321
13453
24205
17935
911
21635
-10368
19334
-1917
11903
-9858
-11630
-1240
22823
21245
-15317
-4090
1402
-13814
-16263
-904
-8703
16253
9344
32127
-7540
22143
-13184
-17792
-11383
15876
-82
-5058
-30839
-8510
-31562
-26184
-5984
13690
-21938
12962
20109
-28625
-4732
-11367
27031
22968
28262
27480
1164
2390
908
5516
19214
-25714
29059
-10624
-19834
-14461
3967
-17794
-16493
-22748
20004
31997
-25302
-32251
-27275
-22518
-19335
28790
-8703
-11396
-897
26751
-13684
31615
-19584
10625
-2688
13060
7606
4413
6277
-11840
-25932
-16461
4506
4471
20811
-22629
20876
31022
1920
12692
16529
7358
-2716
-27314
-21626
-26284
30603
-1145
-2548
-26482
18307
-14976
-28538
3204
8063
12415
-28019
-12764
14883
-32515
-19415
-25595
-29834
28170
23930
2680
-8703
32636
-7809
-25729
-9588
-30849
-2688
641
-2938
3588
-16715
8251
11400
30909
-4431
-12878
-8041
-29323
-24758
-17255
-11893
11308
-16258
12180
-9328
-23618
-23709
20047
30345
21074
20362
19081
-6901
3982
18307
-128
-8570
5252
13951
6015
9875
27177
20775
-28931
9772
-29434
-20359
-20980
10621
10620
-8959
26236
-13441
-20609
-2420
-29825
3713
10881
29320
-2045
-11597
20536
-13175
8123
22702
-8274
22168
-32396
27978
-27237
-22391
24111
-3713
13203
-3952
26049
-4765
-19629
-17271
-8106
10891
-4982
-26868
5262
15235
9089
9095
8324
20607
17279
7309
-13534
-21470
-23299
-20439
1029
-397
29963
-15237
-24715
-8959
-13445
-15233
22399
5005
14975
6785
2433
-126
-6909
13243
-4555
17798
26553
-1620
31404
-22126
-22413
21834
17302
7051
3373
-28037
-16242
21132
-29499
-9119
-23479
27527
-12204
8588
-26999
14603
-25715
14467
-11392
14983
-15485
22911
11647
-629
16419
-27871
-22019
-2520
13061
19575
-13302
-12933
6009
-8959
21115
-4737
24959
13965
13183
-29056
22145
-31607
-14333
-1861
-29901
-4471
22711
20652
-24659
2704
13939
-21173
3222
-6517
14123
-2694
-25458
16778
-16954
-16800
-8885
27274
21073
8331
-28790
5130
8845
19587
-15744
-32121
-5501
-9858
21887
-30571
-16094
1057
-18691
10793
15365
-26505
23306
6779
-13703
-8959
9339
-24193
21375
8845
-8834
129
20609
-7290
-16893
-4930
-13774
32137
-22091
13483
-2646
17550
-5519
-12213
2964
13964
-3029
3449
24716
-21369
-24630
16736
3914
-10104
23887
-631
17289
32265
7820
-3454
-15232
28551
16771
20351
25471
-7282
18208
-31202
-17411
-27096
28420
4214
23306
25724
2936
-8959
-16262
-15489
8063
12429
-17026
-3456
-2176
5253
-20477
11457
18991
-13944
-24397
-24920
-8536
12169
112
-17846
26767
-11892
297
-8587
21641
2694
-30260
-28578
16963
-11897
12366
-19318
13449
-16632
29579
-2430
-29312
-13689
11651
18559
6783
24718
1313
-25313
-16643
-26072
17669
20601
25609
-23942
27000
-8703
-20358
-32385
30591
-7796
-14210
4737
21889
19596
-22013
20418
-22993
-28276
-22864
-15962
-9815
-12151
-16529
3147
-2672
-7285
-11479
30326
-4215
25478
718
-32675
-32183
28299
-15798
-4984
-21878
23304
-12150
-14974
-17536
28807
3459
26751
-31617
26514
18978
8737
-15107
-18392
-13052
-16265
-10231
-29572
-20101
-8959
-32390
-25473
16511
-12660
2175
7809
12417
-21114
-22269
4550
24366
9866
-13648
4263
14760
4490
30575
-9397
8336
12429
12075
-16779
-26231
23942
465
14173
-28091
-6009
11596
-8310
4747
28680
18314
-14718
-30080
-29049
17539
23679
12415
24460
4632
-32490
-13827
16929
27139
-1676
-12282
-14474
-22668
-8703
-21383
17023
2431
-2164
-32642
7809
27777
27782
-27389
-22328
-31707
17290
4524
-12378
-10839
11645
-2195
15434
14982
8335
28706
21870
-22399
29822
29906
-16295
1849
8840
29505
-13685
-28790
30214
19849
25986
21376
-12921
-21374
22655
18559
1166
21520
-9713
-13827
1560
22019
20862
19972
18043
30079
-8703
-1672
22143
15231
21389
10366
5249
-29567
6282
-30461
-17470
-24553
22926
22428
-24156
-31318
8302
31339
-14266
-17279
-11891
-29167
-2719
14711
-8076
-28463
-30123
-18633
-14199
12590
-32372
5518
9732
18824
27266
27776
16264
22914
9599
20607
17036
-27636
7181
-12547
-5355
-10238
-1156
-2557
-22913
-16001
-8703
-21640
2431
5247
15501
638
-21375
19841
-21373
-30973
6342
-26605
31115
402
-23646
-5978
16741
-7065
15172
-32134
23950
-17908
20826
7790
-23698
31189
-31406
-4306
-7035
-31448
3725
9611
19459
-17529
5250
18304
11144
10882
-24961
9343
14724
18445
21517
-12035
15382
-14590
12415
-12541
25219
-16765
-8959
29304
4735
19839
18317
12158
12417
25985
-2683
-31229
-17721
-8176
-19059
5002
24222
32165
-22175
-22172
15936
13434
-20340
-22774
27737
28270
9326
8664
16465
-29139
31623
18980
18573
24716
-3070
-23417
7810
27520
30088
19330
21375
18303
23176
18698
-29430
-11779
4371
-16894
-22144
-29181
-13697
-4736
-8703
-24712
7039
12415
-4212
21118
21889
-30335
-24185
-31485
8394
-19953
15503
5759
-20327
-29789
28253
-4256
21569
26997
-16498
-24569
14161
-21402
-154
29913
-16051
14892
1416
-18918
-7029
27019
28674
32135
-127
16256
28040
21378
17791
26495
9354
7177
-26871
-11267
27155
30722
10364
-29693
25471
-28035
-8703
-29833
-5762
21887
24205
-387
21377
-22655
-8321
-31485
978
23823
-22133
-18050
-18281
12190
-7081
32350
-32192
25710
-26993
-1273
27725
-22432
7010
-18210
-25780
37
-28029
2843
-16245
25991
23298
12678
7042
-32384
-17016
9858
24959
-28545
13957
13064
-9720
-11267
25874
29954
23677
32515
-4738
18302
-8703
-17801
6271
895
-31603
-6531
-30079
-19839
132
-31741
29653
-17906
-7283
-10122
-22382
-13926
-685
-20903
32059
-29591
13453
-28922
-23480
-19876
-28578
9185
-20151
8228
5253
-4842
19080
-6010
12802
21382
7810
896
-11384
4226
-28801
-28289
25482
-2809
3336
-11267
-12271
29954
-15235
30723
-643
21118
-8703
17783
-24962
2431
-17267
-9347
-28287
-30079
3204
-31741
20697
-29938
-30066
19057
30094
15254
18768
-4778
24122
-28315
27020
-32762
-24507
3162
16474
-26908
-1465
31523
-22140
-32748
2439
8326
5378
-11643
-9855
15744
26505
5506
-22913
-30337
32135
-5882
19719
-11267
13328
19970
-8839
29443
383
3451
-8703
31862
-21378
127
-9587
23933
25729
-13695
20863
-31741
2012
6413
28556
3181
22667
15506
-18614
-19885
16441
96
-11380
-31995
3393
-5036
28502
-26138
-31419
10781
-3711
-15085
-9593
9093
1794
4741
-2687
15744
-28535
-23935
-28033
-20097
-24188
25094
-17402
-11267
-23537
22018
637
28419
-27266
16509
-8703
18550
4479
-2946
22157
25981
-29055
-15743
19589
-31741
-7716
15628
28815
-24474
-26747
8336
-32184
20305
-4298
-11939
-5493
-19708
17982
-13743
-29869
-25113
2628
-4066
14725
-24303
31879
-17785
-1279
4485
16514
11136
13961
-8319
-19073
-16769
-11126
-13560
-11512
-11267
8215
23298
5748
-24829
-10381
-23437
-8703
-9099
-19330
-28290
-18547
24701
-29055
-11135
-17535
-31997
20199
-24813
-8565
-22919
-10104
27277
-17589
18007
-17349
604
13708
18702
-24505
10840
-19112
27629
-32442
-21986
17025
25372
-5503
-14208
14082
-30844
-1919
-11649
-22647
-18047
-10881
-10625
7049
-8181
-7669
-11523
26397
23554
-5266
11012
14193
21869
-8447
15989
-4226
-16514
19853
2685
-22655
-16767
-16257
-31997
-27158
4634
31881
15745
30855
7561
-10675
-1962
-8642
9563
-25716
-747
-19381
1885
-23461
-22801
32071
9502
-23169
5157
-11904
5503
27138
12164
17026
6016
-19575
28289
-2177
-4993
29321
13580
16139
-11523
-13539
29442
-4239
9988
29809
-18320
-8703
23157
-31362
1919
5773
6781
30081
-9343
-9082
-32253
-3606
-5095
-26995
7293
8580
-24952
-4020
31574
1343
91
-14197
-23531
-5301
-9892
32602
27888
31302
17953
30083
3620
10880
-9855
20738
15492
-1407
25216
30345
29569
-2689
-2689
-27251
-28915
-16373
-11523
9247
25602
20338
31748
4724
-27533
-8703
-4492
-26242
-6274
5005
-11140
28801
-20351
25217
-32509
-533
-17129
-11893
2684
-5758
-29819
-2232
18518
6466
24155
-17780
-18665
845
-21155
-23974
-9743
23366
-18402
17280
14631
7554
-24190
24066
-17789
-6783
17536
-13175
15233
-6785
-6529
-4474
16138
4106
-11523
-15588
18178
-21650
6148
-11408
31598
-8703
-29324
20862
-13954
7309
-24452
22913
-30079
17279
-32253
1007
2583
5002
-28809
13696
26243
-23227
-2478
5182
-17069
-373
-5100
25670
9046
-7596
24819
-23997
7706
-23426
17698
9344
4991
11522
27779
31873
11904
-12663
641
-20865
-11137
-10616
24074
-13815
-11523
12573
21762
-3214
-765
14961
6002
-8703
24948
2174
-7810
20365
-17028
-17279
-13439
-21118
-32509
1264
13335
28044
29556
10109
24192
6723
-32175
4670
19282
-25462
17172
6725
-32172
10322
29428
11075
6684
-20609
1056
-18819
2942
6914
19075
16513
16000
13962
12161
-1409
1664
20618
8457
22792
-11267
9757
15874
3696
-2045
19058
21360
-8703
-5773
12158
-25986
-13428
-16004
26497
-6527
-1669
-32509
30450
19477
-7800
-17807
-20357
-9348
-20931
-26289
-4548
-14260
-14966
-18412
-16319
-21936
15694
14582
-2496
-14314
27259
27935
23421
5243
2818
31618
19329
-13697
4490
2433
-15745
4224
18049
-11768
18696
-11523
-32484
15618
25455
-4605
-12174
-10896
-8703
28787
-2435
-13698
10381
-11908
26241
-10879
-6787
-32509
-5646
8468
-12151
-4499
-16264
6268
-11973
-3507
29499
23883
32394
-5614
-13505
-3250
5710
-24330
-1729
22806
-15236
-13283
2173
8316
-1023
14210
20097
6784
16778
11137
-897
6528
-23673
-24567
2825
-11523
32029
18178
-19086
-1789
-24972
18036
-8703
-20365
-10371
-14466
29069
-28292
-17791
16002
-4222
-32509
27122
2834
32141
31851
1399
-17798
18747
-3250
-11202
15181
17548
-26349
31296
16207
31309
2295
25152
6936
20351
-23778
-18304
31871
-1535
23426
20353
6016
-9590
1665
5248
30592
26248
7944
20999
-11523
-3044
14082
5231
3076
-3212
-27279
-8703
1139
-9091
-26242
25997
22396
-31359
-17279
3451
-32509
-12045
29456
13449
-16021
29814
4985
28471
-3763
27454
-26040
-24179
-13037
12606
16971
-27832
-1033
12607
-14829
2939
17695
5249
30332
-2815
-15999
11649
-9601
-17782
-16512
-9089
2944
11908
17928
-23289
-11523
14876
14850
22640
-3325
17012
20338
-8703
-7566
-9347
-31362
25485
17276
-28031
1154
1409
-32765
-10253
-29937
-25460
-13721
32372
24184
-3019
-26292
20030
-12729
-25715
-3567
27708
-8374
4680
8952
-451
19988
3454
-31715
-12928
27263
-4607
-31103
8833
-4993
-12406
-18304
640
15232
30090
-9721
16135
-11523
12060
14594
20593
-11261
12148
17522
-8703
-22414
-19843
-30338
6285
17276
-2175
-1919
-28287
-32765
-20236
-13810
23181
-7069
-15503
28791
-28620
-29877
14910
5958
-15219
27409
-16838
27721
-5561
-13064
-18884
-14829
-1667
3355
-4737
-23426
-5887
23681
-2176
-5505
-16246
-18560
30080
18048
29320
-21498
21510
-11523
10523
12802
-12948
-14333
-25996
-146
-8703
15218
-14723
28030
11149
1916
-18815
11138
-31619
-32765
2550
32013
3723
-20639
10096
-19084
27184
-439
-12739
-22463
13966
15376
15159
-20924
-957
-29191
7739
3088
-19589
-18919
-30336
3197
-6911
2177
3713
-18817
2955
32128
10368
26496
-26490
-1017
19206
-11523
13596
13826
-1679
-6653
23670
-25740
-9215
17778
26237
29310
7309
4220
-18303
5506
5252
-32765
-268
24076
23183
-12707
11373
22900
22319
-694
30271
25411
5774
-25329
-8391
584
7747
27897
10811
-16878
2688
3355
-5247
3458
-7167
8321
-15488
-18817
-5750
-24192
4224
28288
11406
2310
4358
-11523
-7142
12290
-7569
-17917
17779
-25232
-8703
28273
18557
-16258
14733
9852
2178
3202
-11648
-32509
13559
19468
-18291
15451
5740
3442
-14804
1352
31037
27966
27790
23055
7220
-11456
30273
31482
25657
-20977
1405
-3562
4991
10621
-8191
4224
-24448
-897
17547
29824
26496
19072
11144
-1531
-31483
-11523
-11494
11522
-5267
-17149
3701
31857
-8959
10865
23165
20862
12429
2940
898
12162
17023
32515
-14857
3851
-4212
-12710
30826
26224
-19927
-1978
18749
-6341
8847
-27891
-6606
-16321
-22978
-12550
-26312
-19955
-22917
1815
9343
17788
-8191
2176
-14976
-22657
18827
21632
28032
30080
20616
-4091
7429
-11523
-7398
12034
18802
-19453
-22412
-23181
-8703
18545
14205
15486
8589
5756
-5759
28290
-23674
-32765
-19721
-19702
8849
7766
-3737
-12689
17448
-2490
-23235
27451
-12402
29965
32562
-6338
-1989
2811
-13769
-30705
14208
5910
-2434
-29313
-8703
-3457
-21120
-30849
19339
23680
29056
-12672
29068
-4604
26372
-11523
29465
10498
18800
-24061
-396
4466
-8703
-27280
21373
-29314
23181
-2181
2434
22402
30336
-32765
-16648
18953
29582
25426
5734
13677
17701
-28604
31292
30007
11920
10764
-10194
15162
-968
-25093
28469
-26100
-32644
5652
-1153
1662
-8703
11135
-19584
-11137
-11893
11136
-30592
-29056
-13947
31492
-4349
-11267
-27625
10242
-26001
-26877
-2956
-2703
-8703
-30096
125
17790
9869
-27525
10882
-22654
14208
-32765
8185
2568
24206
17999
28259
28011
-27870
-18365
-3781
-15053
31632
6410
-17877
25399
-5835
-13573
30515
4363
17276
1043
-28032
24958
-8959
21375
23168
29311
-22645
-1409
-22400
-9600
13448
-22524
13828
-11523
9498
10498
-12685
-25853
-10380
29045
-8959
8560
-388
24190
-5236
-28805
3714
-30078
9092
32515
19961
-22520
-18288
4174
29794
-6294
26146
-31677
-31427
27700
-6769
-28917
-2260
32567
18230
-5
28724
-20980
18814
4115
18048
-13952
-9215
-17282
22400
-23425
31115
-4225
-29056
-5504
11402
30980
-19453
-11523
-2790
10242
5232
-25341
-24716
-6287
-8703
-2961
12157
31358
-32372
25723
10882
18050
-20867
32515
17658
26632
-11123
4174
-27295
9063
-27361
19778
-6851
8241
-20080
14604
11051
30261
-32206
31484
-18637
8202
22394
-5102
15744
-14980
-8959
27518
-27264
-27521
23179
-25729
-26752
-24448
30594
16900
5380
-11523
13338
10498
-22674
-27133
-15502
-20624
-8703
-19345
-1156
6270
-26996
-23941
27522
23170
22657
32515
12538
-11513
23439
-19126
-2209
14440
5920
9026
-3523
-4815
-11375
12811
30762
24884
4661
30204
19763
19210
-31364
6930
-9600
-2946
-8959
14974
29312
29055
-32629
-7041
-13184
-12672
-3448
-7165
22787
-11267
19480
10498
-13457
-31741
-32656
-29840
-8703
-24721
13181
9854
-9332
20859
-19070
13954
2691
32515
-27910
8967
-25712
-9660
-10149
-26779
-29668
-4544
7230
-28882
-29550
-6135
-3290
-24015
-14801
-17668
29233
1546
8317
-18673
11648
-4737
-8959
-11651
27520
18815
-6773
32383
13697
-31616
19594
3076
21507
-11523
24857
10242
-14995
-28413
26483
-24207
-8959
6511
-8836
32382
-24436
14715
27522
-30334
2684
32259
-16646
24582
10637
22852
23387
-11423
-23526
29503
21053
-18389
-2158
-16375
27175
-21711
-3794
-8708
6961
18184
-8327
-13552
11138
23678
-8959
21373
10112
-19841
-10101
29567
-9856
-128
-9339
8707
-19966
-11267
-24809
10754
-12436
-31485
9327
4717
-8447
3951
-6788
26238
-12404
10619
20610
-24190
16512
32515
11259
21510
15503
-8897
-22953
-24224
-18664
5694
-13764
1833
16275
-5625
-5598
-27861
4906
2045
2863
12808
-20101
-3827
12927
382
-8959
17277
10880
-23425
10636
32383
-3456
385
28300
15619
-12286
-11523
24856
10242
-4500
-32765
8046
-8084
-8703
-11410
-7556
24702
-9332
20347
8066
-26750
17536
32515
-22789
20230
26767
-24771
-7851
-25248
-25576
-10691
-21955
-31960
-13422
15369
18978
-981
14379
16637
-16850
776
-11142
2573
24190
18557
-8703
-20612
15744
30847
18828
29567
-30336
3201
-18039
-5374
-22526
-11267
-11241
8450
-10136
31491
-21138
21865
-8703
-9874
26748
10110
32140
-7046
-2175
-28798
12924
32259
-3077
-6395
-19316
-5061
-13229
22876
-30443
4412
19005
-19932
12179
3080
-7649
17704
17448
26365
14125
-26874
-13704
-31220
18302
10106
-8959
28284
-26753
19839
-32116
3967
-30080
-7296
31367
-7934
26882
-11523
17432
7938
11884
31747
16494
-10388
-8703
24174
-29060
11134
28300
-7558
23170
-22142
386
32259
-4869
-17147
1424
20280
-2736
10076
10261
29243
22077
27428
-5742
10759
10527
-11737
-25562
28157
-31444
22791
8828
-5877
8317
31612
-8703
-6533
-9601
22143
-31860
9087
-6272
7041
7055
-17406
29954
-11523
-14056
7426
6508
31747
4462
-19860
-8447
15726
-30596
20606
20364
-18310
12418
-19326
-6274
32515
20732
-29435
-20338
10550
-21426
32088
23315
-21959
-30148
-20447
9106
-29945
17949
-28379
-23771
-28163
14123
14598
20857
3851
-7301
-15238
-8703
-23429
-20353
32383
23436
-14466
-9600
12929
-29815
31490
1538
-11523
2329
6658
-9623
32515
-12179
-5271
-8447
-2707
-31364
15742
15244
-22406
22914
-17534
-23684
32515
31996
17925
23181
15924
25164
-1963
30481
28984
-29637
-15074
-29038
-15610
15899
23586
-11744
-24323
23082
26885
-10633
-3318
-29317
31097
-8959
28027
-21889
19583
18060
-16258
2689
14209
3720
-31998
7170
-11523
23321
6914
-28819
31491
25709
12652
-8447
3694
-27268
-643
16012
-5254
21122
-27006
-26237
32515
-28676
10245
-22127
28976
10313
12373
25873
-14538
-1734
-23778
-17519
23046
-21990
1058
22305
-20995
-31191
-7675
-31365
30217
3194
11899
-8703
3963
-24193
4479
30604
-11394
2177
1409
1932
19714
-3327
-11523
25113
6914
1131
31747
-20884
-26774
-8447
-23699
24700
18558
13964
-23174
-25726
-28542
31356
32259
-9988
3845
-4211
21805
12357
30287
-16370
28979
18745
7706
16272
-5883
-8426
9502
7198
-16387
-18649
-25596
-14986
28936
-1928
-24457
-8703
-32646
29567
19327
-20084
30078
25473
8065
-31356
11266
-10239
-11523
7449
7170
-10135
31747
-17556
8042
-8703
7533
26748
3454
140
-13702
23682
-18046
29051
32515
-2308
-12796
-32115
27177
-14783
-16310
-4084
-21711
-6858
27671
-23409
5381
-27116
539
-27109
-14339
24102
9732
-4747
-21241
10104
-12939
-8703
-1671
28543
10111
-26484
-25986
-640
12161
-13947
29698
-255
-11779
24090
8450
-13457
-31741
4975
24433
-8703
5229
22908
9086
6540
-31622
-29054
30338
19328
32259
-4100
31748
32145
-20698
-16834
27977
-5877
-6094
-17862
14360
-32112
-19707
-32746
14622
-484
-14083
-27354
-26620
3449
-19961
-7303
10618
-8959
-15239
28799
14463
-1908
18558
19073
11649
-24185
4866
-18943
-11523
-12007
8194
-19351
-32253
1389
24171
-8447
-32660
13436
11902
-10101
-23174
23170
23170
-14473
32515
7933
30212
26508
-29660
-18116
14916
-3062
-16594
-28617
6931
27279
9733
-4335
-13033
-4329
-12291
-27868
25603
-1422
3591
-18057
25205
-8703
-5768
15487
13951
-1396
22654
10625
4993
-10626
2050
-23295
-11523
-1511
8450
-25752
-32509
-19350
28008
-8447
20588
6524
-4227
-14709
21114
19074
-24702
15482
32259
8701
21764
24717
11808
-27080
-7359
-27127
-2260
27958
32273
25742
-31996
13328
14102
24341
-11779
804
21763
17012
15878
21110
27508
-8703
-13704
12159
-10882
141
-643
6785
23681
-19325
2
-23551
-11523
14618
8706
-13975
32259
18793
-1688
-8447
-5269
1660
-9603
-1141
31354
-31102
-13182
26491
32515
9981
11780
-3955
26140
10293
-9409
-5624
-7381
-32202
-28656
6798
-31740
18447
789
-23020
-11779
21282
14851
-27021
-21243
26742
32630
-8703
376
-4738
-10370
28045
382
27521
25217
4996
-5631
-26879
-11523
-16104
8194
16997
32515
18792
-28316
-8447
-24981
1660
-1923
-23413
13434
-23166
-13694
-3213
32259
11261
-8189
-14967
-31974
-3023
-7879
-22009
1833
-27853
-10995
-12146
-16637
-28148
26385
-17646
-11523
15392
-18942
-16017
5125
-30092
30575
-8703
-5257
6015
383
2701
-12163
-30079
25729
-9857
-7167
-30719
-11267
-27624
8194
-16282
-31485
-23192
-27802
-8447
31851
-9605
-8323
30091
2938
32130
-10622
16505
32259
11261
-13309
-12916
-32233
12590
25143
11783
-15321
-22221
-1012
28302
25091
-22261
784
-3057
-11523
2335
-16126
11122
-13820
-22157
1137
-8703
25975
-9346
-10882
16269
-27011
17793
-27263
29317
-7935
-31999
-11523
-23783
7682
-9113
-30973
28519
4966
-8191
-10389
-30597
7038
27275
7546
-18558
-11902
-9351
32515
12029
-17917
4237
-6123
-9941
7731
3846
10535
-4812
6155
28558
-31485
-25078
27918
27405
-11523
-31970
-25086
14194
-27900
-398
-1168
-8447
26231
28286
-1154
29069
-24451
-22911
-27263
-11902
-8703
-31743
-11523
-14567
7170
-26525
-26621
13672
28003
-7935
2667
-8581
10110
23691
14202
-22654
5763
-17803
32515
12285
-24573
-28534
23572
4650
23601
-6139
-24539
11828
24074
-30578
26627
-29175
15629
28941
-11523
-18403
28674
-2961
32516
23667
-21392
-8447
29814
-22146
-5506
30093
-20355
-27263
-14207
-19072
-8191
-31743
-11523
-28902
7682
-7322
-25341
30567
-8347
-6911
-1686
31355
-1155
-2166
24442
-18558
5251
-5765
32259
12285
-27645
-17779
25618
26918
7728
17669
16933
-3532
-29687
-10099
19715
-14072
-12276
16140
-11523
14109
-30718
29043
14084
-16271
3185
-8703
10870
19582
-12418
16013
-16003
-23167
-7039
22919
-8447
-31743
-11523
7451
7170
6759
-20733
-27289
-25243
-6399
-17302
-28549
6270
-11382
-5767
-17790
-18558
12664
32515
12541
-32509
-23156
-17904
22820
-11475
3589
31011
-18637
-2296
-17779
25347
24072
13580
-31476
-11523
-21476
24066
-19600
10244
-7824
-27794
-8703
-25739
18814
-4738
17037
22397
-25471
-28031
-9600
-7935
-32511
-11779
16156
7682
-22681
-12541
-1174
24424
-8191
-7574
-23429
-9859
-29814
-3719
-13694
-638
9080
32259
12285
25603
15757
-4337
2852
-30166
-27900
-2012
32312
-3832
26768
14595
30472
8460
-18166
-11523
-5604
22786
-6799
22788
-11405
-9359
-8703
-29579
28798
-17026
12429
15485
-15231
-15743
-4992
-8447
-32255
-11523
2589
8194
31849
-8701
-1944
-664
-2559
-22678
-24197
-19587
-18038
3962
-9086
-2430
-11140
32259
12541
29955
21135
14094
-9952
-7894
-29180
25378
-16588
-9465
32140
-12797
23815
16650
-21751
-11523
26396
23810
-21902
-4093
-13713
-14224
-8703
-2188
24446
32126
21901
381
-5503
-9599
1667
-8703
-32255
-11523
-25571
7938
7015
-7677
-19864
-11931
1538
20586
-28549
-17795
-30582
4730
387
-382
2167
32259
12797
26883
27532
-3827
11040
16423
4100
-14560
30004
-29434
7309
13060
-32250
27145
-1784
-11523
31515
16386
-3474
-11005
18543
-14228
-8703
28788
1150
29054
26509
6781
3970
1922
22396
-8703
-31999
-11779
-20963
7682
29542
-509
24425
23398
5122
6762
28539
-10115
31114
-22919
-14718
-126
5238
32259
12541
23555
-19317
15884
-28643
22309
-7421
27423
-6605
2310
-12916
-12285
-6907
-26616
8456
-11267
14618
14850
24942
-13309
-18065
14445
-8703
12660
2942
-21122
32141
-19332
-6527
-383
13951
-8447
-31999
-11779
18463
8962
-17814
1540
-30359
7786
9474
16490
30075
-3715
3466
-9351
1667
-16766
-18311
32515
12541
22787
23182
13067
-485
31524
-17661
26655
28212
-12283
8076
25860
-15867
15112
18951
-11267
-29414
16130
13424
-18173
-9873
20335
-8703
372
-6275
-16770
18829
-24708
7554
-20351
29312
-8703
-31999
-11779
-30689
8706
19303
12292
27242
-10137
15618
-3991
15483
10878
20106
-18567
2691
9859
20339
32259
12797
20739
-31093
-20982
-5094
-26847
-30973
-10467
1844
10757
-1396
-28156
-2044
-4346
-9466
-11267
-15079
12290
-8341
-21245
3440
2668
-8703
-29069
-19075
-17026
28045
-17284
6018
8578
-8072
-7935
-30463
-11779
-9441
9218
10343
18692
20586
4968
25090
-21399
27259
-15491
1162
-20871
-6014
1667
-19594
32259
12541
20483
29324
-15095
6681
18977
27907
32541
-32205
-4860
30092
-20732
-11260
-17658
31750
-11011
-27623
13314
15726
-24317
21615
21869
-8703
7283
-5763
30334
-30067
29820
5506
-3455
-30850
-6911
-28415
-11779
10273
10498
873
27396
-3223
-14488
31234
-23703
20347
1150
-19063
-10119
-7294
1923
9080
32259
12541
20227
-1396
-3576
-24041
-15330
16899
21021
15925
32004
12940
773
28676
4358
-22011
-11523
5146
12546
-18834
-25853
-31377
8302
-8703
-20110
-17027
-25986
8589
-28548
10114
6530
-17282
-6911
-29183
-11779
-16095
9730
-14492
-25852
5994
-25242
-20222
-25751
9595
-2691
-20343
28537
-7550
-1150
-27535
32515
12797
19715
28809
-14584
-29161
1309
12547
-20708
309
5892
-17012
-13307
3332
-16379
19717
-11267
-32743
11010
-16534
-27645
13168
-29333
-8447
-27278
32637
-25730
18573
17276
6530
10114
-30598
-6655
-28927
-11779
-17375
9474
-16537
-17916
-11670
-5528
-8702
-16791
25979
-17027
-29559
-30599
-11646
13699
-138
32259
12541
19203
-27508
-9977
6677
-18659
12035
31260
25909
9220
9612
-2811
-5373
-23547
5125
-11267
7193
11010
15982
-29181
21872
-20882
-8703
-29326
-26755
22142
18061
20348
9090
20610
-2432
-5887
-27647
-11779
-5599
10242
-14744
-20476
31338
-4504
11266
-26007
12155
-23683
-24951
30585
-14718
-6270
21625
32259
12285
18691
-16498
6663
12308
-24037
5123
-19683
24121
6916
-4209
27653
-3069
-1019
30213
-11523
21017
10754
3696
-27901
-7822
-23183
-8959
370
27517
20094
18317
6780
642
1154
-7298
-4351
-24063
-11779
16419
10754
17508
6405
32363
-5531
23299
15209
17019
-18307
11657
-30087
32642
-2430
-28044
32515
13053
19715
-25973
-7162
-20717
24858
2307
-15845
22839
30723
-23155
-14074
24579
-10492
31748
-11523
9497
9986
24684
-29437
-656
-22420
-8703
31857
27773
20094
6029
11132
-13183
5762
27003
-2815
-22015
-11779
5668
13570
-16537
15365
-662
28777
-24061
-29591
22395
-14467
-3448
31353
-15998
-8830
20347
32259
12797
19971
-10354
11014
-15599
-25574
515
-6885
-1481
28931
10125
-1018
19971
-21500
18692
-11267
32281
10242
3696
-30973
-8081
16239
-8703
-32655
-25987
21118
3469
-2693
7042
2946
-18302
-511
-18431
-11779
-24028
15362
-8345
24581
25450
10088
-10237
6761
-13958
3454
-11384
-27527
-9086
-2430
5496
32259
13053
20483
-18035
4358
-24047
22809
-1790
19740
-13766
13827
-32114
-28409
10499
22532
3588
-11523
-16615
9474
23150
-31229
2161
6511
-8703
5745
-1156
-27778
-11124
-5765
9602
22402
15997
-511
-21503
-11779
7973
13826
17254
-8955
14955
-3481
15620
10857
13179
-25731
4489
30585
-13182
11907
32374
32259
13309
20739
-19060
-4603
30481
-744
-4094
14365
-18885
3843
-5233
-11257
1027
16132
-21757
-11267
-28135
9218
-10387
-30717
25457
3182
-8703
-14480
22909
11134
11917
-16005
10626
30850
7037
1282
-17919
-12035
12582
19714
22122
7686
13675
1130
-30204
11113
16251
-18819
-21880
-19847
-17534
11907
-9603
32259
13053
21507
4497
-27899
-24560
-22246
-4094
-14308
-25028
14595
-32369
7176
8195
15620
-9725
-11267
-8167
9986
21617
-31229
32368
27504
-8703
-27792
19581
15486
-11892
-4741
14466
28034
-27263
1282
-13311
-12035
-12764
17922
30822
-18427
-7065
23397
26628
361
18299
-3971
-26232
30841
-17790
-2430
21367
32259
13309
22531
2445
-9979
10001
-17638
-4350
-31716
-19140
14339
-17263
-8441
4611
10244
-6141
-11267
-26856
9474
-4755
-32253
29552
28526
-8703
6512
18301
23166
141
-16261
9090
19842
-12675
1794
-16639
-12035
-24283
18690
30821
-6139
-32153
26212
-10492
-1176
20347
-8579
-32632
-30855
-29310
643
4726
32259
13309
24579
-8053
17669
20239
-490
-5118
-742
-8903
-4350
27279
13064
-16382
-19453
7171
-11267
19992
10242
-3732
31747
-30097
31340
-8447
-657
17277
24446
-10612
-18565
7554
26754
27007
6658
-4607
-12035
24358
27138
7785
-8443
-1178
-8090
7685
6249
13947
-12931
29064
25465
-20094
11139
17529
32259
13309
26627
3726
-11260
12558
15894
-6654
-16358
10042
-14590
-27762
9225
-25342
26883
-4094
-11267
28440
10498
-32658
30467
-30098
23917
-8447
-7313
9597
20094
-8564
27003
10370
25474
-4737
4610
-12287
-12035
-21722
25858
12133
7174
6759
-23196
-24827
-8600
10875
2686
24456
-27527
-21630
2435
9586
32515
13565
28931
1930
-23036
29965
-27885
-7678
-27879
19514
-29694
-8562
7177
24066
5891
-13054
-11267
-10729
10498
-14231
30211
24175
-14997
-8447
27759
9085
23678
-7284
-27269
7298
27522
-26504
8194
-5887
-12035
8743
28162
-924
19718
-10650
-2973
20486
-664
635
-11907
10376
22649
-12158
10371
21365
32259
13309
31491
-3189
22532
-8436
27667
-7934
-25319
-13254
30466
18062
-29687
21762
4611
-19454
-11267
-2537
10498
3692
29187
110
20843
-8447
27759
-12420
17278
-20084
23163
20354
-28030
-22659
13314
770
-12035
31528
-26366
31334
-29946
7014
-2716
-6138
-7832
14971
-14723
10888
31097
-1918
-1918
5751
32259
13309
-30973
-29556
-509
31243
787
-8446
15641
-20677
27394
5006
13322
15362
3
-26366
-11267
-29928
10242
-32660
29699
-14227
-24469
-8703
-1170
5501
2174
-18804
31611
-32126
29826
11902
14594
5378
-12035
-12760
-28670
29538
3079
-30874
25699
26119
-27544
-134
-11395
-11385
18041
-11134
-5758
-2961
32515
13565
-29437
11912
-4605
30987
-31472
-8446
-18664
9019
19202
-30322
21771
8706
-18430
23298
-11267
7960
9730
-11928
29955
-5523
29288
-8447
-24210
-15236
11646
25740
5755
27522
31874
20090
15362
5634
-12035
17705
-22270
869
21511
-32154
6500
-27896
-11672
10875
-1155
-22649
24953
-14718
899
18549
32259
13309
-23293
-31349
-26621
-31478
-7664
-8958
14360
-6853
19970
-14195
-502
4354
-21502
19970
-11267
-9960
9218
-25493
28931
-21652
18281
-8703
-14994
-1668
24190
28556
14459
28802
-29566
-22400
25602
22018
-12035
-26326
-8446
-5020
-20473
2149
1635
25609
10345
13691
126
-22649
26233
28802
-4990
3957
32259
13565
-16637
-32373
32003
-12791
9487
-8958
-19688
-18628
13314
18573
31500
-255
-31998
8194
-11267
-24552
8450
3179
28163
15724
14441
-8447
-19346
-11652
18046
19084
3707
7042
29570
-27780
26114
15362
-12291
2603
-14846
-9888
-24568
21093
31584
-20726
29032
-3206
-9091
-11385
-1672
-1150
-2174
-23183
32515
13821
-12797
137
20739
5641
-14835
-8958
-18921
-5573
8450
909
32012
-6143
24322
1026
-11523
20760
7426
-16536
28163
-7573
8296
-8447
-7571
-29316
9854
-29812
-18310
-28286
31106
-1670
-22782
-24574
-12291
25644
7171
29540
19977
-4764
19043
-28661
-3992
-1926
-7299
27271
15737
-13182
9091
-8841
-32765
13565
-6653
10892
9219
-1785
6926
-8958
-24041
14141
9218
-18549
16909
-7935
24578
2818
-11267
-30440
7938
4204
27395
-23447
-5528
-8447
-2195
30588
11646
17548
-3974
26498
-10622
21633
-21758
-26110
-12803
21549
25859
20068
16394
-24731
-22684
-7924
-16792
-5510
-11139
3975
8825
5507
11139
-21645
-32509
13821
772
11402
4611
-24825
-32500
-8958
-9194
-12227
5122
1932
25102
-12287
15362
-5631
-11523
-23272
7426
18281
27651
7786
24936
-8447
-29843
22652
3454
5772
-25990
-17022
-17022
19579
-9470
-17406
-13059
-15315
21507
-11166
-17398
14438
-22686
-8179
32360
4731
11390
11143
19833
-14462
6787
-14223
-31485
13821
6148
-6264
-766
21511
28939
-8958
-17130
-26818
2306
2188
-23026
-14335
10242
-14335
-11267
-31720
7682
9064
28163
-27542
11112
-8447
5229
-32644
30846
10636
-13702
-30334
-19582
24186
8195
17923
-15107
-4817
-19453
-28056
-14325
23656
22377
22543
105
-1926
12926
-890
28537
-20094
-1918
30072
-30717
13565
1284
-30323
-6398
-22010
19211
-8958
-7402
-19650
1538
24970
-26097
-15103
6658
-18687
-11523
-10728
7938
-3733
28931
31337
10090
-8191
13421
21884
28286
4492
-16774
-32638
-17534
2173
18435
17923
-17155
27185
1540
18790
22540
-32151
11111
-11248
-2200
-11142
-8835
-6522
20601
-15998
-22398
-10894
-29181
13565
11524
-28022
-8190
-29178
-759
-9214
17686
-9153
2
-21622
-8432
-17663
1026
-22271
-11523
15641
7938
-20376
30211
11627
13417
-8447
-8852
11644
6270
3980
-29830
-29054
22146
24181
28163
-31229
-18691
17202
10756
-17051
29965
-25751
-26521
20755
31592
2171
-387
-25210
6265
-27774
3459
371
-26621
13565
16388
6026
-13822
6918
3594
-8958
2326
-2242
770
26250
-24303
-18431
2050
-21503
-11523
-30183
8450
29032
32003
-11414
-23960
-8447
23404
18300
12158
-10101
23674
28802
-17278
15737
-13309
-13821
-25347
-13261
6917
-3735
7950
-25495
-6294
25109
-14232
-4230
7038
-29818
-648
-15486
12931
-17290
-24317
13565
29700
-11380
-17150
-14843
-13559
-8958
29463
4674
-255
-20342
32019
-19199
-255
-22271
-11523
-31974
8450
-21654
32003
-29589
-1431
-8447
23148
3452
14462
-7797
6778
-29310
-8830
6522
3332
24068
-29699
-22988
-3068
-9370
6927
-24471
7528
16407
-30104
-9862
9854
22918
1657
-8318
-10622
-20113
-19965
13565
-27388
137
-18174
-23035
-9976
-8958
20759
-1214
-1791
30347
-7916
-20223
-3327
-27647
-11523
8730
7682
-23194
-32509
16236
616
-8447
-5013
5756
18046
-20853
5498
-22398
-28542
-16270
10500
-9724
30205
-21964
5893
-12186
-21745
4202
-17817
28184
-32664
-9350
9086
7558
10873
30850
899
-24717
-16637
13309
-29180
-22646
-22270
4101
25608
-8958
-24810
-19390
-2047
18571
-7661
-20735
-5887
-29439
-11523
-21479
7682
8809
-32253
22892
-19350
-8447
-28309
-9349
15998
32395
15994
18562
-5246
-4232
12036
24068
13309
-20683
-3835
-20632
4624
-21911
-921
20762
2408
-11654
-3203
-9595
7801
-32382
131
-26251
-11773
13565
-15356
-117
-24318
-30716
26119
-8958
11798
10563
-1791
-20597
-4332
-21247
-8191
-31231
-11523
19993
8194
-6807
-31229
-11157
-24727
-8447
1899
-6533
6782
21643
2682
29314
-7550
-18311
22276
20996
5117
-22218
6406
-5533
-13807
-3991
-5787
15646
-17561
-16774
9342
-8827
-15752
-22142
6275
10863
3332
13821
-4860
-18041
-24574
16900
-24314
-8702
3350
-21180
-1791
-20852
-15594
-21247
-9215
-31743
-11523
-26599
8194
-6043
-26365
-4501
-32409
-8191
-32150
-11141
13182
28299
-14983
-22910
-1150
-21642
-3836
28421
-15620
16696
-16890
22886
11027
-408
-5018
-13278
-31641
-25478
-10371
-9339
-17288
-23678
1155
11124
23556
13565
14853
20618
-25598
-3325
-16122
-8958
26647
4934
-1279
-10613
24088
-20735
-9471
-32511
-11523
1050
8194
-13720
-25853
-26773
-11671
-7679
15978
-20869
-13699
-23413
-16775
30082
-894
-10372
-10748
13061
15612
-5063
5640
20070
13076
21864
-2458
-29914
7782
28794
-20611
-24187
-23944
-27262
-3454
19572
-20220
13565
-24571
-25462
-25854
-18685
518
-9214
23
18759
-2559
-22133
3098
-20735
-10239
32513
-11523
19738
7170
-17305
-24317
-663
-922
-6655
-23704
24699
-22659
-29301
-31879
-32382
899
3193
20997
2310
-4869
8507
-16889
25186
-25834
10601
-28572
-15574
-12955
17530
-31619
-26747
-18568
-25470
-2174
26992
11269
13565
-251
21384
-26110
-21757
2310
-9214
14360
-16822
-2559
27788
-13797
-19967
-10495
-32767
-11523
-12774
6658
-29083
-17917
9323
-29081
-4607
10600
16763
31869
-27253
-32647
-20606
-4478
-31881
5126
-8698
23803
7741
-504
-20379
15895
-28312
19558
-2003
-29851
25210
-17027
15749
-11912
-32126
-2430
-25225
28933
13565
21254
-17525
-25854
-28669
-26618
-8958
-26855
-1205
-2303
-15733
2589
-18431
-9983
-32767
-11523
29468
6914
-25239
-17917
-151
-6296
-2559
30567
16507
-21635
18315
-29831
-31102
-4478
5759
24326
-32249
18171
17982
-14839
-4763
2583
29543
-4251
23597
12389
-1671
-17283
18309
-27784
29826
-22654
-31115
-6139
13565
-16890
7819
-26110
-15869
4103
-9214
27676
-13744
-1023
23951
21279
-18431
-9983
-32767
-11523
-32739
7170
1897
-13821
-30099
-17814
-2815
1383
-8326
-23427
31371
9593
26498
-21630
19067
-30970
-13562
-3846
-29378
-24055
32355
26905
-6041
-19099
21042
-11932
6778
28797
-15484
-31880
-5758
-20862
6771
-30202
13565
14599
-26743
-26366
-24829
4871
-9214
-17893
-24496
-767
-28529
1312
-17663
-9727
-32767
-11523
-23268
7426
16743
-6397
-6548
32618
1794
23142
-6278
22141
2443
1145
5763
-8062
-1670
22279
-7673
-5127
-11200
21771
14184
11034
-20890
-30617
-13515
9317
10362
-24963
-17532
-32136
-20862
-4222
-2951
2567
13309
-5625
22413
-26110
26115
-17402
-8958
-26596
-7598
-767
-15218
18977
-15359
-9471
-32767
-11779
21278
8450
12907
-2813
-4502
-4758
6146
20838
-6278
32381
1675
-392
-15742
2435
15486
23560
30985
19193
14914
-12532
-9628
25372
7270
8293
-12741
5477
13178
-17283
31364
26232
-27006
-14718
-12942
6920
13309
-28664
-18552
-26110
29187
-4859
-8958
20765
-26540
-767
27790
-8924
-13055
-9471
-31999
-11779
-20450
7938
-11674
3844
-19863
32359
15362
-12955
-10886
-30595
-12662
-16264
-23422
-4222
-3722
-32760
8201
-778
10817
-31733
-24732
-11492
-19610
3685
-16592
-27548
-17543
-30083
-27516
-24968
-28030
-2942
22898
13318
13565
18952
-4472
-26366
18947
-7163
-9214
14362
-11698
-255
-5746
4640
-13055
-9215
-32511
-11523
-17124
9218
-20634
9220
-7063
29030
1538
13925
31866
24189
-13430
-6280
-19838
13443
6011
-2039
-8950
17911
31813
-13552
-18329
16416
19814
-11161
-15291
14949
-5255
-24451
24964
-18824
26754
899
-10380
17930
13053
-5367
6282
-26366
18691
-11771
-9214
16158
-12202
-1279
18573
-26840
-6143
-8447
-31231
-11779
18464
9218
-22169
23812
-29848
9831
-27134
32613
20602
26493
-16758
-9096
-25214
12163
-18821
10
-13814
-22026
31302
18192
29540
-16351
-666
19301
-31159
9317
5754
29565
-4733
-23432
30082
1411
-8596
16651
13309
17674
31365
-26110
14339
3845
-8958
24604
-18603
-2559
-26996
-14808
-6399
-9215
-31231
-11779
-27873
7682
23394
27396
2664
-21661
-16638
7269
-27014
17021
31370
-23432
-24958
16771
-15500
-19190
22028
-28683
-16057
2577
-1436
-21214
-667
9060
19789
22629
5498
-22403
-27517
-25480
-29566
-6014
9585
19980
13053
-22262
7815
-26366
7683
8965
-9214
-23524
13397
-3327
-12917
1321
-3071
-7935
-29183
-11523
-15585
7682
8549
32516
4711
5732
-3070
8549
25722
29565
7818
-24456
-13694
12163
20346
-31733
525
-14605
-25271
25108
-27034
-25053
-17563
27492
-10928
-18075
8314
31357
-25981
2681
-19326
-16254
13426
25357
13053
27659
136
-26366
5123
-508
-9214
-7396
9303
-3839
19851
16426
1282
-7935
-28671
-11779
-19168
7938
-31643
-27900
-11418
-28060
9987
4709
27258
24701
4234
6009
-1918
9347
30586
-18933
-8948
-29709
-26294
13588
-13215
-17627
17766
25698
31829
7013
6010
-5763
-23933
-2952
-26494
-23422
-26774
-3826
13309
13068
22915
-25854
3075
-25084
-8958
-15590
28756
-4095
-23671
-26837
1538
-7679
-28671
-11779
9760
6914
-16544
-13820
17511
7778
30723
26212
19322
31613
9098
-10888
-7038
899
9589
-27636
-11251
2290
21324
-14827
-23708
-3801
27493
-5278
-28324
-24987
18042
-11395
-17278
-7048
-23678
-30334
25712
-25328
13053
3597
25990
-25854
771
-20476
-8702
-21733
-20139
-3583
19592
-4564
9218
-6143
-26623
-11779
25633
9218
-27805
-3580
4197
9314
772
-13980
-29062
-32387
27785
-10632
1923
1155
8571
