11192
24238
11183
-21105
-5264
-10680
4239
-28278
19239
-7819
-25719
17798
-15927
-29856
-12983
-30070
14152
23944
26249
9
9101
16259
-30592
-25209
-22397
10879
3455
2707
-30659
-5854
-1123
-20345
-23305
-8722
20206
-9995
-12878
28273
22769
-17019
31346
15831
-7963
-1566
-3036
24227
1237
-28263
13246
18327
4791
-4947
-28244
31116
-9362
6216
-30324
14731
-2523
-25485
-25465
12933
-22069
-2722
-18366
-24698
14664
1161
-31865
-14840
-9332
18307
-13184
-23417
13443
24703
5503
-28790
-7365
14372
-13157
1923
27895
-29458
-19220
20725
-17744
24944
-30736
17286
24177
8405
28388
-23070
-30938
7586
3535
2965
19901
23447
-9805
29611
3244
18826
-16019
28486
-20854
-31862
-7389
15729
-23930
-20348
-19252
-2211
-30144
-22649
-22203
-25976
-27513
13576
-22900
24963
-26752
-18297
24707
25983
14719
17808
11577
12581
-13926
-6779
-17930
3053
-277
-524
18863
-22163
31728
-10620
-13202
13524
-10524
2531
24103
-3168
-11570
-22633
-27974
12438
-16207
-17239
26538
27783
-31891
-8378
-19576
28298
22308
3185
3460
10625
-15666
27741
-25533
32392
27459
-4473
1672
-17401
-12916
3971
21888
-10105
4227
25727
11647
-23920
29751
31014
24986
3462
25078
-20757
-12053
-31244
4271
-2196
-4881
-6525
17774
-20269
-2589
21986
12329
-13153
-4913
24471
17849
2454
1713
-17752
9384
7556
-25237
-32186
25221
-24694
-10718
-13459
-31359
29568
18898
9820
9019
32387
-24253
4232
8837
-29689
16268
3459
-20864
-633
387
21631
-1410
-885
-203
23082
22168
25987
13046
-30997
26345
-20237
-22100
20843
-22802
22916
-19093
28625
-10015
15328
-31700
-12386
9930
6549
8632
19349
-595
1447
3496
-22142
6507
16454
16004
30346
32289
-29843
641
7806
18642
5467
26428
-24186
-12735
-9081
-12921
6407
11404
4483
-26240
-2425
2691
5759
-27521
-17263
9267
-3543
8343
24454
-25355
24810
29673
29171
24748
30315
29678
-9597
27754
20689
25058
3808
-31700
-12131
-566
9880
-24650
7061
-21077
26277
-16987
-9601
8298
31557
-9087
-32118
19233
-24469
4222
-12164
8405
5978
30012
-31098
-2498
-25210
-17018
-31994
2444
2691
-29824
16776
9347
24447
10623
-30321
-5840
30252
-32363
2950
20981
-791
11240
-14094
-5462
-25495
-30995
-2941
-30615
-3633
-15904
20447
29999
-18276
12234
-29546
-7501
-28780
-20054
-9309
-2397
-30341
19049
-19132
-8579
-15990
31520
1641
-7813
-32135
10711
-8616
25653
13444
13119
3463
6788
16390
22667
-1406
-27008
-6009
3971
-32129
19839
26509
-14801
11055
-17773
29828
-2828
7657
8167
-28431
938
12904
10220
10884
2408
10958
28127
-9764
-17615
-2405
-17980
-32107
6323
-28268
-20314
10912
-21086
15996
25960
-17853
-14465
-21880
30497
-29335
-16516
-26502
21464
-1705
18234
903
-15809
-25465
-10617
-10747
25227
-13694
-25984
20104
30851
17279
5503
-110
3117
25902
27795
9607
755
-21530
-17691
-11279
-11353
-4251
-2581
-13696
-30618
-15412
11999
-19748
7987
-8807
20680
-32105
-25937
-9839
2981
13983
-9058
29817
-154
14660
-13955
19081
-10207
-8601
-23942
28536
-27941
-24745
2104
31877
-23747
-32634
-17787
-32251
4235
-24446
31104
-17528
6787
32639
21119
-12148
29739
-28367
-7791
5508
-19726
2022
22499
-6160
-19290
-30875
13802
14465
870
28618
-19236
987
14391
14745
-32572
-12653
-1875
-18800
-5469
-11875
8094
20597
-6811
21827
-13959
138
16672
26725
17271
-29835
-3620
6998
4146
23684
-15043
16007
-17275
15621
-20854
387
-23424
3208
-19582
13695
22399
-10357
31017
-25805
911
14980
8434
5093
23778
-17169
-2652
-925
-1304
8321
-10141
11721
11739
9945
1849
-18537
-20801
11411
-13140
-14447
-18272
11420
-10338
629
12646
-5308
380
14986
12831
24165
18297
28022
-30244
31317
24631
9353
19004
-18554
-21368
-252
24970
-5758
-31872
28296
-3454
-18305
20095
5777
8231
-12495
-29555
18567
-29199
2020
20961
29167
17316
28003
2537
6785
-25246
32200
4571
13785
-32456
-362
31171
406
19371
-12143
-19809
-30821
7323
-21650
22629
-30651
-13962
9355
18464
30563
19573
-20367
17888
-30892
-9679
-8572
29498
-17530
15493
-31484
-26999
-9342
-27008
-17528
-12670
-28033
21887
17034
-18651
19511
-630
27780
-29199
-10781
2014
1773
27811
29027
-3611
5762
21346
12742
31959
4308
-7363
21910
-13635
20626
1962
-7023
15261
5530
21914
19307
2916
28996
23667
15244
28957
32352
-2959
-13714
-24351
10067
5422
-24444
-14280
-25722
-10108
15876
-31607
-14462
-15488
3465
-15230
-19329
-25473
18061
21539
-25799
-23416
27781
-16656
22754
11743
-29204
15010
17250
11750
24962
30559
11461
-32553
-44
-3009
-11628
-14918
-1901
-29272
-27758
-6247
920
-14951
15978
-670
-24252
2419
-16757
9757
8799
-14992
7279
-21022
14418
-7120
-25466
-8907
-17275
-17786
-765
10633
31874
-21376
3721
-14718
-28801
-23425
-2930
2337
14650
-8058
-27514
13808
24801
31198
748
-1375
-15262
25573
642
5727
-13885
17622
-3373
-19391
-28525
21692
-12652
30374
-6510
31640
-874
30358
-2204
2401
17220
5486
14733
11805
28508
-3219
-917
-12059
29776
31273
31618
29749
-2170
-892
-16893
-11128
-28286
26752
16521
16514
18559
-22657
8839
-29409
-19137
31875
-14718
240
-10016
-7973
-4119
-13921
12641
3299
-12669
-19875
28609
-25900
12754
19015
28562
-29517
-16752
30372
-16494
-6252
7572
-1642
-2205
-19617
-29885
30317
13453
-15590
-13734
-24211
14955
18662
-6834
-9432
-4989
-18637
-18299
-380
-32765
-16248
21634
16256
29577
28034
-22401
-29057
-23155
6941
14656
27776
23430
3823
25055
-10788
-15895
-30049
24673
21731
3204
11611
10945
725
5586
11336
9361
-15949
404
-5726
659
-367
-1134
5269
-20641
-12705
-25532
-14486
10381
30235
-4775
-15511
-24218
25320
-10419
14122
20100
1586
-12411
-20347
12803
7560
23682
19840
-27767
25474
-21633
-25985
-5490
16155
18243
17791
28039
31470
15583
-7460
8936
7071
27489
20194
-9852
2139
27328
-19502
15311
26700
9104
12212
31380
-10848
-28013
-12144
28305
15505
-12199
-10659
-700
13157
4494
2331
4950
-21659
355
-16406
333
-18654
20096
-9679
-19578
29314
5379
-11641
28290
17792
-23159
10882
-32129
-8065
31882
282
2121
18555
-15740
750
-13858
21980
-31771
18846
17250
30431
26502
-32423
11966
-21040
-18227
-25263
12943
15531
-15726
-13921
-26733
-21620
-16242
-7279
-14248
-10148
30019
-20380
3470
-24295
-17836
-12188
15458
2795
-30389
-1501
25987
10031
-24955
-17532
-9470
-14969
23170
10368
28553
12418
-18305
-23169
2449
-9449
2633
3961
6280
-20756
-13604
29148
-4636
32157
-10399
16095
20358
-18089
-3396
12752
-14389
19538
-883
16301
-363
1437
26003
-8567
-13940
23183
13909
-421
-18365
32097
-8563
-3816
-19118
-20638
24671
5869
-30902
30243
9347
-27604
4485
-5501
-20734
5511
9602
9856
-18551
-127
3456
-19073
5518
15382
25421
10359
-32377
-7189
13276
-21798
13795
7836
-26528
-22307
-17274
-3243
4795
-18738
-26421
25175
-22900
-10838
-7021
-31334
18835
-9849
-13686
20621
29521
2650
-3007
15965
-30834
-28905
-12721
30815
31324
-24338
-7352
-7139
-17280
-21973
30853
24450
-26366
-23162
2690
19328
9610
-12415
-12417
-8833
11148
-9964
-7599
27763
-29562
-790
-5414
-10280
10465
-23910
21088
27867
31879
15188
7609
-32052
1993
-30629
4235
7331
-24174
-15208
-17517
-9086
-889
28557
-22705
-26279
-23743
-31396
13710
28694
-19890
-5539
27994
751
1096
4896
22916
-17879
5509
-21372
28162
30854
7554
2176
138
-3199
-8321
-10113
-10605
-4846
6738
27761
-22646
32745
20441
30425
10720
-12135
3167
-7974
24455
-32686
16824
6604
-4665
-24996
-8311
-25946
-14954
10133
29074
23424
24454
29834
3661
-28585
3394
-12455
-9330
7190
14924
6491
18265
-16656
26182
24861
-2687
9256
3973
-6269
22274
-11899
-2943
-3713
28298
-22655
1152
3712
-18291
3346
-25002
8559
23175
-3608
-30760
15575
-32034
25752
-11170
-23336
4232
25681
-32331
-27703
22982
-6815
19336
-16992
-1902
-7789
31635
-24962
25733
-22393
-18616
-17578
16193
32341
-28529
-10988
-18615
89
15445
-18703
-32187
-13543
28545
1319
21125
-30333
16898
21125
8322
10112
31626
-31615
9344
-9601
-30068
-3824
-1702
11116
11143
-13593
-27689
20949
-6949
10391
21597
-30506
-25208
26191
-22349
-10297
-21309
5477
5255
-3174
-14702
-23407
2195
14458
-26238
27784
10056
6230
-15807
-9131
143
-25325
17481
3160
-4012
6642
30276
-30180
-2684
-15324
30084
-12922
10754
8325
3202
-6785
-31350
-21375
13440
-4225
-10608
-27377
-26022
6506
9354
30438
14806
-2860
219
24726
-25507
9942
32136
25166
-21326
-15930
18883
28262
-10619
-31074
13460
26766
-18543
-31113
-31872
-5501
6724
17492
4930
-29103
-26225
19988
17734
-10668
-19375
-10765
1347
-19944
6273
19492
-26491
23684
8962
-10108
-20863
-11905
-22390
30849
384
9600
-18294
-16114
13409
-31385
-9594
-23579
-44
-22319
-25896
-7021
23901
19666
10633
-25012
-1874
1475
1217
-13460
29572
-4715
23440
22413
-12142
-2188
-23682
-21373
18240
-174
32320
31054
19600
-17391
18243
-16303
23119
25844
-6847
20246
-1664
8738
16261
15235
4610
30340
32129
18560
-21366
-31871
19840
10368
-27252
-24563
-19101
-18844
11400
31716
21459
18130
-1067
-6765
92
-1839
15753
16714
13486
16323
17856
111
-10366
-11118
2706
-374
-23662
-22927
24700
-9598
-10433
-24493
17730
-5042
-27248
-18926
-21437
3410
7247
-10252
-32703
27672
-2942
29985
-4731
21382
3074
10372
-21887
-8065
-17014
19585
-1153
18048
-2930
-16372
-413
29795
-17271
-28957
23762
-6960
9429
28819
-13476
-1584
-20343
-13750
11437
-10559
20158
-7056
-30078
-28779
3475
1418
3987
-29071
2428
-29056
26684
24913
12865
18250
15506
-26863
25920
-25009
-28851
2806
28224
-15341
20351
-6113
15750
-28286
2
-11901
29057
3200
6027
7297
5760
28544
20103
26892
22378
4705
-635
23523
-10543
20431
-23854
-2927
11356
11726
-23158
-25527
-22102
-26177
6588
15478
9345
-15477
-11890
29063
-29293
21103
-21638
28800
25915
8017
14400
18249
-9583
-16113
-25281
-8371
1867
2806
-18113
20
2177
-31202
-23931
30851
-1791
-30077
27265
-19585
14219
24449
-29056
8576
24717
-27637
-7319
-20130
2185
11234
-18480
-15410
-31279
-32367
1627
18637
16266
-9402
13482
-10818
-6726
14454
16512
-19316
2706
-24955
15507
-19861
2424
31614
-12487
-23472
-29631
840
-9839
23312
30782
8780
14665
-17162
-24770
-19436
-17535
16669
1413
-13181
-3327
25219
18049
-5505
26507
4737
18304
26496
8590
-16118
-23188
20829
-3447
-15648
30927
-17970
24784
19344
-17574
-10804
27530
-20410
10665
3518
-5958
-26503
-12930
16781
3218
-28285
6547
-7319
-2186
-32643
-3786
27470
27967
580
-30062
15375
9531
-9657
7751
-18953
1085
28688
17276
-20454
15491
32126
-4351
-2430
14721
-129
-28277
-20096
21632
14720
-28790
25354
-26509
21082
-30841
28640
1231
13006
-10547
-12145
26202
30666
13708
-22716
31143
-2373
14009
-23426
11134
-2685
-22128
7297
-7276
-7070
-21903
29304
-20942
-22965
17723
-32451
10382
-16372
311
-13756
-8638
19704
-23238
-4849
17277
18199
19840
2175
-5631
-17790
13441
-4481
-31861
-11136
18816
21376
12430
-18679
23161
18524
-27512
-3362
5070
12240
-5686
2704
-19623
16583
20875
-27838
11429
-4935
18869
-639
4220
-23677
-31598
25468
2962
16738
24944
-22153
-14798
-7093
-21189
7997
-11379
-29938
-12746
-12733
-11711
-3336
-24518
14864
-30595
-32489
-10113
16255
-6143
22146
-8576
-16513
32651
-14720
26240
20608
26251
-29175
13949
-30628
-13689
478
31693
-9267
18634
21390
858
28358
-26485
-3774
-9821
21689
4791
5254
6267
-22654
-24176
26491
30609
-928
-145
-11404
-4818
-1463
-10694
-17863
17294
8973
-3021
-17601
-31170
-30215
-15559
-5875
-8582
-17130
-31617
-19844
-6655
9346
-10368
-19841
8075
-12672
9344
10880
-29047
8969
-11135
11610
-25466
-36
-30260
-2100
8135
-12148
-5801
-7741
-29557
16705
-12127
-9034
28852
2698
2938
-6021
-8306
1913
16272
-29605
15725
-23436
15149
5704
-9927
-14792
-17779
18443
5939
-30912
-14019
-26887
2361
28431
28286
14356
-13187
-14980
-7679
-23935
-7040
-15233
21131
-14464
16256
6528
-3952
25096
-31872
-5288
6795
-21543
-16182
-28213
28868
-374
15191
28097
-13686
-19907
-15969
17333
-7248
29578
12921
-16001
-29294
-24205
-30066
16986
-22677
4722
21548
-2489
13114
-8138
-371
16396
-21455
2366
-11204
15098
10040
-8691
-2181
-8173
11133
-8838
-7935
-15231
4993
-24961
-15989
-26752
22656
17024
6282
12552
19846
-9896
-21113
-1320
5577
-28984
-26941
18057
13653
-26177
20362
22846
-5219
-13389
-9552
16527
-21129
16762
-24946
19058
-27762
-8872
-18070
-7314
-8920
-13242
-25030
-18637
13198
-2550
-20689
14907
-27335
32250
-24521
9996
7291
-13805
24701
-28550
-7935
-25471
-9088
-26753
-29557
-29824
18560
15232
20361
-4857
10121
26455
-2938
728
-9785
-15418
21951
3208
-8364
-11844
-9847
22588
-357
22193
9902
25489
3447
-20876
9358
14194
23694
30038
7273
-7313
-18391
-18875
9273
5173
19853
5387
11312
-18372
-29638
-26630
-14538
-1267
-24962
-2287
14716
-9092
-8191
22145
-10112
-25729
-9589
-26240
-17280
26496
-1652
-29433
13193
-9898
-19319
-5418
3783
-19259
-17217
19335
5204
-18500
23177
16188
26267
-11088
1198
18578
4470
-16519
-16497
18030
-24179
-10412
-9369
19822
-32472
-18875
-6856
10547
-29555
24331
-10194
-20934
11577
4347
24118
11276
-4742
27410
-3204
-6022
-8191
-12160
385
-13953
-22901
13696
-12160
21120
8326
25863
-11635
17237
5254
19670
30662
-19773
-7235
2950
23123
-25414
-1143
-10949
-30823
-24658
11948
-27754
2933
-31374
-9845
-4242
-23922
-12973
27494
8555
7462
15940
-26568
16688
-627
-1527
-25556
21560
7223
11259
-27339
17931
5243
-20719
892
12409
-8447
-23168
1153
-25729
-4469
26752
-20864
-27264
-10872
-4602
14735
-1454
4999
-10028
18116
11203
3259
15237
16210
19384
-10615
31801
-22121
173
29610
-28521
21108
-30352
-14195
-15252
10125
-26288
9572
30059
10278
18500
15929
-4816
24973
-18679
-981
-31945
-12491
22779
-23244
4108
11644
8209
27772
1660
-8447
-17536
-16768
-22145
-2421
-30848
-13440
29056
-17526
-21754
-11121
4947
392
22483
-19261
23746
10427
-22396
30801
24504
-29303
-21960
-8298
-20308
6826
19097
6259
-20622
-5235
4459
-4979
17233
28772
14696
-21725
2883
-14536
-9939
-12915
26122
-22998
-19914
10293
-17413
21556
1546
9592
17425
29820
16505
-8447
9344
31872
-14465
14220
23424
-17024
22656
-16510
-23034
6805
-7087
-23165
21459
14531
26304
-30793
30595
27217
20148
-20855
21561
-4972
21674
21415
31133
-10382
23402
-19319
8043
17037
-32433
31586
-10136
-29661
22594
-713
28205
-11891
29705
18218
3638
15413
-18693
24371
-30198
122
273
30588
11131
-8703
19072
-24448
-23425
5004
16512
32640
22144
-3448
20486
20372
-4272
6279
14546
-7743
-25920
7095
23938
-30128
-13901
650
-26313
22932
17578
28071
20381
-32655
-27284
-10356
25705
-14452
30796
-24992
13159
-17630
27969
-31177
-23508
17549
-31223
22057
-14284
-8653
-517
-974
-14582
15482
-20721
-20614
-13447
-8703
12672
-32640
-23425
7308
30592
-28288
-27264
-2936
1542
27031
-8369
30087
19408
-19264
-10562
-21835
-24959
29008
14258
-13943
14135
-24430
-5721
6565
-28000
-20368
-13460
-1908
-16282
27532
-20148
23392
-4764
-14560
-11201
29494
2602
-13939
-12535
-31705
24627
1587
15612
-13007
-21496
7798
9999
-9606
26485
-8703
-28801
-20608
23167
-9589
896
-20864
30336
26757
-4603
-17765
-4019
1925
-26929
-5185
-9283
-20046
18816
18255
22703
394
-7626
30864
-24666
-8541
-14685
-30865
7012
-27766
-6044
17036
-30647
-32418
13668
-2017
-26049
-22730
-2776
32397
13833
-30426
-975
5423
17404
18481
19465
29817
-4082
-22150
3704
-8959
-23425
29056
-28801
10636
-3713
-24448
-23680
23435
-25595
-13157
-8372
3208
-565
-1347
5824
-31822
-26753
20558
-15184
19593
-7371
-18288
7591
-32605
3492
32366
-27289
28557
-24989
-3957
-28857
22364
-31390
4894
-23234
23607
17960
-17268
25865
3878
26160
12335
-29700
-6608
19977
-13448
-15602
21369
-9610
-8703
15999
10112
-22913
18060
-6017
-32640
-25472
-633
29189
5535
-7861
16007
4556
13245
-11589
24750
30078
6223
11181
-5751
22837
17806
21667
-23392
20392
-5523
-14491
-14197
-13470
22923
-1973
-24736
31335
32030
12610
19774
-5333
-13677
-7415
16937
26419
22833
23036
-15055
-23032
9082
-21743
-12417
16762
-8959
8831
30336
25215
8844
6784
-24192
-16256
5515
18181
16281
-30908
-13175
-2099
28094
2238
-21330
23169
2388
-21840
1934
4662
-27247
5798
13730
25765
32110
27235
-10355
-22167
-11887
30536
19037
-9368
-3554
-32703
-13765
-18645
-7535
30729
8744
-26830
-32464
21756
21296
-19447
-12420
-15857
-5251
13436
-8703
-1154
30080
27263
15244
4992
-7296
-20608
7314
773
-31848
-18365
-7539
20684
12477
-20801
-27217
-18303
83
3505
20110
6965
-10864
-30555
-27231
4005
26989
21096
14994
17766
-22639
-11706
32092
-25243
-25572
-27072
-9414
-472
-26734
18954
24102
-25552
-27347
-19972
30255
-23288
-16774
-4850
-18051
-11909
-8703
28798
-30336
-31617
-30580
-8065
-17280
-12416
-8565
-8956
13983
17730
27786
6091
-18756
7357
-23381
640
-26286
20141
24463
13877
16526
-94
17822
-17750
27244
-19870
-28018
-27805
657
5187
7513
26208
26138
-23492
15415
13604
-25201
-21241
-19166
23340
-23765
-6660
3630
11527
-30088
12045
-20101
14201
-8959
21886
24448
28543
-28020
-21377
-11648
-24192
-25719
-20732
24229
-26303
-24696
-10551
-2885
9917
-30553
8574
5201
29353
31118
-14799
16011
10656
8861
16302
-18070
-8613
-18548
9567
7054
-3010
24661
-25505
-26599
-9925
-28361
-23517
-15730
27911
-1503
-8404
-25813
1533
3629
-2041
-16773
27916
-17286
-31365
-8703
21374
21376
-29057
-31092
-6017
-19840
26752
-29556
-30204
21671
24130
-11638
-28217
7866
-17221
1702
381
-29360
7079
-19571
16689
9865
-21858
-31078
-4176
28777
21855
8846
-20901
26764
30782
-14508
4700
-10985
11323
4151
3105
25231
25095
24352
9770
30505
14845
-20692
-15610
-31624
-10741
26490
4728
-8703
-26755
4224
-26241
-26996
32639
4993
-32640
23429
29956
25004
16704
25479
-16954
-18247
-14664
-11103
-25221
26447
-862
16526
-19920
-23674
-28005
-3945
-21067
10600
-1962
-22135
-12967
-23156
-11716
32594
-29094
-7402
12090
16950
-9441
19087
-11002
-30690
-729
12071
18429
1068
27654
10872
30219
-31878
-10121
-8703
19581
11648
30079
4493
-8065
-7808
-1408
-1657
21252
23470
-20418
13960
21188
-5962
-12359
-25440
-26246
8782
27042
-21875
3375
1157
29082
-16745
6583
5479
-3243
-10102
5464
10124
-11208
-28849
23897
8982
12857
567
1055
1422
8455
7198
-10458
31525
25341
8235
-18426
17785
-22518
-21127
-3720
-8959
32125
896
-24705
-22132
-31617
1921
-6016
-14200
12548
-8528
21566
15753
26816
26036
18869
-20835
888
1100
24734
20875
-28882
25730
21911
-4717
26810
18789
-27306
2955
-26796
-32629
-4553
-26802
-427
-3053
12088
-14027
-18916
-1394
12295
4380
15908
-12508
-30467
10026
12805
-14476
30218
5498
20342
-8703
-31108
6016
28543
-8308
30335
-18560
-30592
7041
7428
-8009
2876
-13436
16575
-4686
-31310
27288
29558
-5302
6810
15500
12846
17535
11155
5010
-9793
10340
14668
31366
9043
9611
9271
-5810
16984
1045
15674
-1735
289
-18288
13832
-28896
31018
22823
30973
27179
2822
-28808
8973
-30083
-27780
-8959
30588
14976
29311
31372
-19329
26241
14721
23431
516
-10576
-3017
-10616
27067
7855
24749
26264
-22668
10826
11420
-3190
23085
-5761
28564
23697
-16451
-1693
15185
-27767
-14761
6283
6710
-948
24919
-29933
-12232
-23751
31774
-15985
-19192
-16100
15141
14627
-25603
16170
-251
-1673
4875
8315
-18823
-8703
-645
-19073
-32385
3981
21631
-6784
13441
-8313
-5885
-25416
5176
25225
5306
-10579
7854
-13418
4980
7242
16794
-25718
-5075
27773
17554
-22129
-16957
28514
28496
21385
30035
29322
-15052
-21429
30291
19473
20279
13113
-1254
-28272
-761
31770
30241
-13024
-20995
-27095
-16892
20340
-22262
891
118
-8959
-25989
-20097
30847
17549
9599
-19840
-5248
-9597
-10237
-1091
-6092
10887
18105
21421
15534
1425
-29837
3147
-17259
140
5676
32378
10126
16012
-26169
-31135
-28601
-18809
-16559
-10870
16434
24650
340
4881
-7626
5435
-5093
26000
10759
-19686
-13790
-15072
-20739
16425
17925
-30089
-27382
-29829
3193
-8959
14203
-11905
13951
8845
18815
-17536
15233
-631
-15869
-17988
3123
-22646
-19531
27307
-1364
7311
-22414
-1717
23957
-14453
23338
-11399
11406
650
7368
28768
76
-10358
17744
-23926
-26576
-25016
6995
12816
19766
29754
5659
-31344
20743
25114
-5343
-24801
-18179
-32216
2821
-7305
7946
-18309
-6535
-8959
-30854
22143
-2946
11917
-8834
-384
10881
13191
-19709
-32065
15152
-8567
-8781
26281
19882
6284
-5264
2635
31122
18572
22826
-12425
-30837
20872
31947
-13218
24904
32392
8014
13194
-5329
-953
-29360
2063
27957
25915
-26343
20881
5639
-27623
2337
29728
-16387
3624
26884
-1163
5642
-20613
9336
-8959
-16518
-18817
4991
-15988
-17538
-7808
3457
13445
-21245
17091
4911
-10104
15026
5544
-4953
24200
9328
-31413
-12402
-18036
28713
-17291
-7032
-24698
13774
-16803
-6334
-32377
26189
-24439
29742
14406
-1967
21519
5685
-7366
5659
-28016
24583
18714
-4575
-480
-15875
4392
18949
18809
30985
-646
-3462
-8959
-32390
-31617
-898
-15988
895
23937
9601
-13685
-23037
1219
-16338
2957
6832
-347
-27225
14984
6255
17995
29583
5260
-7383
-23947
28040
-5500
6607
17757
6473
-5494
1866
136
-15064
-32191
3917
-19956
-22478
-17607
17430
24979
32517
16917
-15333
-28646
-14339
-18652
1796
-22666
-21753
16248
-9355
-8703
9594
32127
20095
-9076
-5506
385
25985
2440
-27133
8903
-24024
23691
-13140
8870
19368
-129
-6803
-2229
31113
5776
25125
-11664
31108
24961
-2607
-26022
-2498
-13688
-12476
3723
-31205
31027
-2242
-12536
4906
-22228
13073
-16746
-24575
-30708
-31727
-24816
-14083
-23272
1795
-19592
-13820
24184
29303
-8959
27769
21119
8575
4237
13438
15745
-28799
-23675
-29693
14789
-24806
-10614
2468
-10074
-1110
-16527
877
29512
25985
-14451
-9451
-15515
12154
-5514
3793
-2474
-15821
-26233
13108
-15220
-20462
-26839
23097
-30457
31778
1320
-20464
-4970
24577
-31223
3342
20238
-13059
-2538
9987
-11394
516
13949
641
-8703
-392
8575
8063
19853
-31874
28289
-29567
-18296
-30717
25284
-28139
-883
23445
14499
-855
-12694
6250
9541
-7298
-22643
29966
29534
-1166
14194
-31533
22868
5429
-4216
27945
-21109
-16626
-25052
7732
14854
-30437
-17886
-5875
31641
23297
19207
-21749
-22260
-12035
-9196
-23038
21885
-11517
16256
16768
-8703
26744
6527
9599
28301
5246
13953
21633
-1665
-30973
-32566
-2797
7818
-31607
-12902
13219
6240
9055
10546
20336
28558
8713
-15793
-30621
104
20185
19791
-26839
-4991
14115
25481
11276
-2783
12848
-5115
32022
28192
-3059
16283
23041
-32506
14090
-1782
-12035
-3822
-23294
32638
-27133
7297
27776
-8703
16504
16255
-898
27789
3198
25729
30081
22661
-30973
-6713
27151
-27507
30338
-7525
8867
-26274
25953
-25023
-27531
-13170
-13305
5970
-18586
23656
-15401
30542
28970
-122
-32740
12429
12555
26144
-5328
-16891
21782
-30431
-3827
-25958
23041
25606
9994
23307
-11523
-18925
-20734
-10113
-29949
-4225
-23680
-8959
-5001
-4482
-386
19597
-1155
23425
31617
-28793
-31485
-51
-20209
-28017
-11651
-28776
-5728
14172
-9633
20545
9332
13199
-10489
29008
-3484
20839
21724
-24755
-17878
-25977
-19430
19851
21514
12574
-20439
-3836
13332
-28385
-25846
-30823
23297
14341
9736
-14840
-11267
-2286
26370
1659
-32253
1663
1404
-8703
31351
-13442
9343
-28531
-14723
25729
-27775
2174
-31741
29398
26895
-27254
-4999
-30060
14234
18772
12635
1085
-13207
-31347
24583
30025
22620
-21410
-23839
22602
25378
-18815
11288
-632
4105
6428
-28120
-18684
28690
-483
10250
9369
23041
-2812
11784
18440
-11267
2322
27650
-7556
31235
17790
30845
-8959
16759
1407
-7042
-31347
-13187
21633
-30847
26755
-31741
-25641
-19442
-8563
-5518
1680
-2921
-32175
24919
-30150
-7834
9612
19462
-5562
-19877
16988
4323
25928
-16350
14980
-24043
-17529
13576
22809
-14042
-32764
24081
31774
-30199
-24167
23297
31492
30215
-26617
-11267
-20463
26626
-22915
29955
-12419
7037
-8703
-9610
-10882
-19074
-16243
-8835
24705
19329
-3197
-31741
32474
-10995
-2930
13678
20619
-28523
-32178
8789
11321
-8605
11660
262
26947
13912
10841
-25115
-11706
-23519
7044
-13805
-16250
-22009
-13800
-21469
7940
-26865
11036
22280
-16998
23297
-765
24070
-4090
-11267
2832
18690
8570
28931
-24194
9339
-8959
24182
-31362
895
-31603
19325
-11903
-17535
29312
-31997
733
24332
13453
-32662
-18295
-17008
-9656
-21423
-23241
1886
-1396
7429
11071
-4783
1877
-30745
-19132
2332
17538
-30702
25223
-15608
-20967
-11229
9988
26901
-16094
5640
29334
25601
-24828
519
8711
-11267
-3311
21762
11897
30979
12153
-28040
-8703
21110
-29826
-21378
-22387
-24963
29313
-15487
-22395
-31997
25057
-20210
-9842
1902
11911
-25458
15688
15445
28985
10588
10891
-1274
9026
29523
6740
-12567
-8892
26398
-29308
-27882
-18300
-8688
27428
-468
-7676
32291
25907
-16120
-24946
32515
-249
15371
-22518
-11523
-20964
27650
25713
1540
-30607
25711
-8703
-5259
-16258
-22914
-32627
12669
-25727
-11391
-4735
-31997
2794
-487
-19318
6785
7048
-13174
-30643
-25257
-2498
17756
22924
-30186
1612
24412
15962
19439
11080
-21984
-4224
26659
7297
-2031
-17371
-24532
-6140
14628
-17868
-28152
9614
10244
20744
-8693
-24053
-11523
-26083
22530
3439
19716
17522
10863
-8703
31861
-24962
-22914
2701
-5764
-30335
-18303
-27777
-32253
25579
-11751
-30839
-27008
18054
10888
-8628
14166
14655
27226
-28788
18454
-20917
6492
-4518
22512
1863
-32227
-28545
14886
17281
2832
14883
-19923
-15100
-27357
-23244
-20216
-4980
5124
20488
20748
31243
-11523
-31715
27650
30834
4356
26992
-18577
-8703
28277
25726
-20098
21645
21373
25985
-25471
18310
-32253
-7701
28185
-25715
-21893
-8318
-23418
32074
-28075
10047
23641
-9333
-26091
-26038
-3237
26713
14577
1350
20768
-10878
5923
-23937
-18929
8482
-29398
30468
16931
28726
-19961
-12660
-27388
-28153
-5622
17930
-11523
7965
20994
-5265
7428
-31120
5999
-8447
-14476
32382
-15490
7053
-10116
-17279
-10367
19328
-32253
31470
14872
906
14714
26497
21379
6471
9556
6463
10837
7308
7190
-22969
-21929
7510
9715
-30652
-2021
10367
-27870
4480
-20978
17696
26920
16388
24098
25653
14855
141
21764
-14330
22282
-16631
-11523
-19684
17922
-18322
3332
-21392
14446
-8703
-27020
16254
-24194
1421
-18308
22657
2434
8319
-32253
-14097
-15850
1418
21110
-25474
-22143
-3517
-20654
-16323
-21678
10380
-18412
-30140
-25003
-21165
756
27203
-27879
-28034
24097
-26497
22541
-15074
-14808
1796
-5855
31798
-13050
-10869
-5116
-9978
32265
11528
-11523
-2276
20482
-12942
-4605
29553
-3215
-8703
22900
22142
9343
8589
6525
15745
-5503
18050
-32253
-5648
26902
-11381
-20367
30075
-22913
-21440
-17328
-16835
9552
-28278
21012
-21693
9298
15695
15093
1090
-1766
3967
2335
-28035
-11508
19742
-28891
-17661
-27871
27703
-5115
-10868
26373
6918
-25592
-11769
-11523
1821
15106
-7569
-5117
-11150
28273
-8703
15475
-20099
-29314
9869
-17284
-25471
-9599
-12422
-32509
22771
-7916
-18040
3696
23418
-22406
22587
27470
19772
11594
-9334
30484
-3777
15694
-13493
-9738
-18880
-14315
-23174
13854
32381
-501
-19940
14372
-22525
-13280
-29642
-19963
-13940
5893
-16891
-13561
9223
-11523
-9956
14850
-31633
-10237
26994
20848
-8703
25459
-4227
-6786
19085
-29316
32641
-6271
-5763
-32509
32243
-14573
11402
25964
8823
1915
31290
-2228
-27845
29001
8842
18962
19006
-14773
-32438
8951
-24001
-26091
24700
27420
-15492
268
-12259
-5847
-16637
-19165
24379
-24058
-14193
22278
30726
3337
-5881
-11523
7965
17922
-24974
-253
11636
19315
-8703
21363
-17283
-20098
31373
-29572
-25215
-12671
-24958
-32509
23538
7953
26509
-17558
-14474
-14469
31290
3407
10815
22092
-29044
-2541
19264
-25010
27467
13303
-22721
-8681
19327
-5602
12673
20235
10013
-27867
-30461
22050
14908
-8699
-17264
14086
-16123
-16889
20999
-11523
-27364
13826
15214
-765
-31372
28784
-8703
-10126
29053
-29826
3725
32380
-24959
-4735
11643
-32765
15092
-2545
14729
5736
30581
27768
-11466
-31155
-12738
18504
-23923
-14062
3901
-695
9033
16120
9534
-3310
-12422
-28130
-15487
-28918
29467
-16859
29187
1313
17979
-25339
25488
-1531
25349
-9721
11271
-11523
5916
14338
12912
-8189
4724
-8847
-8959
-31886
-12163
23422
7821
-32132
-8063
-127
-2176
-32765
22004
-2034
-17524
-156
-7310
-24713
10292
-1461
17214
26694
28557
6929
6203
-29879
24903
32504
11069
-31469
-12419
20508
20608
-16887
-10471
14372
22787
26401
-22469
13061
-1393
-28154
6917
-250
-28410
-11523
8476
14082
-912
-11773
10868
18290
-8959
31858
-22403
13694
16013
-1157
2434
4226
18561
-32765
26613
13838
-22643
-3743
-17552
27509
-1743
3403
-12738
13635
-16755
4881
14137
-23483
-20412
17401
19004
-13550
638
-29158
26496
27657
22553
-28895
15107
-17888
-8389
-24316
-22128
-15098
-24316
22534
-20731
-11523
17947
12546
-13460
-12541
12404
22383
-8703
626
29053
24190
15245
5500
2178
11650
-25731
-32509
29686
13
13963
16224
-21393
-28557
-23506
-19639
3389
-21441
22414
-16369
-15818
579
5441
-10503
-14790
-24305
-10373
-15591
13696
26888
13847
-13535
13315
3104
60
-23548
16784
26630
28932
12806
-16123
-11267
18203
13058
-7057
-16125
-30093
8305
-8703
12146
28029
29054
15245
-6021
-14207
-1919
18052
-32765
23286
-28916
-11378
-24485
2156
10611
22829
1865
-11971
4671
-3955
-25330
32053
-8639
29760
1786
-9159
17937
-32129
4376
32127
26888
9751
5922
9219
-3553
-6084
-26364
-9328
12039
21252
12038
-25595
-11523
7707
12290
25200
-17405
-17037
-19600
-8959
-30607
-23683
32638
-18292
-2437
-1663
17026
-6528
-32765
20471
-20213
-13427
24411
-30613
-19343
32299
17992
3391
17470
-26226
8719
9780
321
23103
-23814
14393
-32753
-3204
30487
-20353
8
27414
22047
4867
-12513
2877
-1277
-12143
-1530
-6141
26373
-17404
-11523
3867
11266
7279
-17661
-9356
-12944
-8703
-3984
20093
16766
5773
-18053
-6527
4994
18047
-32509
7672
-15606
-4980
-6312
-12695
-27793
-23256
-15802
-2755
4154
26511
-27635
-29647
26429
-31941
2043
19000
-26867
-19332
-14314
32127
-8954
5652
-23519
4355
-27105
12349
15876
-18799
-2042
-8701
-23547
-2300
-11523
28698
11522
-4494
-22269
-5772
-21901
-8959
1649
29309
27262
-884
-8837
-5503
29058
23942
32515
-3593
-17143
31121
15443
-20122
-27537
6696
1862
-26051
16699
12687
28940
-14032
-451
22844
10747
-19146
-12786
-18305
10517
-641
14854
-26094
2333
-2302
-9187
30781
-28669
27283
-13818
15363
31236
14852
-11523
14872
10242
-27792
-27645
20084
29810
-8703
31600
16765
28286
22925
-16261
3970
-28030
129
32515
2809
28424
-18290
-6577
-20636
29803
2595
-5821
317
-26060
19600
-11510
26156
28727
-24010
-13573
29492
-18677
-31364
-14574
10368
20486
-19182
-26339
-3070
-11234
11838
31491
17555
-29945
20227
27652
-9213
-11523
-24807
9986
-29841
-24061
-6284
11379
-8959
25712
9085
30078
2189
24699
-5247
-31614
20608
32515
23033
24584
20622
10831
11619
9579
-19935
22851
-2500
-12237
31376
15115
20524
-18122
-12748
-3077
29748
12811
2428
276
27008
10758
15634
14368
-2558
32543
-27585
-20477
17810
-32760
-30461
517
14084
-11523
-14822
10754
10099
-25597
-20364
-32651
-8703
7280
8573
22910
-5492
-23685
2434
22402
-24445
-32765
-25607
-21752
-4720
23373
18017
10090
6946
19779
29757
4149
2448
17932
1325
31800
-12491
11516
6964
25356
-30595
-10990
2432
5126
13586
4124
-5374
23071
-8640
11267
21395
32009
9219
14852
-21757
-11267
26138
10242
-14994
-26109
-9614
7793
-8703
-20881
-132
10366
-15988
23163
16258
25730
-22659
32515
25594
7688
-13171
28748
-12192
-16282
24350
-1726
9023
-29137
16018
-17140
-2775
-3533
-14287
-29700
-32205
-25335
8058
6931
-19839
32517
22032
-28903
-6142
22301
16702
3587
-31854
18952
-8702
-11005
19715
-11267
-8424
10242
-25235
-30205
-26512
10606
-8703
25711
893
30846
-17780
2427
18562
20098
-18559
32515
30714
19719
-12401
22856
-30627
13158
21021
-24767
31805
9262
-23150
14602
-6617
-12239
10288
-25092
-15311
-26359
27772
-16112
-384
-7420
-7922
-23272
-6910
6940
17726
-3582
9874
-17400
-18174
-25597
-2558
-11523
25368
10498
13423
-32765
4720
25967
-8703
29551
-21124
8318
-31348
26491
10882
-30590
-5758
32515
-12038
1031
-15472
-25533
-23206
25444
-3557
8512
-28611
-21972
-25454
31753
15910
-10193
-25299
-9988
4145
-26103
7805
-17650
-21633
-22012
12814
-31723
-8190
32027
8766
-18174
24723
-13304
30978
10243
-12030
-11267
-6889
10498
8555
-31229
19056
13165
-8703
-2706
-1412
10110
-18804
13947
13954
-23166
-23429
32515
10747
11014
29836
13377
17496
31840
-8680
-4034
-24259
4393
-109
16136
15651
-10965
-26069
1533
-6098
29447
20089
-8946
10881
-28924
-17907
-20204
-7934
15898
-10435
-21502
19344
-18423
25602
9731
-12030
-11267
15896
10754
-21140
-31997
7790
8811
-8703
-914
1149
30078
-20852
15483
11138
31874
11392
32515
25851
23046
-27506
-15553
14679
-4768
-21992
318
24638
25640
-21614
29448
27170
-19157
28715
7165
-18898
4872
18555
-12019
22910
11780
29452
26388
-8190
27162
11327
-26878
656
29706
20994
1027
-20734
-11267
16152
9218
-21908
32259
26478
-2196
-8703
-8850
-10628
5246
-29556
11387
21122
-22910
6784
32259
-14085
9222
10127
-1733
4180
-15010
-16105
-3012
10558
-19418
-3694
27400
-4064
-19415
31273
22013
-12755
-26105
-18054
-8436
15486
9732
-20468
-5102
-8702
12057
19774
30978
7568
26635
13570
-12030
-24574
-11267
8728
7938
7785
32003
-17298
-10647
-8703
26734
26492
12414
30604
-10374
6274
-27262
-21380
32259
1020
-16635
-5236
-18374
2643
22107
21
-31173
9021
548
10387
-20985
4895
39
-6873
28669
26668
23558
633
-22516
8830
-14589
6411
3602
-8702
-12263
-27330
26370
-11890
-20213
10242
-15870
25858
-11523
-29928
7938
620
32259
23918
23404
-8447
-28562
-18308
3966
20364
-3974
12162
-2174
-11902
32259
4604
-20987
-2673
7734
20303
-8614
15636
32058
4668
-12254
5010
-4090
6686
24102
22821
31741
-14805
4871
1404
23051
24700
-20221
27914
-16624
-8958
-3815
-4034
18946
-24690
-28916
3330
-24318
13058
-11523
8473
6914
-10133
32259
-12179
26220
-8447
9326
-24452
21118
21132
-15238
21634
30850
-11650
32259
28924
31493
-25970
-13004
-9140
20055
-32750
-10440
-7877
-12769
31634
24583
-4069
21284
-7646
-25347
18731
-1019
-3976
-18422
10107
-27645
9738
-9713
-9214
7449
-25538
14082
-9074
19469
-1023
-32510
8194
-11267
1305
6658
2922
32259
-22931
-10903
-8447
4462
29820
13438
11916
-31622
15234
-32126
-29828
32259
-25860
11269
-22899
-24782
8523
22612
-22256
-1482
24635
30493
-31086
-16122
13594
-6367
-3040
-20995
-24279
11525
-12169
16906
19835
15363
-29688
15632
-9214
-31463
-25026
13570
11917
32270
-4607
29954
8194
-11523
-3816
7170
-2707
31747
31853
22381
-8447
-11667
28796
25214
11916
-12678
20610
-11902
30850
32259
-20996
7429
657
17453
9542
851
7440
821
23098
-15844
26256
-26107
-12264
-22752
15136
-18947
-26840
-30715
19578
14345
18553
8195
13064
-9203
-8958
25880
-22465
8450
-23667
-8946
-9983
20738
-3071
-11523
32281
6914
-32150
31235
-22932
-18837
-8447
5741
-25220
12414
4492
28282
-30846
-19070
16508
32259
-5380
-7420
-17267
16427
2628
-15539
16910
-9934
2360
-29927
16528
-11003
29974
5918
-7907
-15107
10791
19460
2678
2056
17528
3
-26361
-32756
-8958
-21481
32063
4610
-30067
29967
-14335
9474
-14335
-11523
14617
7682
-29591
31747
29036
-11159
-8447
6253
19836
10622
5772
-22918
26242
26498
-3206
32259
1277
-20732
18317
29223
7744
-4536
22540
21296
-13002
-9707
-27249
-5116
-21485
3866
-18151
-13571
2854
-5117
-31627
14599
-25993
-7166
-12026
-24052
-8958
-20967
28481
5634
-30580
-22000
-14335
9474
-15871
-11267
8730
8706
-13204
-32509
14444
-29843
-8703
-15764
-2181
-1667
-4469
-24198
22402
29314
15998
32259
4093
-26876
18575
23076
19004
20808
-18421
-3792
11576
-25323
2447
25605
30995
-30439
10009
-12547
31269
9220
-13450
-1786
-8073
-9982
-26106
-19958
-8958
-4073
20289
2818
-31092
-32494
-18175
3586
-19199
-11523
11546
8194
-8344
-32509
-8854
16745
-8447
-26516
-11653
2942
-14197
31354
27010
-22142
26998
32515
9213
25348
-13429
16162
13626
17730
-7415
27437
30774
2834
20623
-4348
28432
-7658
-5610
-12035
3876
14339
-5519
28678
26742
-15358
8198
-10999
-8958
-9193
-24255
1794
-9845
13587
-18943
-511
-24831
-11267
13338
8450
27752
-32765
-14486
-26520
-8447
25964
6268
-8835
-30581
19834
11138
-27518
-10119
32515
9725
16644
11405
-226
25655
-23233
14345
-19668
-20938
-13808
-26738
28420
-27377
-6124
31508
-11779
13859
16899
2676
2566
-9354
-20222
21765
-11512
-8958
10519
-958
258
27531
20756
-20479
-3583
-27903
-11267
25625
8450
-31639
32259
-23704
21607
-8447
-7317
8828
382
-12405
19066
-21886
-10366
3707
32259
10749
-509
142
23323
3379
15420
3336
23082
15925
-29938
-26738
-2813
-20723
-1262
17426
-11523
31009
2819
1652
11269
885
-22014
-4092
24071
-8958
8982
14147
-255
-1397
-20460
-21247
-6911
-29695
-11523
-30184
8194
-20892
-32765
-29592
-9372
-8447
30827
4988
-3203
-26485
23674
-29566
-1150
-1933
32515
11517
-13053
-2679
8729
18224
-3786
-5882
26920
-21453
-30708
16783
-18685
-20213
4880
25360
-11523
-24801
-22014
2928
-5372
13173
-24062
-29436
24839
-8958
-25579
-7358
-767
-22646
8213
-20991
-7423
-30975
-11523
13849
7938
-3738
-28925
16232
-23194
-8191
-5269
-21637
-2179
30603
6778
-27518
-5502
-20103
32259
11773
-16381
-13428
24598
-18388
-15819
31494
4903
6452
-22773
25998
18179
-18934
-7410
-32498
-11523
-8418
-18686
21362
-24828
13427
-24830
16132
-16378
-8958
-18666
-28604
-1279
11402
15895
-20735
-8447
-32255
-11523
23578
7682
-23193
-28669
-23193
7270
-8191
25963
31355
10366
18571
8826
-24446
-23166
8825
32259
12029
-22013
653
-15340
-7127
-10446
6918
-29658
-32204
-11766
10126
-31485
3082
-26611
-12020
-11523
-25570
-28670
-4751
30212
-4494
-25086
10756
17670
-8958
18198
22340
-1791
27274
3353
-20479
-8703
-31999
-11523
9242
7170
-2717
-25341
-1433
-21918
-7423
-3990
-27013
-9347
21387
5754
-14974
-638
-14731
32259
12285
-27901
-12662
-32749
18984
26927
-31227
14117
19764
-20983
10382
23299
-2808
-9972
-23796
-11267
13853
25858
-913
28164
-1678
-25854
-9981
-26618
-8958
9750
-30139
-1791
-15223
8729
-19967
-8703
-31999
-11523
-1766
7426
17511
-22525
2920
-22682
-6399
25963
-21893
4222
-9846
-903
-18558
7043
-26500
32259
12285
-30205
-15730
-9968
-4060
-10193
9733
6180
-9165
28425
-11635
16899
32264
11532
3340
-11523
5917
32002
-27789
6916
13425
-25854
-14077
11526
-8958
25878
-19642
-1791
-30327
-7910
-19199
-8703
-32255
-11523
-22757
7170
-12186
-18685
24423
17765
-5375
-12182
-14469
-5507
-15734
9850
-25214
-19326
17272
32515
12541
32003
-28276
-5617
-22493
-17108
-16892
-6110
-31436
17928
-17779
32259
-23545
-3574
-17142
-11523
-30948
21506
14704
3332
-11408
-25854
-17405
-14587
-8958
26134
4935
-767
23945
23068
-18175
-8703
-32255
-11523
31772
7938
18277
-12285
-27033
-17821
-3327
-16790
-23429
1150
-24694
9338
-23678
-2942
28534
32259
12797
28931
-30069
24335
-24030
25898
29444
19746
13620
-16889
5518
-23549
15879
20490
-8695
-11523
18460
19458
13935
-1021
32624
-26110
-29693
8198
-8958
14872
28745
-767
-15480
-9443
-16127
-8191
-32255
-11779
13085
8194
18282
-2813
4457
5481
258
-22166
-19333
-3971
-21622
-10887
-17534
387
16508
32259
12541
29187
-5746
-25331
-5345
-25046
21508
-22239
1844
-27641
20876
-4861
1799
19210
30217
-11523
-14309
22018
16754
-8189
-402
-26110
29699
-24827
-8958
-23272
13131
-1023
11913
-16096
-13567
-8447
-32511
-11523
-18915
7682
-13210
-1533
-919
-32664
3842
24682
-31621
-13699
-31094
-2439
-12158
-5502
-29834
32259
12797
24835
32396
10509
18718
26150
-3325
32
-15820
14598
-4468
17668
3078
-3064
-31480
-11267
7451
14338
-18066
-10749
-19602
-26110
26115
17413
-8958
20504
11851
-1023
18825
17952
-12287
-8447
-31743
-11779
4638
8194
24166
3844
15977
-24475
9218
-7063
31611
6270
21898
-4743
-18046
8835
-11147
32259
12797
22531
8332
-24053
-9188
14372
-14845
-4578
-17613
-11515
-17012
-10237
-25083
7944
2824
-11267
17434
14338
11886
-16637
-17553
-26110
19715
22789
-8958
16666
6734
-767
-3703
-23774
-9727
-7935
-31487
-11779
-31457
9218
-24726
10500
-5783
-10647
14082
-9111
23675
-11651
15242
-21383
3715
6019
-32135
32259
12541
22019
-25714
-28918
-14566
10531
-27645
-20194
28212
24069
15500
32260
17413
30983
-21498
-11267
11802
15106
-4241
-21757
-17297
-26110
18435
5381
-8958
7707
-7857
-1023
13450
-27612
-7423
-8191
-31487
-11779
21280
8962
3687
16388
-12438
-23960
19202
-16791
11131
-3971
-4471
-1159
30850
-11390
10610
32515
12797
20739
-29558
13066
1050
-21216
27651
-9699
4404
-8444
-7540
-10236
-16380
-19962
-27642
-11523
-2535
12290
23403
-20733
27760
-26110
13571
2053
-8958
-23014
-19120
-1279
9610
9508
-5119
-7423
-30463
-11779
21792
9218
8551
27652
-7062
-10648
27394
28777
15227
-15235
-19063
-17543
-7806
-1406
24694
32259
12541
19971
27788
10505
7704
7712
24835
-1764
-3277
-9468
15244
-20732
-32764
-14330
-26618
-11267
27929
12802
-18323
-25085
-27537
-26110
11779
8453
-8958
25884
-26798
-1535
23690
-5337
1026
-5887
-27903
-11779
-14559
10754
-10648
31236
-3223
8553
-26366
-19863
23419
-11395
-26999
-24967
-18046
-3454
20600
32259
12541
20227
31373
-14072
10007
-28641
17923
10525
-27083
-32764
6284
-20219
20228
27142
14854
-11267
13338
12034
-25490
-27645
20335
-26366
11011
-17148
-9214
26396
20563
-2047
-7542
19241
2818
-6399
-26623
-11779
-3039
9218
-32412
-20732
-20886
-7835
-13822
14185
21627
-15235
-16247
-32391
-15230
899
23921
32259
12797
19203
-18807
4104
11286
20252
11267
2332
6965
2052
-20084
-3323
-6397
-28411
22277
-11523
31513
10242
-2710
-27645
-29328
-26110
7939
-16892
-9214
-24548
-9644
-2303
-28278
-24535
6914
-5375
-26111
-11779
-29406
10242
-10393
-15356
21610
25703
-4606
27753
-32645
-8835
22921
-7303
-13694
3715
14455
32259
12797
19203
-6516
13063
-30956
1052
7939
-23525
-27851
-6909
25740
-3835
-15101
19717
-13564
-11267
13081
10498
10606
-30717
-18833
-26110
7171
-6908
-8958
-995
14423
-1279
22410
28459
12034
-4351
-26623
-11779
15395
12290
1640
-1532
-27798
11881
10755
32361
13179
-20099
8073
19065
-21374
6019
-8841
32259
12797
19715
29325
-6650
-12269
-2278
4611
-28644
-9417
-23037
14477
-20730
-29181
3589
-24316
-11523
-24295
10754
23150
-29437
-1168
-26366
6659
-20220
-8958
-27874
5208
-1791
-3446
-3796
15362
-4863
-25599
-11779
-21213
10498
-17564
18949
15979
16230
-30973
11625
25211
-5251
-2936
-29063
-29054
6275
-1420
32259
12797
19715
-14197
-31482
-9966
19993
3
-8421
10807
20995
-27507
-5370
16899
-29948
20996
-11523
-30951
9986
-15252
-30205
-18320
-26110
5123
9733
-8958
19487
-21160
-1791
-20342
-26067
23042
-2303
-22527
-12035
29988
14082
-1433
32261
24938
-24472
-15101
20841
8827
-3715
-16248
21881
-8574
6787
-13700
32515
12797
20227
26511
6662
-26095
28699
-510
8221
25657
25859
2958
19719
19715
-14844
8196
-11523
-13799
10242
6001
-30973
17008
-26366
6147
7173
-9214
13856
-1446
-2303
-31094
25647
28930
-1535
-24063
-12035
13093
16130
32615
-16379
-30101
-13719
1540
15209
6267
-3715
-17016
-27527
29570
18819
6264
32259
13309
20739
-17779
3078
-20463
-3558
-3070
2589
31035
17155
13967
-12537
14339
-25852
11268
-11523
-14823
9218
28782
-30461
-17039
-26366
5891
-5372
-9214
27680
-5541
-2559
-11382
-12497
-30206
770
-16639
-12035
22821
15106
-31898
-507
-20117
6504
24580
24681
-134
-17795
-17784
-28551
-22910
5251
-12170
32003
13053
20995
-3188
-13307
4881
-11751
-4094
-18148
-17604
14339
-14193
-1785
2819
24836
1284
-11523
21529
9218
-18579
-30205
3954
-26110
5123
17925
-8958
27166
-27047
-3071
22409
-28371
21506
-2559
-23551
-12035
28197
18178
4714
-30203
2407
-20379
12804
19305
10363
-12163
-32376
-31879
-17278
15747
7037
32259
13053
22787
5264
-14843
15377
-22754
-1790
-28898
-4547
-22781
20114
28935
-31741
2565
-31996
-11523
15641
9986
31857
-31229
14705
-26110
3587
-22780
-8958
-31458
9048
-2815
-14968
-18128
-29438
1794
-15615
-12035
21797
18690
-155
-22523
-22937
7781
-30460
6505
25723
894
-19064
-17799
-26494
-382
29302
32259
13309
24323
28556
31749
1040
-26857
-5118
-5094
15162
515
-20337
9992
-11518
-19709
30467
-11267
26136
9730
-8340
31747
20335
-26110
3075
-20220
-8702
-9442
-26024
-2559
19336
1585
-26110
4610
-13311
-11779
25381
20482
15973
12038
-26777
11877
7173
-920
20347
-7043
19336
22649
-25726
13955
-5259
32515
13309
25091
5772
9477
-28402
-4842
-6398
2587
30266
-8702
-1394
21000
-20734
-17917
13571
-11267
-19689
10242
31596
31747
16239
-26110
2307
-17660
-8958
9248
17498
-2047
13703
25138
-10494
9474
-2047
-11779
1830
29442
14440
-1787
-32409
-8856
16389
4457
7547
-9347
17800
28793
-21374
-4222
20344
32259
13309
27651
-31859
-25596
30477
-26347
-7166
-7142
-710
-19966
14734
1289
-32766
15619
-5374
-11267
-16105
10754
-21395
30211
24175
-26110
4099
-32508
-8958
-1505
21851
-2559
10119
-12492
-9214
6402
-9471
-12035
8487
27650
-15772
-26618
16231
-24475
3078
-17048
2427
-12931
28296
13689
-27006
-6526
-14992
32259
13565
30211
-21879
-25596
28429
-15598
-7934
18969
-1990
32514
-29554
-15863
21506
515
-21758
-11267
7448
10242
13417
29955
-9618
-26110
6403
-25596
-8958
-12513
-6821
-2303
13444
19509
-8446
7682
-11519
-11779
-21721
29442
-21148
21254
18790
-29596
774
-21656
23163
-1411
4488
23673
-14462
-11646
7542
32259
13309
-32253
908
16644
-26100
-14061
-7934
14618
-21187
-29182
-3187
-8951
29698
24067
-1790
-11267
27416
10498
-22676
30467
-17042
-26110
5123
-27644
-8958
-2528
-22179
-1791
-29818
19767
12035
16642
1538
-12035
20264
-25342
18278
-15610
-31130
-8091
8711
-5784
21883
11134
3976
20089
-9342
8835
-31882
32515
13309
-29437
-29812
-4093
26379
30482
-8446
793
-28357
25602
-2931
-31222
13826
515
-29182
-11523
13336
9986
28780
29699
-14483
-26110
7171
26628
-8958
-10464
8030
-2559
-19834
-8135
14339
12802
-6655
-12035
27433
-24574
28257
9479
-1435
7777
12296
-11160
1915
-8835
-7801
13177
-12670
-31358
8048
32259
13565
-24317
7304
-11005
-246
17424
-8958
-16360
3644
16642
7822
30987
4354
-25342
18178
-11523
23320
9218
-30360
29187
-16275
-26110
7171
29700
-8958
-15583
-26274
-1791
-380
22586
27395
20738
11266
-12035
-8663
-17662
12644
-18425
-16539
28515
10505
8041
-2438
-11907
-24185
6009
-20094
1155
-13196
32515
13565
-19709
4491
-32509
-26359
19472
-8958
-1000
23612
17410
-7796
1804
2306
-25342
11522
-11523
17688
8962
-1942
28419
-6292
-26110
8451
-32764
-8958
19746
-17825
-1279
-27260
-2756
-21245
30722
-29182
-12291
-5078
-4350
-17052
-3321
24164
28514
3082
-25496
8315
-3203
-8825
18041
-16254
-6526
-16012
32515
13565
-12029
21387
23555
7177
-3058
-8958
24088
1597
11778
-13172
16141
-3583
31234
10498
-11523
27672
7938
-7574
27907
-11413
-26110
15875
27396
-8958
-1247
31328
-1023
-25212
-8643
2564
-29950
31234
-12291
31787
-8958
29281
29449
-12187
-928
-29173
-24472
-3206
638
-31865
-7560
-894
3203
30833
-32765
13821
-8957
-7544
15363
-29432
19213
-8958
4631
-3269
7170
-25460
1549
-8703
21506
1282
-11267
-7913
7426
26472
27907
10347
-25854
18691
-29436
-8958
20771
10082
1282
21379
-21186
23556
-24062
-30206
-12547
-8660
15107
-26780
-12279
5990
18020
30220
-6552
7803
6270
12423
13689
-1406
-2686
-22664
-32509
13821
-1277
-32628
5123
-15865
-14579
-8958
22551
12861
7170
28043
-29683
-9215
19970
-1535
-11523
21528
7682
16236
27651
-30614
-25854
23299
-18428
-8958
8228
-30878
2306
26243
-6335
-14588
-12286
-17150
-13315
-27603
31747
-3996
-31734
9318
-7581
-22259
5737
4731
-4227
6023
15481
643
2947
28531
-31997
13821
5892
6538
1539
31239
-15861
-8958
-26089
-26306
2818
-3701
-17393
-13567
9730
-16127
-11267
-32488
7170
-6039
27395
15466
-25854
-31997
3333
-8958
-5339
-31899
4098
-30332
15427
18181
-254
-4350
-13827
6959
29955
-25756
-31477
-17816
-7323
-2034
-23960
10619
12670
-7290
15993
-14718
3459
-15247
-30973
13821
-3069
7049
-4094
-3066
6667
-8958
-28394
19262
2050
-10102
24847
-15359
7426
-16127
-11523
-31208
7682
18536
29443
30570
-25342
-24573
-27387
-8958
-15321
-23961
9218
901
-6332
-5115
19459
28163
-16387
-23248
-6909
-27799
-1525
1641
22633
-23536
-3480
123
-20867
-18298
-30343
-7806
12163
18040
-29949
13565
6148
13965
-8702
-21754
7179
-8958
-15082
16447
2050
16778
-8433
-16127
8450
-17919
-11267
13849
8194
-21141
29443
-9366
-25342
-14077
28677
-8958
-24790
-30099
13826
14727
-23992
-16378
-23037
-13053
-18435
-1230
16388
-31896
-9715
-14741
10858
-29679
-30616
-3974
-10627
-25210
12665
-11390
-8574
9332
-28157
13565
3844
-3189
-8702
-7418
8202
-8958
-7914
32321
1282
-27001
30226
-15871
9474
-18943
-11523
23578
8194
-2967
-32765
17005
-25086
-9725
32261
-8702
24361
106
14594
31109
-26551
-21242
-30973
-18429
-21251
-18638
22276
19814
-2803
9834
-29848
-14572
-21400
-14982
-4483
31110
2681
-15230
131
-2190
-25085
13565
19460
1930
-16382
-11003
-9719
-8958
-18411
25919
258
26250
2066
-18943
1282
-20991
-11523
32537
8194
29032
32003
-28822
-24830
-1277
-8699
-8446
-17109
-20371
21762
-17787
6220
-31737
-2045
4612
-28163
10804
23045
-32151
-22002
-19863
26218
-18922
-21144
-21894
7550
31110
6521
131
-7806
32374
-21757
13565
-28156
32396
-17918
-25851
23817
-8958
-19177
22082
-1023
-15734
19220
-19455
-1535
-26623
-11523
-30950
7938
24170
32259
31083
-24062
10244
-12283
-8190
-20437
-5522
19202
1158
-6323
-22265
-6653
-4349
31997
3381
13829
-31386
6160
16746
-21144
-18152
18024
-16518
14718
13190
-15240
-9854
12675
-9874
-16637
13565
-22012
-24184
-20478
23557
23816
-8958
-23018
-12478
-2047
-28021
16149
-20735
-5887
-27903
-11523
794
7426
10854
-31485
-26004
-23550
11268
-9467
-7934
-6357
7279
23554
22918
27981
-11001
7428
16388
23037
14133
18181
-7834
-27888
-25238
-30616
10266
8296
-14214
3454
-8827
-6792
31106
-5758
7540
-13565
13565
-22780
-10614
-23550
-25084
-5625
-8958
8726
22593
-1791
1676
18964
-21247
-7423
-29951
-11523
20505
7938
8553
-30717
28780
-22782
22276
774
-6398
-21203
12658
-32254
-18555
-2480
-25336
22020
-17916
4349
-24778
27910
4968
17681
-20887
8553
-5348
1384
-12166
2430
6790
10617
-28542
1411
-24459
-2813
13565
-2556
24715
-24574
23044
10247
-8958
-31465
-12987
-1535
-885
21782
-21247
-8959
-31743
-11523
17946
8450
-26263
-27901
1388
-22014
-26620
-1275
-5118
8238
3955
-29438
18054
-21420
6409
-28412
3333
-7172
-19913
-30202
17763
19474
10857
26212
1057
16487
-31622
1918
-9595
-5768
-17022
-5246
-31377
15364
13821
4357
-20857
-25342
4356
22790
-8958
-31722
-19899
-1791
-16756
1048
-21247
-9727
-32511
-11523
29977
7938
-6043
-26877
31595
-20734
-15100
-20474
-2814
-7377
-11148
-20734
-12412
5207
12042
10245
-25851
-31492
9529
14855
-16283
-25837
20328
-3227
17189
-32154
18042
-4995
29573
-27016
-24446
-10622
-30092
-26108
13565
30725
-18550
-25854
-16125
26886
-8958
22551
27463
-2047
-7285
21529
-20479
-9983
-32511
-11523
19994
7682
12136
-25085
-29590
-17918
517
-5114
515
-14543
-16266
-15102
2436
25179
4363
22277
-11771
-3589
14907
29960
1894
10005
-31896
-20122
-19416
-4763
27770
-19331
22661
-26760
-21886
13443
-18061
-1532
13565
-4603
6282
-26110
-19965
-7163
-8958
23064
27466
-2559
24460
-7909
-19967
-10239
32513
-11523
14619
6914
-17561
-21245
7019
-13310
32261
2567
2563
-15054
-32649
-8702
3460
13662
-5877
-29947
29702
-21509
13628
4872
-1182
-26089
-3736
-24732
-30163
-11163
14714
-24707
19333
29560
-22910
-10622
1649
23301
13565
13830
25480
-26110
-22781
-4347
-8958
-26856
15178
-2303
27532
18717
-18943
-10239
-32767
-11523
30747
6658
-2203
-15613
7018
-10238
-18683
-28921
6659
15414
-5507
12291
-380
12895
-14579
-6138
2567
4347
-13506
-22007
18536
27417
21099
-5527
1326
24421
15994
-29315
-6268
-24968
-28798
-12414
1402
-15355
13309
15110
9102
-26366
-31997
30470
-9214
-25316
16210
-1279
-29043
-7906
-16383
-8959
-32767
-11779
-20707
7426
23916
-4349
-3988
-8446
-17659
30471
8707
-17356
-11654
9731
19076
18784
4109
27142
25095
-5126
-8898
8714
15461
29720
-13978
7781
1841
5989
7290
-31619
1669
-30344
-24702
-16254
-2444
12038
13309
9991
1675
-26110
-24317
6151
-9214
-24805
16208
-1023
-4721
13600
-18175
-9983
-32767
-11779
10525
7170
25704
-11261
28012
-2302
9478
-11257
14851
2870
6524
27651
-31869
11874
10254
14087
-9209
-29190
-11457
11274
-6813
-999
14440
-2716
28212
7781
-3207
-26499
-19580
-21128
-29054
-26494
18547
-2042
13565
32519
31881
-26366
-32509
-31738
-9214
-17381
5970
-1023
-31345
19488
-16639
-9727
32513
-11523
-20451
7682
-2202
-2557
-20884
1027
30726
-19960
22275
-3529
2686
-21245
8578
-2460
-10737
-25849
-1017
26105
-23231
32268
15976
27675
6759
-3994
12857
8805
-2439
-30851
-30588
-12424
-31870
6019
6521
-23033
13309
21000
27020
-26110
26883
-20986
-8958
11549
16724
-511
23182
2595
-13055
-9471
-32767
-11779
-26850
8706
11370
1028
26475
8963
12039
-20728
-30973
20792
31102
-2557
30593
-10136
-6384
30984
15881
-16904
-23997
-8947
-18844
26141
1126
3684
14143
613
2938
-22659
28292
-24456
20098
-17790
9330
-9208
13309
5385
-28536
-26110
28419
-5883
-9214
-5860
-6316
-1279
25486
-31963
-11519
-9471
-32511
-11523
16671
7938
-2971
8452
-28823
15107
-20217
10761
-20989
-15815
-14209
15620
-23424
-5013
-2031
-2040
-6903
9976
20037
19726
-2461
1568
27238
-1180
9798
1893
7546
-28035
10884
-30344
32386
-32638
-7055
28426
13309
-16119
-12409
-26366
23299
-10235
-8958
-6627
11862
-511
-27763
17960
-8703
-8959
-31487
-11779
12832
8962
29029
22532
5993
17155
-14841
-6391
-5117
31802
-12673
-14844
22143
-11156
10515
9994
15371
-15626
6982
20753
9063
-30945
-28827
19814
-32442
18021
14714
-28291
-12925
-29576
26754
-4478
-10637
-18422
13309
4618
-1144
-26110
12547
-32763
-8958
11037
-7339
-1791
-18805
-17881
-6143
-8447
-30463
-11779
-29921
8450
13926
19716
-19865
27139
19720
31497
260
3131
27009
-22268
5760
-27538
-29421
10
27402
4598
15687
14097
22884
20258
-20890
24933
-31925
21093
378
32381
-8317
-22664
21634
-16254
-21909
-8693
13309
-31222
-18300
-26366
11523
261
-8958
-1509
20822
-3071
17548
-20184
-5631
-8959
-31743
-11523
32287
7170
-17823
-30204
-4249
-28925
-22264
22282
14084
4668
-10623
5
-31617
-14993
-7404
-3830
-19189
-1804
-22456
-7663
-13468
-10973
-29850
5989
31568
14949
8826
-11907
-24957
-24712
28546
131
-26512
13
13053
-1270
21895
-26366
5123
12037
-9214
29468
3414
-3327
31883
5673
-1023
-8191
-29951
-11523
9248
7426
-24220
-23292
23911
-19965
6153
-2294
-27900
-16579
-30846
25861
-15490
-26509
534
-25077
16140
-23053
-3255
-1004
5990
-4060
-19355
28516
1363
-26779
9850
-9091
-22397
7801
32642
-30590
-29071
6926
13053
3852
-18041
-26110
2563
-19196
-8958
2331
-429
-3839
-22903
-2518
2818
-7167
-28927
-11779
12832
7938
-21148
-21244
4454
-5373
8714
22538
-14332
-6336
-22391
-1275
3201
-22666
15896
-2548
-21747
32498
17996
-27884
-26781
17960
23144
-26780
-9130
-22683
19066
3454
19331
30072
-24702
-13950
17261
-9201
13053
-6389
13957
-26110
3075
30468
-8958
26142
30811
-3327
31627
20781
12290
-5631
-27647
-11779
5922
7426
-11933
13573
-26519
