-20227
16167
17156
11125
24328
29304
22902
-8703
30331
-19329
6271
8589
11903
2177
-2176
7558
-13565
19650
19511
31625
-12105
-2643
-20050
-27250
4464
-14521
19342
-8566
27429
-3724
2954
18567
30920
-24481
-25789
9608
-17079
25225
9609
8713
19597
12419
-30336
17799
-11133
15999
-898
-7792
-7108
23586
-18435
2599
-20220
-4489
-23033
-29834
-16778
-8703
17787
-15745
6015
30605
-16514
22401
-9856
-3704
-17149
27331
-30921
11659
-22348
27564
-18515
21901
26990
-31673
-13171
25226
-12508
15220
1160
3719
-26422
25950
-3514
-376
9286
23176
19337
26120
5005
12675
-31104
-15225
31363
-26241
3455
-6767
15930
9763
-15619
-14554
-5373
-16012
-21241
-5258
26484
-8703
-20870
-18561
-11138
16013
-26754
14465
5249
32641
-17661
-14392
-7883
-21369
-25420
-31829
20393
28038
-24723
-7865
14215
-3446
-21979
-30608
3204
-18304
3791
13662
-25794
-3452
21062
27528
19845
12552
-18804
6019
18048
-25977
19843
23935
4479
-25974
-9671
14119
-15363
-28635
-1789
31348
17927
-19082
12659
-8703
-29062
-24705
5503
21389
21374
13953
9345
-30587
-20989
-17464
-7629
-25975
1970
-18519
-18263
-31098
-16020
70
-8825
31882
-31965
-30864
20868
-27774
7375
-1956
-17345
25223
30275
4232
-1658
-24057
31884
2435
32128
-20857
-2174
27775
16511
-3185
-6602
9767
-14595
-25051
12804
-17547
-5114
-12683
-20364
-8703
26234
-20609
4479
22157
-16770
-3712
7809
-378
-23293
26314
-205
7562
-25681
9128
29608
-22907
4204
2119
9095
12938
-11998
4975
-28286
-9600
11217
1372
23617
30087
-28095
-27257
-29817
17927
23948
5763
-30336
-17017
24707
12415
8319
28048
-15052
-30936
-13571
-23004
26627
-144
1799
-22922
-21134
-8703
-14215
-22913
1919
-25459
12926
2177
8577
8832
-24317
-31538
14641
8838
31406
14759
-1370
10882
-24982
17221
21379
-14966
24610
-28308
-1153
4735
-3373
-18342
31544
-20349
16449
-24697
6277
7
-3701
7555
29568
6536
-7294
20095
6015
-9844
-32205
7980
-13059
5668
-30461
22899
-29690
-12172
6002
-8447
-9863
-31361
21887
-25715
21630
12929
23681
20357
-26365
3023
-12752
7817
8364
3237
12708
-29572
16233
28997
22911
-24438
2592
-31894
-10116
2939
15317
-167
12090
-30586
5694
-10618
-24443
7686
-629
3203
-8832
8328
11907
26751
29567
-12141
-32720
-22228
-13315
3108
-14589
29301
-6906
31607
19319
-8959
18297
17023
6015
24973
22654
-2944
5249
134
-27901
16332
30253
-14966
23976
10403
30115
-3972
26473
-30395
-24958
-5494
3617
32107
9087
-24195
-25388
3929
-23237
-26490
28735
647
25990
17414
30091
-12158
-28800
-2425
3459
10623
8063
-28274
25902
17706
-12291
13860
19203
-9103
27911
-19592
11891
-8959
121
20863
-642
29581
-30338
9089
9601
-10879
-28157
-11822
-24277
5000
30631
-25952
-25696
17787
5992
-30397
22142
7561
26402
9833
13180
-2951
-11303
-10409
26933
-13949
2625
-27513
9349
1286
5515
-16510
-31360
15240
15747
24447
10111
27019
-19411
-26832
-12035
-14045
-29437
-13964
1799
17528
-30090
-8959
-18568
18047
-8578
30093
-31618
11393
22913
-30583
-29693
17106
27434
-13941
-22621
13470
29344
-27783
-20634
835
-19075
-14456
12576
25703
11898
121
-31014
11607
2105
9352
-5571
2438
25991
21253
-8310
-11134
25216
24968
13699
21375
30335
6802
-21462
3120
-11779
9763
21507
31092
-18938
-24713
-17804
-8959
22648
3455
5247
-17267
10110
8321
18305
23173
-29949
-8748
-728
29066
2724
-355
-30306
32628
-9370
-11708
-22918
-21110
-26079
21606
12921
5750
-4644
13398
-20683
-24187
3901
9863
-7035
6405
28298
-25214
-32128
-23672
-8062
30335
13439
-12404
11817
-18382
-11779
14371
259
2419
-29178
-26505
-32397
-8703
-4489
11647
-6786
-26739
-14211
18305
5505
-12669
-30717
21975
11559
32649
-25951
-28260
28572
5744
-924
-17340
-27017
1419
-30433
-13469
-18315
12403
-25634
-27819
-16080
-11132
-14277
-23418
12165
-9980
11146
-18302
30336
-28280
-24190
29055
14975
-29044
14375
-31435
-11779
12322
17411
-13194
9990
-16010
-30346
-8703
-22153
7807
12159
-10099
13438
18305
16769
-12407
-31229
13527
-1243
28301
10398
-23654
17052
16495
-17052
11588
-1418
8075
-23266
1891
17781
19569
16351
23636
30516
3976
-15048
12166
-18809
28932
-2935
-14974
-23680
-6264
-4478
-32641
14975
30607
-13788
28213
-11779
-21215
-4350
-17805
-1019
16247
-9612
-8959
-394
127
5247
6798
-8067
3201
31617
13700
-31485
-1062
-22749
-29814
8605
-21095
10394
-31892
-22941
-16828
18036
2956
11294
16992
26738
-656
16354
-686
-5074
-30332
-14793
29062
11909
16900
13705
-29054
-26496
8073
31618
25471
31871
-17272
12067
6970
-11779
-24544
-14590
-18830
-16379
-29322
-21645
-8959
-14986
-5250
-2178
-11379
-22403
1409
-23935
-9597
-31997
24540
13858
8330
9882
3224
-30824
-20889
-21150
5444
17009
31884
-13540
-32674
-29329
-26260
24547
31057
8236
30596
-19147
17286
-1659
-6397
6281
-30078
32128
11913
-28798
21631
-20353
-6004
-15072
572
-11779
-11744
-6910
-3979
-29947
-31370
12919
-8959
27254
-8578
-9346
-2419
-9091
10113
27521
-30330
-31997
-15651
18721
17292
11158
-32107
-3433
-27802
-24991
30276
-5265
23948
8220
-2212
-21650
-22165
5093
-16560
-19411
-28539
-4045
-635
21894
-24573
-6776
30338
17536
24713
-31358
26495
32639
22926
-23778
830
-11523
4896
-27902
21618
-29947
-17034
-23436
-8703
-3979
-15234
-4994
-8563
-26755
21889
20609
-130
-32253
18401
-9442
-23160
-31083
-27500
2197
-2720
-16289
14148
-9110
32141
-3557
-20903
-16022
30056
-12569
-7858
-29658
-23168
-19149
4742
-22397
32515
27016
27522
24704
25993
17538
-31361
-28801
21384
9501
28995
-11267
8476
29186
12655
32516
-23695
-7316
-8959
-20363
-6274
-3970
-15219
-27267
-30847
28033
-6015
-32509
-27165
12320
-14200
-14963
19856
-10349
31835
23643
-25541
-13473
-1396
-9198
15949
11100
-18593
16360
-31157
-6110
-22911
-15831
23683
-24703
-32254
9608
32386
-32384
21385
24194
-9601
25727
20108
-7653
22087
-11523
-482
-22782
12916
17157
-27017
-21641
-8703
31349
-26242
-19074
-6515
-30083
-26239
-19071
-17276
-32253
995
-7653
-23669
23951
-21104
-28269
1885
27486
32579
-9625
-17779
23835
15447
-18074
20324
10218
-12980
-16345
-7037
10800
-2939
-8571
-2046
-7033
17026
16768
-24695
19586
-11137
-13185
30606
22553
30278
-11523
25374
27138
-10385
10245
-21129
30322
-8959
-14988
27262
-18562
5774
20093
-13951
-17791
-27522
-32509
-16154
4378
23688
7565
4751
-27248
20567
-1189
-8638
22114
-28274
-7655
-32173
29795
32352
-31764
14155
-736
29056
-28114
-17787
23425
-14846
8071
8322
14208
-13175
9090
4992
-10369
31371
-16617
27469
-11523
-3811
28674
-23950
-5884
26231
-15756
-8959
23156
22654
-32130
-3699
17789
-28799
130
4996
-32509
743
-8424
15243
1417
22924
-10097
-32171
22619
26178
17761
-3699
31768
28498
-415
8287
7917
-1207
-7647
9091
-1749
-11132
-7550
-24830
-7546
642
2176
-6775
13954
-5761
5504
-7534
-23275
-4531
-11523
-17123
27906
14195
-13820
-9353
21878
-8959
4468
-27778
-12674
9614
-6788
-10111
-28799
-1405
-32509
19432
-16873
-12661
3974
-2423
24717
16210
12634
-28350
3167
22670
28440
-16816
7776
-22436
-21522
-12472
-13024
-15742
-27350
-4476
-9852
-31230
22918
14466
19072
12682
-14975
12160
-26753
8078
25620
-16560
-11267
1053
20482
-14993
-14844
-28552
-26764
-8959
-12685
8318
-24706
1166
-7556
29057
-8063
-6528
-32765
-29974
278
12426
30339
-17528
7563
-948
3672
-17599
-3495
20367
-9963
4941
29531
7001
2032
19271
8732
-10368
-5335
8069
32386
27906
18822
-12415
12160
9098
-14463
-17793
-2177
23948
5651
-14763
-11523
-229
23298
-28046
-25084
3192
13942
-8703
-19853
26750
22654
13454
-12420
30593
8322
6024
-32765
5354
-748
-1651
-23938
7045
14987
-21426
-22185
-6079
859
21134
-23788
21580
-1444
-13989
12528
-8379
-23522
-18812
9512
-892
-8315
20482
8326
1410
-21889
-29814
-21119
-8833
16256
-15982
-32495
-19628
-11523
16924
19458
22642
32004
-18825
28022
-8703
-8078
29054
32638
6286
-7556
-19071
-1151
10115
-32509
31468
-1517
15244
-13956
27524
13448
-26551
-9130
3394
-3243
3727
-2796
18505
18777
-6058
-6159
-9404
-30949
-27519
-25562
8325
15236
17922
16517
10626
-2945
-27766
-18303
1920
6784
-11892
-28144
-22182
-11523
-15333
15874
-30352
24836
-11913
25717
-8959
-27278
-4227
-31362
8590
1149
-8575
-3967
-6271
-32765
-2323
-29934
-21877
635
14466
22150
7749
30805
19521
2131
-13169
13844
-26553
-24746
-2988
-6158
-20669
27928
3713
-13020
16005
-30844
11266
15749
-21375
-4481
-15990
-14975
13952
3712
-9588
-26353
-15266
-11523
-16101
17922
629
10244
25462
24949
-8703
26226
-2947
-20354
1934
-25476
-17535
13698
-6009
-32765
20718
15634
31375
12150
-29825
23173
-29117
1108
-12224
3922
18575
-8174
-1723
-30380
-20911
-28173
-6590
32282
388
-32735
-4477
23684
5378
-11132
-24959
12416
-23414
24705
4224
25472
-26737
21262
-15009
-11267
8216
12290
-2708
-12285
-28816
-6293
-8959
11890
2174
-13954
2190
-21892
-3711
-6527
381
32259
4339
-17900
1671
-26258
-8071
-31103
19261
-26293
22831
3140
25999
9996
-1226
12356
-31417
-9227
-30147
-30957
19578
9242
-6021
-18313
-6655
31108
-23935
14208
-15478
21633
23424
8576
17796
-19698
-12945
-11523
-7142
14082
-27280
8708
-1163
-14478
-8959
-8335
-3715
-12162
-6003
31868
-3455
4738
-10622
32515
-11536
-10225
-6260
6770
-15236
-31103
-26820
-20655
321
28747
2705
-28399
-24767
24911
25677
24309
-8128
-28651
7553
22304
10629
-32638
514
18308
-27263
13952
-13942
24449
17792
6272
-8564
-20212
-26265
-11267
32538
15362
-13198
4356
-29837
23412
-8703
28785
-21635
-28290
2702
-25732
-7039
10370
-17787
32515
-13584
27151
-30066
-30353
-4742
-21374
13118
6226
4417
19531
31377
10001
11073
24911
26188
-25355
-26816
-4842
28546
23327
2694
-21115
-255
-9341
16257
-5249
907
20097
17280
25216
-13170
-2293
30567
-11267
3354
12802
28527
-253
16755
-32401
-8703
10353
-24707
-30082
3470
-28804
7042
9602
-9347
32515
-26638
-30194
10123
2671
1658
-17538
-15560
32336
-17088
5191
23442
12817
21054
-24501
28490
-14858
22079
-29422
3710
15646
-30331
23424
-2303
29315
29825
-1665
11915
19073
26752
13952
-6777
-30965
-6803
-11267
-22504
13314
1134
-8701
-30863
11630
-8703
-4752
29309
29054
4238
21628
-6783
15746
26753
32515
-27406
30990
1420
-9622
18296
-30338
31032
-2993
5953
838
3218
-4082
19516
20810
-29368
-19722
-10947
-17390
-9601
19996
-12157
19841
-3071
23171
9857
-14721
14219
-1408
12928
-30336
25742
-23030
-19347
-11267
-24808
13826
-13714
-15101
14448
14958
-8447
-27024
28285
27262
398
9596
-7551
8834
-29311
-32765
-4877
-29170
-17269
10087
30069
-30851
-29386
28750
-22977
-29885
7313
527
15162
-24248
-30651
-23049
-15044
-6126
20095
26137
27265
-32384
-4607
-9342
-2432
-5249
13451
-6016
19072
17792
-30322
3338
-2958
-11267
-7657
12290
23914
-17405
-5009
-31126
-8447
26736
32381
15486
7310
-31365
9602
-1151
-5511
32515
-6155
-22002
-24953
-1181
15474
-28297
32050
-29877
10043
-3268
25998
-22259
20022
-14013
-27837
-25608
-8390
22542
32122
-10985
-4737
-3717
-5631
-15998
4481
-22401
23691
25216
30592
6016
9353
-6647
7548
-11267
-32489
12290
-1684
-17917
15472
-19603
-8447
15728
26749
24190
10382
-133
9858
17026
21119
32515
-1291
-13810
26250
28513
-26000
-29577
13618
9290
25403
23613
-2419
-13044
-203
10051
-13246
-9480
-967
-9713
22653
7703
-2946
-27267
-6655
-28286
641
-11393
-22645
-4224
30592
29824
26256
19721
-30596
-11267
13592
11522
621
-21245
9327
-8596
-8703
-12177
17277
-30850
-12147
11900
386
2690
-11650
32515
-5130
-15602
-24694
21087
-21394
23924
7983
-28855
1852
-2247
-14195
31757
25652
-2241
10816
-26119
-18375
25871
-22404
-4075
31358
3197
-7167
5506
1921
-7041
17291
-7296
25728
16000
2699
3081
-23423
-11523
-22249
10242
32361
-21757
11631
7273
-8447
19055
-32387
21630
-1651
-11397
1410
22146
-21637
32515
26103
20493
649
31836
23661
6259
-15828
-21945
15930
-1993
-1907
-5877
11058
7743
32318
-6151
9528
-5108
-6278
5397
-14722
27515
-7679
-23679
8833
-14977
-29045
-21120
31616
-31360
7305
30216
23428
-11267
-23017
10242
-29588
-23293
26478
5740
-8703
-23953
1661
7806
-7539
12156
13954
12162
-6526
32515
11767
-27635
-30324
-10152
-8086
9586
-7381
-28857
-22470
16951
19597
-19702
-27087
21054
-29892
-3591
13368
-10738
1919
14100
2942
2943
-7935
-19327
-11904
-23937
-24437
-4224
-28800
28288
2191
3592
5763
-11267
-25321
9730
-8085
-24061
-5012
7530
-8447
2159
381
25470
1422
3964
6786
1154
-5251
32515
20472
19981
11402
-23720
15978
17520
18730
-30906
-24774
29749
-26739
-18677
-31696
-9413
-1733
-23302
22839
9741
-22661
21523
-2948
-29317
-8191
8321
-20864
-15489
-13429
-10112
29568
18048
29065
-3833
8842
-11267
-28905
8706
9322
-24061
-20883
-30103
-8447
8815
2941
23422
1934
-14469
31618
-5759
20604
32259
-29448
-5876
-2936
25687
106
-1171
-21977
25157
22074
-26574
654
-26102
-9682
9530
18489
-15622
-11466
-5621
-26246
30995
-23171
-26501
-8191
9601
-19840
-16257
-16757
-26496
-10112
9344
393
-21497
-14965
-11267
22295
8706
-2707
-26109
-15252
17260
-8703
10095
11133
15998
-6515
-17029
26754
21634
-3967
32515
-24584
-11252
-3188
2132
-11162
11630
-3801
-27067
-3527
29747
13709
31498
11054
16187
14393
-262
12598
8461
-29059
7186
28540
-28291
-8447
-1152
-9600
-28801
-10101
31104
-5248
-27520
-13429
8455
25228
-11523
22807
8450
15211
-26621
26476
-29847
-8703
6255
12157
14462
4238
-31365
13442
26242
25468
32259
13561
15884
-17271
25427
-27034
-13206
1574
12868
16441
-25040
-3187
27402
-25812
11064
24119
24571
21045
11019
32634
-26095
-32644
-24454
-8447
-16000
-14208
-25985
-7541
10112
-19328
-27008
6788
-1274
-16496
-11267
-20202
8962
21354
-26365
7021
-20119
-8447
-5522
23677
14206
-4723
-18309
2434
12930
-27780
32515
13561
-15861
-27767
29521
-22940
16234
16165
23363
7224
-24017
-7795
-15351
24107
-7881
30773
25083
-27852
-13558
30330
28433
-19844
-22150
-8447
-13440
-640
-27777
1932
17280
-30592
24704
393
-23290
-27760
-11267
23831
9986
30573
-27389
-30100
11885
-8447
22638
13437
16510
-18291
-2181
19074
9858
3455
32515
32505
4620
18315
-23217
4963
20074
-3292
20035
-28872
9776
27533
6922
25387
14391
-3275
-24325
-17612
-6645
3964
24080
6524
27771
-8447
-8321
-10624
-23937
-8821
-25216
-24192
20352
138
31494
-1134
-11267
-21482
9730
-9367
-27133
3180
-8344
-8447
28014
7805
19582
-883
-18821
3202
15234
-4234
32259
9210
21771
-5242
15695
21602
-20890
-29150
17729
24376
10796
-6003
-22519
3113
-29644
17716
-2565
2355
27401
-25482
-28656
-12677
32375
-8703
-3457
-24960
30591
14220
17024
30592
27264
-23421
18950
-26216
-11267
-6891
10754
5482
-27645
-1173
-22424
-8703
-31378
-4996
10110
-8307
24955
24194
19586
-18821
32259
-1543
-1014
25993
17996
-23456
-28058
20514
-11200
-29641
-16341
26509
10761
-10200
8244
11315
-4357
9522
-15607
30073
-13297
29563
-1416
-8703
-4737
-28032
-29569
17804
3200
-5504
-26496
-12664
-1787
6039
-11267
31510
11010
-28053
-27645
21099
5481
-8703
-24466
4477
5502
-22387
30587
19330
14722
-2692
32515
21754
-4598
18570
4427
7775
-23195
4384
-29120
-29897
-14551
20365
-12023
-18393
17715
20016
15100
-5327
4618
-2695
8975
22138
-13705
-8703
7040
-27520
-31873
-373
12928
-15744
-31104
649
-11003
-31334
-11267
-24555
11010
-31642
-26877
17516
30055
-8447
6254
-5252
29310
-16755
22395
12162
8066
15991
32259
-21254
11530
-23930
-14518
26974
-20382
27934
-17346
-13770
26919
-14451
19209
-9947
-6864
15408
27388
-31440
15880
28278
2063
-29062
-21131
-8703
-31617
-30336
-23169
10636
2176
-25472
27776
-1147
-24059
926
-11267
-6890
12034
-13718
-25341
-28051
14955
-8703
-19091
-21636
22654
-32115
14715
8322
14466
-10373
32259
-16390
5898
-24183
12871
92
-26014
12318
-12483
-23755
-4825
16780
-24568
-29659
-13776
24878
32764
13360
5897
-18056
-32498
-4488
-12426
-8447
24959
22912
-29057
16268
-2177
-21888
29312
-7540
23557
-10594
-11267
23575
12034
-10389
-24829
-30610
-27284
-8447
-23699
-13444
11134
-24179
18043
3714
22146
4736
32259
5882
10504
-24692
3147
-31393
13417
-7137
-29118
3901
1324
5011
-16118
-7896
-25549
29489
20988
-17871
-23799
14460
-2288
24703
-7555
-8959
12927
29824
32383
24716
-4481
-27008
-24704
22668
15109
9112
-11267
-28138
11266
29800
-26109
3182
-22936
-8447
22125
3453
4478
27277
8315
27266
19842
4220
32259
-28678
-7929
-31094
-10167
20062
1895
10782
-9920
-30918
-17879
-21358
31497
-18906
17457
13361
-32004
32303
13576
-31111
28943
-7299
13434
-8703
-7810
-27520
31103
21388
-22145
-10880
-18304
-2422
3845
-28516
-11267
-27882
11266
29291
-26877
30061
-14742
-8703
2157
-15492
22142
-28275
23163
21634
-19070
-32125
32259
-28422
-15097
14478
25157
29019
22118
-14052
-15553
-16838
30505
-4719
-10232
-7131
-23760
24366
-28164
14127
22793
27773
-32754
14460
-18565
-8959
32126
23936
-29313
26508
-1409
-11904
-1920
-10608
-15100
-26724
-11267
25622
10754
-25750
-27133
-7571
-6038
-8703
-3476
-6532
7294
-22643
4987
22402
10626
-2692
32259
28155
-1273
3211
12610
-13481
29024
-15846
-14788
-4554
23076
12431
16648
-6110
-17108
-983
-2052
21038
-31993
6777
8717
27259
10873
-8703
16766
-28544
31871
-14708
-23425
-9344
-32640
-9848
-21500
-13146
-11267
-5867
10498
21097
-27645
23917
28521
-8447
-31380
-26756
16766
29837
4475
-27518
19330
-16517
32259
-24325
-28153
14730
14400
-20650
-420
-18664
-16838
-5578
-20191
27791
519
-24544
29226
14377
5629
-4052
-15098
19576
4108
13947
16760
-8703
-2435
12928
-27777
30860
-22145
6017
-18304
-6520
-31484
-21847
-11267
-13802
10754
30573
-28157
10604
13163
-8447
-18836
-28292
25982
-26995
9339
15746
23682
-11648
32515
-23813
-24569
22413
7229
-20397
22365
-23272
29499
28214
27938
-25458
-29945
-9184
-18902
7721
11005
-11988
-26361
10875
-23541
20346
-19590
-8703
-4483
4480
-14977
-16756
-21889
-17536
-29056
13451
24836
-17495
-11267
22550
10498
-14743
-28157
17772
-17559
-8703
2412
-31364
20094
29069
-4998
130
-21886
-2950
32515
6140
9479
28042
29500
-11950
30809
28182
-28615
-15563
11551
18831
-21241
-16354
-16345
-31707
24829
-7893
4870
-23177
-2038
10362
376
-8703
9597
4480
-21889
-9588
20351
-28288
-13440
643
19972
-22095
-11267
11542
10754
-2712
-28925
-26518
18279
-8447
-3477
-26244
-4995
29837
1147
14722
32386
-22406
32259
7676
-3066
14986
-11720
-8113
16216
-27115
2105
31285
5662
-22386
28678
8733
-31451
22053
26109
-6102
-5115
28023
267
-3975
-20105
-8703
7805
16768
19839
-17524
29055
-11136
-640
-9082
12292
7858
-11267
16918
11010
-17814
-29181
-20629
14955
-8447
-21909
-27780
25470
29325
-6790
4482
31106
-9092
32259
18172
-9722
24971
15670
23117
-20649
-20716
4152
20790
-16099
18062
4615
-22244
1317
4900
-32259
22570
8966
-1673
7178
-12167
5753
-8703
-12932
2176
-24449
3981
-30849
-17024
-9600
-633
4100
-27211
-11523
26649
11266
1644
-23549
17778
-11152
-8959
13931
16252
16766
16013
-3206
23938
-26238
-16009
32259
17148
-12795
14730
-27591
-32432
-15531
-24301
30266
828
20511
30097
9738
-2273
-28632
-32219
-28163
-2517
-24827
6774
21517
-28035
12410
-8959
14716
-13953
-28033
4749
28543
-640
8577
-32126
260
-20811
-11523
1560
11266
14186
-26109
-21650
-16790
-8703
-6294
14460
11134
17037
-13190
22402
-25726
-5765
32003
26364
-7931
17291
23349
27724
-15786
-14062
-22728
14393
16925
-8561
-28409
25628
-7645
-29918
-25603
-14551
-30971
2423
5387
32379
-1416
-8703
-12165
-20097
22399
7565
16511
-3200
1921
-7289
-7677
-1864
-11523
18968
11266
15468
-25853
3185
19567
-8703
-6550
19580
14718
21645
-18310
25218
-28286
25213
32259
32252
30213
-21108
27699
15947
-1195
3602
-5833
5690
-23524
22416
4616
4892
26915
-29150
-21763
27177
-32251
-14217
8971
-24453
29562
-8703
-27525
-7553
28287
19597
13183
-2176
1665
-7545
-12285
-24645
-11523
-13288
11010
19304
-25085
-14223
-12180
-8703
22891
12412
12414
-13172
-26246
16770
-20606
-28553
32003
-24580
15877
-22647
24371
3147
32594
15888
-16842
22330
-21990
-8816
-4089
12570
23841
-9185
-18947
-5336
-26876
-14732
-3830
-11653
-6026
-8959
15995
-21889
29567
4237
-15746
-7040
12417
-31868
-15357
-15425
-11523
12569
11266
-1173
-25341
14962
-10641
-8703
20587
7548
-7555
-7796
-21638
-31358
-30078
-21123
32259
-28676
-5884
9613
11568
-23225
-31405
21264
16438
-15047
10523
-11120
-2810
-3559
-7903
15392
-19203
21288
5637
17784
21258
-13445
-4231
-8959
1403
-32641
895
2701
-3202
13697
1409
24460
-20733
-26947
-11523
27162
11266
-7572
-25597
369
30062
-8703
-8085
21884
11646
-19572
31610
24194
-30590
6525
32003
-17412
6661
-19572
23088
-9657
-28079
21775
2358
28219
-29158
16785
-6649
6682
25632
27166
-16131
-17368
-4092
-12425
-13303
-27781
-29063
-8959
-22406
-32129
18047
8333
-27010
5249
7297
-17274
-20989
-30525
-11523
25370
9730
17257
-25085
-13200
12140
-8703
-4245
15484
6782
18572
-13958
21634
-21886
3962
32003
-11780
-14844
139
-30929
-2490
12624
-14578
1333
-1222
-18151
7825
-30712
-7400
13600
-4321
-14595
-11225
24836
-139
-17911
21627
7032
-8703
28282
30847
11391
-9588
-17538
7553
11393
-10364
-22525
24007
-11267
-7660
8706
-920
-29949
-31895
24936
-8447
-149
23164
17534
29580
-7558
32386
-894
-16512
32003
-14084
12548
6542
5927
-3777
-32179
-11252
11826
-12745
-19691
18578
26884
-21228
14618
13849
-14851
18211
12548
19065
12039
-24713
-1160
-8703
-10887
18815
13695
3981
-16258
12673
21121
13964
-27389
17861
-11267
-14072
7170
-3986
30979
4715
-16277
-8447
-7317
21372
13182
13196
-27526
-12414
20611
8320
32003
-13316
22787
7568
-27368
7984
-7620
8200
-10200
-6101
14609
-30825
32257
12555
-7921
16143
-13571
-7657
10243
28282
-30716
27258
-1159
-8959
5497
26495
8831
-5492
5246
22145
-20607
-18555
-30205
-5948
-11011
-24311
7170
-13199
29443
7281
14960
-8703
-3733
29820
1406
31116
-28294
-26494
9603
25983
32003
-12292
18947
29842
17426
22825
2103
8455
4640
294
-18929
3992
24065
-9464
15117
25101
-13059
-8427
-9214
-17285
772
-30082
27261
-8959
-7304
18047
-9090
20365
9854
17025
31361
5765
-30973
-15420
-11267
2060
7682
-3207
29699
-4234
-17030
-8959
-12949
23164
24702
7564
-4998
32386
-10622
-23417
32003
-10500
17923
-15207
783
-11996
16181
-23802
-27873
-5847
-15856
27802
23297
5641
2318
28173
-12291
-5354
771
-7039
-7421
20354
18053
-8959
-25992
11647
12927
21901
15486
5505
17025
23432
-31229
-17211
-11011
7434
7938
24182
27907
-13453
-12173
-8447
30827
20092
16766
4492
-13702
-2174
9347
-9599
32003
-3076
17667
663
2828
-11743
6960
-15355
6934
-18913
24333
11931
23041
20998
4618
-16630
-11779
-2798
-28414
-7555
-27901
-28544
21888
-8959
-6281
2943
7807
7821
6014
20609
-30591
22400
-31485
-8758
-11267
15115
8450
-14476
27139
28019
30834
-8447
-2453
2940
15998
-1909
25210
-18558
-2430
5763
32259
509
17667
29592
18699
-18400
-18386
30981
22037
1056
-20980
-10342
23297
-763
-24055
16138
-11523
-4334
-28926
-7043
-29693
-6785
-30594
-8703
888
-11394
6783
20621
-12163
30337
-32639
-32635
-31485
10446
-11267
-21748
8706
6519
25859
-12943
32627
-8191
-16533
-645
16254
-8053
18298
-13182
1155
30597
32259
4349
17667
27290
-15351
-7140
23084
7429
16148
3103
-28149
-9320
23297
28421
-10744
28681
-11267
-7662
-29694
-20610
-32765
13694
-19331
-8703
32375
-11650
6783
-31859
-18307
32385
32385
-4220
-31485
-16940
-11267
7181
8450
-5774
25091
25969
-28560
-7679
-30101
-4485
7038
-3189
22906
-22910
-12414
22141
32259
6653
17667
21654
1289
-4325
-17369
-23292
-12271
9501
-3831
-17511
23041
-13052
-8441
-30712
-11267
-19439
23042
-12935
30979
-14466
8316
-8703
4983
-12930
-5762
-23923
-25475
18049
20097
23678
-31741
-28967
-11267
10509
8706
-23693
24323
-399
-23439
-6911
23915
892
-9347
-28789
15738
3459
11139
8579
32259
6909
17411
-14183
4616
31769
-12251
27140
-496
-17891
21257
-21607
23041
23556
20487
-30201
-11267
-8688
23554
3709
29699
23678
29309
-8703
-19850
-18306
-28034
27021
-32131
-12415
-20351
-7549
-31741
24282
-11267
-17139
8706
-25484
23555
7025
-19343
-5887
17515
-3205
17278
24715
7802
-14462
24451
-31612
32259
7677
17667
23962
17415
21271
9508
9476
22032
29
-23544
1434
23297
2820
-21242
4103
-11267
3600
22018
21885
28675
2686
12413
-8703
23926
-25986
3967
23693
28285
-27263
-3455
-27005
-31741
14557
-11267
27664
8450
-24216
26115
-18070
-13465
-5631
-16790
-7813
2174
21899
6778
-17790
-3710
30840
31747
9213
18179
32399
-9718
-21220
-6621
12292
-1513
-9690
-25337
-2924
-31487
5637
-19449
27911
-11267
24083
18434
-23181
-30717
-10890
9332
-8703
-8587
-32642
-9602
-30323
27261
-23935
-27519
25983
-32253
-796
-11523
24603
9218
19558
-22269
29543
-3228
-6143
-13206
2428
-1923
12427
-1159
-12414
-4222
-3464
32259
9469
-31997
30604
14097
-14044
-29906
10245
21540
15156
19209
3982
32259
-27640
12556
-16885
-11523
7709
31746
29553
8708
7026
6768
-8447
-16523
-18306
-3202
29069
22141
-18303
-8575
-19834
-31997
-23320
-11779
-26851
8962
22887
-13053
-5017
-923
-5119
-29590
-13701
-6019
-28278
-11911
-30846
30594
4472
32259
10237
-28669
14988
-1776
-5596
-20692
-13308
-4061
18230
21512
-22899
3844
14600
-17909
25867
-11523
5662
25858
-8592
13060
4721
-28049
-8447
22645
-32386
-18050
6541
8317
27265
23169
1409
-32253
-25365
-11779
1822
8450
12903
4
-15764
23145
-8191
-30870
-25477
126
-17270
15737
24962
-22910
119
32003
9725
27395
27276
-29680
-31453
28202
-30204
26405
-16584
-17656
-369
-10749
-1016
8717
-29685
-11523
-1763
22530
15985
26884
-7565
22897
-8703
9077
20862
-16002
32653
-30340
32129
-31615
-25728
-32253
18922
-11523
-25570
8962
10856
260
-22679
-7833
-767
-17814
26491
-10115
31882
-11399
30850
-6526
-2948
32003
10493
31491
29838
-26098
9505
-15573
29956
-10974
-20427
-5881
30860
24068
-24825
-5878
-26358
-11523
29213
24834
-6030
4612
-12945
-10129
-8703
16501
8574
-30850
9613
-2948
-26239
-13695
-8572
-32253
-13587
-11779
-481
8450
-1944
3332
-19861
-17559
1026
-2455
30843
2942
25226
-12935
22658
-126
-21129
32259
11005
28675
-12148
11022
3872
-32216
8964
-1759
-7627
-506
21388
-14844
-9978
-3063
15625
-11523
14109
18434
-12945
3076
8305
21615
-8703
15220
5502
-8834
13965
-11652
26753
-5247
6014
-32253
-23568
-11779
-5089
8450
19815
11268
-8341
10089
5378
-16279
-13445
12670
11402
-9095
28802
-2942
-31370
32003
11261
26115
-2677
9741
6687
7719
-1277
27937
-32203
-31482
-3701
-25084
29446
27913
-21240
-11523
29724
15874
-7570
-765
882
11376
-8703
-7053
16254
-9602
21389
-4484
-31103
-3199
18302
-32509
32753
-11779
25121
9474
-661
16388
-16021
-18581
9730
-13719
24955
17790
4746
-12935
28034
-7038
-16516
32259
11005
25091
17552
17932
20509
20519
-11005
-32479
-1482
24582
32396
5637
23046
-1528
32264
-11523
9501
18178
24690
-8957
14706
7794
-8703
-28813
-3715
-4994
10637
-22916
32641
-2943
-18304
-32253
24306
-11779
3362
9730
-1176
21252
15724
2921
11266
-26263
19579
9342
650
-18567
-31102
-3198
-16520
32003
11005
21251
13710
-12788
-16098
-2778
-23293
-4318
-23238
1798
-3441
-18171
18950
26888
-19705
-11523
20765
14850
10608
2052
30580
6001
-8703
12147
-8579
-6530
17549
-26756
-20351
6274
-10118
-32509
-31245
-11779
-19423
10242
-16280
-22268
-9619
-27797
17410
-26263
22395
-15747
-7031
24953
-32126
-9086
13945
32003
10749
19715
8590
6668
-15587
-14296
-22013
-19422
14138
30214
17552
-12027
12806
-29432
9224
-11523
-26084
15618
30832
260
-10380
24178
-8703
10611
-11907
29310
15501
29308
-24191
-12159
-11648
-32509
-19470
-11779
27426
12034
-21397
-18428
-6036
-23955
23042
362
19835
-16259
-22135
-23943
14722
-382
-9093
32003
10749
19203
-17777
5899
30748
8488
-26877
2082
14395
26886
-3185
8454
8710
26632
13576
-11523
-8932
15874
-9615
-5117
-25229
3187
-8703
8563
-14211
25982
23949
17532
21377
2178
22402
-32765
-29709
-12035
-27614
11266
-2457
-9212
-5268
7274
31234
-664
16251
-28035
-1399
30329
-24446
-2174
-9869
32003
11005
18947
-9333
-19702
-26341
-28125
26371
6177
19003
14341
-9072
18182
12805
-3066
-26618
-11523
-6629
13058
-7060
-7165
31860
-25745
-8703
20594
-22147
21374
31117
12668
-7807
4482
6780
-32765
13045
-11779
-20446
12034
-9624
7685
8046
24171
-28414
14441
-31877
-14979
20361
25977
-29566
-10622
-28295
32003
10749
18435
-30578
-22519
-19175
-17373
22019
4129
5434
11013
-29808
6150
-5628
1543
-29434
-11523
-23781
13570
16752
-12797
-10381
-11664
-8703
19570
-10115
24958
-2420
17532
-16511
-4991
-4991
-32765
9461
-11779
-32737
10754
4707
16900
-24478
-1443
28162
19305
-3206
-19331
24713
-24711
-26238
-10622
2424
32003
11261
22787
17548
6664
-12011
-29919
11523
-25827
22836
-3837
2961
-11772
31235
-30716
-20220
-11523
22809
12290
-29074
-27645
-32144
-915
-8959
15474
22141
22654
5517
16508
-13183
130
23168
32515
-22794
-11779
-27613
12546
14693
30213
25198
-3991
-7422
12393
11643
-3715
23177
20601
24706
14979
-19340
32003
11773
18435
28043
-22776
-30185
3360
11779
-21473
-31941
29700
-17776
-10490
12804
-12283
-28155
-11523
17947
12034
24429
-14845
4468
-17809
-8959
-4495
25725
-30594
3725
-1413
-18303
25474
26238
-32765
13303
-12035
-25564
13058
20841
12549
-30354
-1173
1539
-13720
12411
-20355
16777
23161
-29822
2691
-14982
32259
12029
18179
12687
5384
17430
-9439
9219
26144
2109
-31996
-3696
-8442
19716
-4091
17925
-11523
17179
12802
-1424
-16381
31604
-13198
-8703
-25487
-28803
27262
8077
6780
-13695
16514
2950
-32765
-6410
-12035
-11228
13570
9834
12037
-28307
32362
14851
-8344
-1670
-14979
2441
10873
27778
-14206
-20614
32003
12285
18691
-24945
-20217
-5099
8225
5635
-1761
29501
23300
21137
23815
7684
-19451
19205
-11523
21531
11266
-20880
-18429
23924
-19855
-8703
23665
11901
17790
3981
-26245
-11903
6274
-21120
-32765
1016
-11779
23332
11266
-18330
21765
-1428
12136
-31485
-23192
2939
382
3721
23673
29314
16259
-29064
32003
12541
19203
6798
519
4628
-26082
-510
32542
23612
-18941
16786
-2554
-27645
1285
21508
-11267
26137
10754
31087
-23037
-14988
-7056
-8703
881
23933
-30082
7821
-6277
-24447
20610
-7809
-32765
-23304
-11779
-20446
13826
-6040
4101
3946
-15513
-18429
-18584
-3974
-24707
137
-30855
-17534
27011
-19328
32003
12797
19203
24210
6
-16623
-29410
-1790
21790
-15300
-24573
-23150
-16890
18691
-29692
9220
-11523
16152
10754
-29069
-27645
8308
31348
-8703
-14224
15485
16254
5261
-645
6530
-24446
-29819
32515
-18696
-12035
2341
16130
-3225
30725
18282
2920
-253
15464
-10886
-3971
-25208
23929
-7550
20099
-15750
32259
13053
21251
17039
24582
-7150
21790
-2814
26655
-8899
-24829
-3182
12552
26371
-9724
-31228
-11523
1562
10242
4976
-25597
4725
-29326
-8703
-4241
1917
-26498
-10612
-20869
14466
-31614
-23681
-32765
-25351
-12035
5670
16386
31334
-1531
11115
-24472
23300
20584
-8326
-8323
-29048
26489
-18814
-8062
8825
32003
13053
23299
31886
29446
-5614
-24035
-3838
-16609
7231
26627
-14958
-12536
19715
-30972
-6141
-11523
11034
10242
-15249
-23293
-12939
17523
-8959
-2449
-388
27774
-17268
-14725
130
11138
15744
32515
-7943
-12035
15910
20482
-17559
16390
-10649
-8857
-18172
25960
-24454
6526
10376
13433
-18046
9603
3965
32003
13053
24835
25488
-14843
-13295
2078
-3838
-31969
1345
-31485
-13166
3081
21507
25092
11524
-11523
15642
10498
20849
-27901
-24462
-16270
-8703
-20369
-18820
-29570
-31092
30587
14210
-24446
-8573
-32765
2298
-12035
-23259
22274
-5019
13574
-9369
-20123
5893
20584
6779
894
19848
11897
-4734
6531
-30858
32259
13053
24323
-10356
29445
20240
-9192
-6398
5405
-30402
-1278
27794
-19704
-15102
-17917
16131
-11267
-26088
9986
1645
-30461
15216
-1428
-8703
18799
6269
25982
-20340
15483
25474
22146
-14213
32515
-13574
-12035
-27867
24066
-28059
8198
-13465
-24475
-26619
-31640
-19846
-22147
12424
23161
131
8579
-1418
32259
13053
24579
-11380
24068
-6388
2583
-8446
-6888
-25290
32514
22930
-30456
3586
-29694
-30718
-11523
-26345
9986
4205
32003
24431
-1172
-8703
-32401
-14724
12158
-15732
-32133
31106
-31614
22909
32259
-9477
-12035
-12762
-29182
20072
-27642
8808
23656
-12283
-22424
8315
-14979
24968
22137
-11134
13955
19321
32259
12797
27139
19342
-26364
-2803
-15594
-7934
-11493
-28098
-10750
-15215
5385
-29950
23555
-7678
-11267
32024
10754
29550
-31229
-15505
-11154
-8703
27759
-1156
13950
-11380
25211
23170
-30590
20610
32515
5883
-12035
-12505
-31486
29284
-7162
10087
-27036
1031
18280
-9862
-4739
7560
20857
-23166
8323
18288
32259
13053
30723
31625
-31484
-20979
-3309
-8190
-20967
19773
-25342
-880
15114
22274
-1534
-25598
-11267
-7913
10242
-3736
-31997
-30866
26473
-8447
-12434
-24708
14206
-27508
20603
6018
29826
-29317
32515
-22021
-12035
22824
-29182
24165
17415
-3993
2406
-30713
-16024
-6534
-8067
-11641
14969
-24702
10627
25973
32259
12797
31491
7052
13316
-32244
2580
-8190
-2023
-26563
-25854
7056
14346
22274
-5374
-28414
-11267
6680
9218
15980
31747
-12179
-27797
-8447
879
-21124
14462
28812
12667
5506
-24702
23168
32515
-22277
-12035
-6615
-16382
615
-30713
14952
31591
-21753
-30616
4219
-4995
-13945
-648
-10878
-1150
-27530
32003
13053
-28413
-27508
-1533
3340
32531
-8702
-24551
-11969
32002
30095
9483
17666
-2558
-20990
-11523
-24040
7938
26220
32003
14446
14701
-8703
29550
-10628
15230
31116
-13446
24706
31106
-16769
32259
1276
-12035
9258
-17662
19298
5896
104
8547
-30200
-25752
-9094
-6275
-20857
-11912
-15742
9347
-30095
32259
13309
-25341
24457
-7933
17931
5905
-8958
8473
16446
21250
20111
3340
6146
-22014
19970
-11267
-31976
7426
-32663
32003
30830
21866
-8447
25966
-29572
13694
26508
-20358
18562
-25726
-25988
32259
19452
-12291
32299
-10750
32357
-32248
-27289
-24987
-32503
21352
-9350
-11907
24711
-2696
30338
6787
-1930
32259
13309
-21245
11916
-24061
12810
-28655
-8958
-20711
-17346
20994
27022
-23284
3842
-22782
11010
-11523
281
7170
21612
32003
-8083
7532
-8447
-3731
-31364
11646
8076
-18566
10370
-21886
13700
32259
23292
-12291
-11220
3331
14694
24841
-17049
14694
-13046
-9112
-5254
-3715
-8058
12665
-28030
9091
-30347
32515
13565
-13821
29323
32003
-23287
-15856
-8958
-30183
16447
16898
12174
-8947
514
-27390
18690
-11523
15129
6914
23147
31491
-24211
3179
-8447
622
31868
18558
-12917
-3718
17538
-21630
-6531
32515
-24068
-12291
20269
-3838
-31645
-25847
-20121
-13725
-6389
30312
2171
-2179
-17529
10105
-12926
5251
11635
-32765
13565
-7165
22410
17923
-3832
8718
-8958
5400
-26050
9730
16782
-31475
-8703
18690
-255
-11523
-8168
6658
8298
31235
7789
-30359
-8703
22637
-28804
22398
-25204
-13702
32386
-21374
-13445
32259
-14084
-12803
-27090
19715
-30874
16138
-6554
-16283
16653
-7320
-902
-6275
-20346
18809
-29566
-3454
-23430
-32253
13565
-1021
-4979
5635
-13561
-499
-8958
-11496
8768
7426
-28019
26894
-10751
18690
-12543
-11523
-28647
7426
15726
31235
-31636
-29331
-8703
28269
28540
9598
-17269
-13702
21890
-30590
-16512
32259
-6660
-14083
2864
-27645
13925
-28406
-14235
-10909
-21490
-10648
-3206
-15491
6535
19833
-30334
2947
9332
-30461
13565
13060
-27254
3
28935
3340
-8958
5400
-29120
3842
8589
26896
-14847
10498
-13823
-11523
-5863
7682
14186
31491
-11413
1385
-8447
7277
22140
-387
16268
-29318
19074
-21374
7802
32515
3837
-14851
-25552
-22781
-4509
26123
10342
-23709
-10992
-15768
-4230
894
-24442
17273
-19070
-26494
8307
-28413
13821
21252
-16759
-5886
-2042
-17141
-8958
4889
-5312
4098
-13684
11025
-15871
8194
-15871
-11523
-23783
8450
22377
-32253
21868
-3735
-8447
-24980
13948
9342
-6517
-21382
27266
23682
-10886
32515
5885
-19971
-8399
23300
-19097
28684
21093
-23961
-27373
-19864
23418
-21635
-9594
22649
28034
-7806
10871
-26109
13565
-16892
18572
-13054
19974
-7670
-8958
15129
-9662
3074
-22645
12563
-17407
3586
-22783
-11523
-2279
8706
26731
32003
-9110
19050
-8447
30060
-24709
-6275
-3701
29050
25474
-24702
-10628
32515
8445
-24579
-20942
-22268
11876
-7667
-13979
15973
17685
-9624
-11142
-2947
-18810
12153
-19582
-5758
22641
-21245
13821
-8444
4745
-15870
12550
18953
-8958
-23785
28738
1026
-31092
-17901
-19711
-1279
-25855
-11523
20762
8194
-30617
-32509
9066
-27801
-8447
-2965
-2437
2942
-1909
12666
-32126
-24702
-23180
32515
10749
-29443
-31949
-1532
21348
-7154
30054
-23196
-3561
-28568
-11142
-17027
23942
22393
-10110
-9598
30833
-14845
13565
-6908
28552
-20222
7685
17928
-8958
-31978
-28094
2
13963
-8685
-20735
-5887
-29695
-11523
22553
8450
-30617
32515
1129
5223
-8447
-14485
2940
-9859
-27765
30074
-21630
-22398
29305
32259
10749
22525
-23500
3078
-14745
3344
25959
-19098
-9958
-18072
-2438
-12419
-32122
-1928
-23934
11139
-9357
-9725
13565
-6652
9098
-23038
-22012
-5625
-8958
29973
10051
-255
-9078
2581
-20991
-6143
-29439
-11523
-18408
8194
1384
-31741
32615
13926
-8447
-32149
3452
-3971
-9333
-1415
-32382
-126
11130
32259
11517
14333
-5323
3846
3940
23825
-17305
6758
-30691
-6552
-25734
-899
-2171
5753
-15742
-382
-20373
1796
13821
5637
-22395
-23806
-28668
-12794
-8958
-13803
-21437
-1279
14987
21014
-20991
-8191
-31487
-11523
5401
7682
-26781
-29949
-11672
-17308
-8191
-30869
-28805
894
21131
122
-18046
-638
1141
32259
12029
2045
23863
28934
-11163
-26606
12136
-5531
19232
-12440
-7302
2686
-22907
16761
-28542
3715
30065
13828
13565
23557
20872
-24830
14852
-6394
-8958
19478
21316
-1279
29578
3607
-20735
-7935
-31999
-11523
-4583
7938
-922
-27901
-7577
-32667
-7935
15467
-9861
4222
10891
8314
-30846
-8062
5754
32515
12029
-25348
-31175
-23801
19559
10260
-3993
-3737
19491
-11416
-11910
8062
30597
12665
-18558
13955
-31886
26884
13565
-16379
-5752
-25342
4100
29446
-8958
-28650
-11963
-1791
3722
20249
-20223
-8703
-32255
-11523
-29926
7426
9831
-24573
25959
-32155
-7423
-7062
-23685
1662
-1654
1658
-19070
-1150
5241
32259
12285
26876
-25030
-25593
-1694
14869
18537
-25755
-19674
15465
-11398
17790
29573
2425
-15230
-6526
-29075
-21756
13821
-5883
-12155
-25854
-2813
11270
-8958
-2283
-14011
-2047
-3191
14105
-19967
-9215
-32511
-11523
-5606
6658
-21916
-21245
-24728
-31388
-6399
-7574
-21381
16766
-374
-6023
-16766
-10110
3446
32259
12541
508
9276
26632
28774
-5098
-2456
-22681
-22743
17001
-17286
-7555
9861
-28551
-19070
899
-11149
-1532
13565
16646
15753
-25854
-18173
18694
-8958
21270
-9146
-1535
13449
-3302
-19199
-8703
-32511
-11523
-24805
7426
-18329
-17405
11879
9317
-4863
-4758
-23685
-9091
-19062
17018
-13950
2179
-13699
32259
12541
-30469
-16323
-21239
3175
-32232
19049
-665
9005
27497
-2694
-5251
-5756
31353
-20350
-8318
-6543
22277
13565
-18170
-23160
-25854
-21245
-12027
-8958
23831
22600
-511
1161
20509
-17151
-8447
-32511
-11523
15900
7938
-28826
-10493
-17561
32613
-2559
-20374
-19333
-4739
-20086
6266
-20606
-8574
-27785
32515
12541
14843
14911
29449
23397
2330
27754
18791
-30159
32617
-4742
-4995
-5756
21625
-20094
-10878
-26256
-7675
13565
-9466
30855
-26110
-29949
-22011
-8958
-26857
-12727
-767
29065
1566
-16383
-8703
-32255
-11779
5149
7682
15974
-5117
-19607
15207
1026
29290
-30597
-2435
-30326
-4487
-22910
-11134
14710
32259
12797
25082
-960
11787
-8600
-9702
-21143
-32408
18484
-25239
-2438
16254
-10876
-27783
2947
-126
30072
20230
13309
29959
9356
-26110
25603
-23035
-8958
-8168
12107
-767
-20344
8991
-13567
-8191
-32255
-11779
542
8194
30570
-2813
10857
31593
4098
27242
-27269
11902
-31862
-903
899
-1918
-12166
32259
12541
-28167
-14014
-25844
9832
-26084
32106
-6808
3896
31081
1147
13694
-29820
15993
-19582
4739
6515
-10746
13309
-1017
-23927
-26110
26371
12805
-8958
-29927
13645
-767
-11383
2082
-11519
-8447
-31999
-11779
-4066
8194
-31385
4356
6506
7783
8962
-1431
-25989
7294
25738
-26247
-7294
8067
-11148
32259
12797
14073
-28861
26892
13927
-22243
-663
7271
23867
-29847
-11398
-5507
7300
-28807
-22398
-9342
19570
26375
13309
22792
-9080
-26110
20483
16133
-8958
17946
23118
-767
26250
-31198
-10495
-8191
-31743
-11779
21279
8706
30311
7172
9322
7783
14594
-5271
15483
-19587
1674
-14215
-11902
11139
-27530
32515
12541
14584
1349
1295
22123
-29153
6762
32619
-8898
-7575
-5510
17534
9092
-10631
-11390
-2942
11383
6408
13309
-13304
24971
-26110
15107
8965
-8958
28443
-10928
-1023
2954
22052
-5375
-7167
-29183
-11779
25120
10242
-31383
17412
362
26730
21506
-2455
18555
11134
138
634
-1662
6275
-21896
32259
12541
24567
-25786
-20977
5224
-6368
17514
12392
7746
-20631
-13446
6270
-9341
23417
-14462
-16254
25457
-8440
13309
26121
-10617
-26366
14595
-4348
-8958
-11238
3665
-1535
-31094
-23771
-3839
-7935
-31231
-11779
-18656
9474
870
22788
-5527
-32154
28930
-31639
7035
-899
-12151
29561
-8574
-6270
8049
32259
12797
-31498
3656
12304
4712
24867
-16022
9577
12360
-13207
5243
18558
-22653
29305
29826
-14974
2419
-5367
13309
-2039
3976
-26366
12803
-3836
-9214
-5349
-14510
-1791
29834
16935
-511
-6911
-29183
-11779
-31455
9474
13159
-25084
17770
-30873
-20222
28777
30331
2686
-18039
-24455
-20094
5251
4983
32259
12541
-780
-27575
4627
25450
25636
32362
-21398
14410
4202
635
-9347
-17277
-18055
-29054
6275
6517
27914
12797
-29430
-11639
-26366
8451
-1788
-9214
27932
-20396
-1791
-1655
21544
5634
-6143
-27647
-11779
-31966
10754
616
-22268
-9623
-16281
-13566
-26775
17787
-18819
-24951
-12935
-12414
16515
-13193
32259
12541
29172
18250
-24302
-2970
-2779
2155
-5272
1869
13162
-18054
9086
27523
-31879
28034
-15486
5485
14859
13309
-5622
16261
-26110
7939
-26620
-8958
-19940
-9899
-2303
-15990
31274
6658
-5375
-25855
-11779
27938
9730
-21661
-7932
1899
26726
-3070
26985
7803
-2435
29065
-32647
-17022
-6270
-5518
32259
12797
8947
-18357
-21997
-16792
23080
-13205
24170
-13230
-1175
1403
-1923
9091
21369
14722
-15230
10867
19980
13053
-25845
26504
-26110
6915
-7676
-8958
1822
9815
-1023
-8054
-19413
13570
-4095
-25087
-11779
-2526
11778
25191
4869
-18582
16744
18947
17001
19067
-5507
21641
13177
-31614
5763
9337
32259
12797
17137
-26291
-17386
-2967
-9431
25451
-15254
1111
-9366
-6022
24190
-13950
-17543
28546
-29310
16756
17421
12797
31244
30856
-26110
5635
-8700
-8958
26654
19800
-1535
-23414
-29139
18178
-3071
-22527
-11779
23332
13826
-13977
22021
-23958
-8856
-26621
-9879
1915
3198
-6520
-24967
-10366
643
-7561
32515
13053
-18192
29774
27669
-11419
19243
-30357
-2457
4699
27754
18555
25982
-12670
32633
6786
-23678
-24721
-28146
12797
-16116
8838
-26366
5635
-11260
-9214
21535
-9128
-2303
9611
-6611
19202
-3071
-22271
-12035
14628
11266
12901
28421
-19351
-1179
-5885
9577
16763
-1667
-10360
28537
-32126
-1406
-31627
32003
13053
14319
12111
20248
28010
-2515
26989
24940
11870
-25750
379
12158
-25214
-26247
7810
-4990
23413
31247
12797
7949
3721
-26366
6403
7941
-9214
15392
2395
-2303
-9334
26159
31490
514
-17663
-11779
14117
16898
3177
-16635
-20630
-25495
12292
13417
14715
-10627
-10872
32121
-26238
21635
-19587
32259
13053
-14099
-9136
-25574
-7830
27951
-32403
-2708
-15008
-18582
-390
9086
-21630
-19335
20866
-17790
-3213
22032
12797
-23283
25224
-26110
5891
-6908
-8958
-29664
-8100
-2815
2955
-2768
-26366
2818
-14847
-12035
-6107
19202
-7577
-1275
-1430
-408
28420
18281
3707
-1923
-14456
24697
-26750
4483
3192
32259
13309
13040
12112
31255
13414
2605
14440
2148
-1186
-14742
20091
31358
16258
-9863
30082
-21886
13424
-2799
12797
-30962
32389
-26110
6403
3077
-8958
-7395
23896
-3071
-3191
-4562
31746
258
-17663
-11779
-12252
16386
21605
-15611
2664
-17820
19716
4713
21371
7806
-30072
-30087
-14718
1411
31095
32259
13309
5870
21073
-7911
19817
31788
2151
15718
17250
21611
21115
20606
9858
-5511
24962
-15998
28023
2067
12541
1296
28809
-26110
2563
-9724
-8958
-10978
-9896
-2559
16264
25647
-24062
4866
-6911
-12035
-24795
20482
-32407
-21499
103
-30873
-25596
18537
16763
-1667
-31608
-31367
-15230
12931
26234
32259
13309
-24852
-31662
4892
-7833
-13010
16743
-3739
-4250
-7318
11899
11902
-7039
-28295
16002
-14718
-24975
-23276
12541
-31472
13702
-26110
3843
-25084
-8958
19487
25945
-2815
14216
-4558
-22782
3586
-16383
-11779
-11483
22018
15462
1286
26727
-15004
7173
-8600
13435
-6531
13704
15225
-23422
14723
30836
32515
13309
-32021
-31405
-22757
22374
4144
-14234
32100
28523
-12438
22395
17278
9090
-8839
-32126
24194
-22673
8470
12541
-32751
-13436
-26110
3331
-31740
-8958
25375
-26535
-2815
-10873
-11470
-16894
3842
-12543
-12035
-27610
23554
2917
12294
17767
-26524
-23803
-23704
15995
-4483
32648
24697
-13438
-5758
-21643
32259
13309
-16920
9813
-1248
-12182
-14031
25958
-31640
23663
22123
-2438
14462
2434
-6023
17538
-29310
15220
-24553
12285
1299
23431
-26110
3587
-26108
-8958
-1760
-32165
-2815
-9594
-24778
-3326
9474
-9471
-12035
-20953
-28670
-27545
22022
-23706
6758
9222
-6808
-8838
-1923
-31864
24441
-12670
-1662
-20873
32259
13309
22247
6998
3617
-27033
19251
-8858
23141
24947
17771
24443
10878
-9855
-6791
30338
26242
-7827
19993
12285
7188
10372
-26110
4611
27396
-8958
7712
3677
-2559
5767
-31434
-3838
6658
-12799
-12035
-32473
32514
-29597
-30970
20838
-22942
-18170
-10904
14715
-21379
17544
27257
-4734
-18558
-29841
32259
13565
-30747
-28585
29217
31847
-5579
-3481
-30875
12407
-26005
19323
17790
-31615
-11655
12930
14210
-20881
-6630
12285
-14828
27780
-26110
5379
-31228
-8958
-31968
-676
-2047
-27258
7479
4099
11266
-6911
-12035
-24792
-29694
-17308
-9722
10854
21091
20487
-6040
6523
-8067
-3193
24185
-30078
-19070
9845
32515
13309
25057
27481
3111
106
4152
-21913
-28056
-132
-4501
16507
6526
22913
-13447
16514
7810
19825
-29412
12285
31510
12677
-25854
6659
-32764
-8702
-32479
11103
-1791
-10363
6457
22531
16898
5634
-12035
-31447
-18686
32357
5639
-12955
7525
19208
-3224
2171
-12163
-13433
17017
-12414
-24446
-6795
32515
13565
3808
3931
-6873
1895
-25797
-13463
13927
29313
-15253
15995
-30338
-128
-4487
10882
17282
-6296
26399
12285
11287
-23680
-26110
7683
22276
-8958
-29919
6240
-2303
-30843
2619
25091
19714
8450
-12035
20010
-17150
-20128
-5369
13670
-14751
11529
-13464
3451
1662
-29817
22137
-20094
-8318
-25488
32259
13565
-6180
21084
-727
26985
-19906
-11926
24425
8071
-3477
21883
22910
7553
-3463
8834
18050
1391
-29151
12029
12056
-5245
-26110
9987
28932
-8958
10786
-11937
-1535
-16508
27708
-17917
29954
19202
-12291
-5078
-4350
-157
18440
-5532
32098
20746
-11160
8059
-9603
-7033
19065
-16510
2947
-6539
32515
13565
15065
-4770
2095
8555
-1215
-19349
26475
-7797
8300
-23941
-28802
-32384
1402
30082
-19070
-21392
-19165
11773
16153
-4732
-25854
14083
32260
-8958
-9438
14945
514
-4477
-24002
11268
-24062
-25086
-12291
6700
8963
-11932
28169
-31387
29539
-31733
-18840
15483
5502
15751
24697
-3966
25475
13684
-32765
13821
3032
10848
-3028
14439
2884
-917
25447
14223
7532
32123
20350
-31616
-2951
24962
29058
5484
29479
11517
-8935
-25215
-25854
19971
-31740
-8702
30243
26465
770
4996
-6593
23300
-23294
-24062
-12547
-25300
1539
-25758
-6903
7526
-31646
24588
-25240
7291
-11139
3207
13945
2691
3459
-24975
-32253
13821
-23341
32353
-22223
-918
-13242
-3476
27499
-2157
-26260
29051
18814
15232
-4743
26498
31618
21618
-14039
11005
18203
-6524
-25854
24323
-21756
-8702
20260
-413
4098
11395
19008
-7932
-3582
1795
-13315
-979
28931
-5019
-27126
9574
-22683
-22771
-7320
7035
-6787
5511
15225
131
4739
16505
-31997
13565
-7985
-14493
18231
10860
16457
-14996
3180
-20584
-25748
-29573
-19842
-1665
10874
14978
19586
-11919
31532
9725
-5861
-4732
-25598
-29437
1029
-8958
-9691
4454
4610
29316
1092
28933
771
-6398
-14595
-32721
-15101
1894
-23285
-18328
-7321
7439
-24728
9083
8318
-8570
19321
-17790
-126
6003
-31229
13821
-25907
-26011
-16843
24682
5964
27757
-31894
-13411
4461
10875
21630
-4993
6266
-2687
17282
31344
26416
8957
-228
-28029
-25342
-20733
6661
-8702
-31193
18536
7170
-20091
-27067
-11003
9475
5635
-15875
12849
-15613
-24219
6668
16489
-19098
-16624
-152
-11142
-13955
-11386
17273
-28286
9347
20082
-29437
13565
13768
16231
-17349
-6035
28751
-1171
-8339
-28253
19309
-32389
-29570
-15745
21370
3458
8322
25464
-3022
6141
28702
-633
-25342
-18685
-24315
-8702
-13272
-10903
14338
-30588
-32185
-28154
-29181
-7677
-19715
7474
26116
-11671
-8948
20584
18281
-12526
-9624
-1158
-2947
-21114
9337
-20862
-10110
1911
-27645
13565
-12860
23657
-22465
-16276
-5807
9582
-26003
-16729
20589
-30597
27518
-24961
-8583
-13695
22914
30322
30006
3069
-16353
-13948
-25086
-9725
-18939
-8702
-26071
-5270
14850
31877
14410
-9722
-31229
-14333
-23043
18483
-30460
15718
-15091
22377
-10137
-30700
-13976
891
-7043
-26746
-18824
-31614
10371
19313
-24829
13565
-27199
10346
23871
31596
15701
31855
-4243
-12627
15213
-28037
-9858
16511
6522
6018
21890
-24975
5435
1021
9249
-5757
-24574
3844
-8955
-8446
-22486
-10899
21250
5766
-19893
25863
-4093
30980
-27139
-10189
-16892
27750
-8434
12650
25192
13079
-30616
-646
14462
18054
4985
-11902
5763
24179
-19965
13565
17851
10092
32071
1649
-28842
1135
10097
-22609
19821
-26757
-31362
5759
-28038
-3711
9602
15222
-25028
-7684
-28126
-2170
-24318
6404
-9211
-7934
12588
-9617
24578
-9851
15181
-7161
7940
18692
28157
17461
-27643
-5784
5647
-21911
31081
3608
20072
-11398
-9603
19334
21881
-25214
-4990
-13451
-17661
13565
32183
15213
-10937
-10899
-13735
-26001
14703
-9549
4973
24443
-12930
-7554
12410
-13695
4738
-29584
-18881
-13572
23331
-21373
-24062
10756
-6907
-7166
1324
-27793
29954
-10362
23118
10248
23556
-14076
20477
10805
29189
25189
29456
17258
21352
16666
-10649
-26246
2942
6534
-5768
-25470
-3198
26478
-13053
13821
16306
-26513
-16822
-6803
-28322
-25488
-657
29114
10093
-32389
-19586
-23170
20602
-2943
4738
-29582
20551
-23556
22821
-25469
-23038
26372
1030
-7166
27181
-14223
30466
-6011
21840
-23544
23812
27396
6909
-25546
-4347
-21402
-16367
10602
32104
-6115
-12953
-15238
638
1414
-648
-7550
4483
27508
1796
13565
-13142
-12175
-31914
10096
4705
1903
-21137
-27457
19309
15739
-27266
16510
22138
-1919
2946
20852
22093
20988
-19417
-19836
-21758
-21756
24070
-4094
-4050
30323
-23550
9349
25173
-28663
-8700
21765
-17412
5432
5639
-31897
26130
-28056
-23450
13601
29031
25210
-387
-17019
-13448
-9598
1667
4469
17924
13821
31654
4724
-11689
24684
-5532
-20625
20590
-28731
18796
25211
30846
-7299
378
1666
1154
-13461
1621
9724
6186
-21889
-19454
-3324
15878
-3326
13616
16757
-29182
4485
-16552
-6135
-17404
-1020
30716
26425
7
25186
7956
1129
-16541
-28891
-155
-28550
-14467
-25979
29816
-5502
387
-2193
-20732
13821
6559
22390
29276
-31634
11883
-6288
28017
-4149
28780
24187
25214
-13699
6522
-15231
-15743
32113
-13990
-18693
-16340
31362
-18686
8453
-9466
515
3377
16503
-13054
11396
-6822
8459
28677
12038
-5381
22587
10248
-28315
-8171
-1689
-20123
-10966
-1435
21882
-21891
-29051
-26504
-23934
-11134
28021
4357
13565
24217
10105
29541
-14481
-17300
30064
26224
-14131
22124
20091
27518
22909
16506
-28287
-7295
17778
6495
14331
-30929
-11646
-14334
29189
19975
5123
19763
-11911
-766
-28029
10590
21772
2566
-23034
26363
17469
26633
-3995
24855
-8088
11623
-18644
-22427
13690
-26499
16261
-27528
32386
2947
-29069
26373
13565
3478
10618
16738
8556
19313
-30862
6767
-11567
14444
24699
12926
12157
24954
-18559
-12927
8814
-12444
5627
-21712
1408
-10750
-20219
-22521
8963
-28621
17530
12035
27011
3679
-1268
-31482
31495
4347
1598
3337
-21405
9753
28265
16485
-19920
13925
15738
27517
3717
-22664
-21374
-11646
8817
-6139
13565
-4717
-19590
30821
-5523
-25490
-3219
-31379
32466
-26260
24699
27006
4477
-28294
30593
-3455
13939
-4504
4859
16436
-1151
-7678
-13819
-6393
9731
13109
16506
16131
-32637
-5025
-30963
-15610
-3577
-11270
-16578
-1271
-25498
29208
-20122
-9883
-30671
23653
16762
-29827
645
-8840
-28798
6275
29818
21766
13309
-20594
6781
-21907
32366
-1680
-10131
-403
4054
-15508
19579
24958
-9860
26490
-26495
-25983
-16784
-1683
-32518
-4042
-2944
-3326
11526
-4345
16899
12086
22140
-32509
8835
27235
-16626
26375
25096
13562
-30656
19467
4197
26
-23450
16996
-32459
7781
3450
-29827
-11900
31352
-22142
-6270
26740
-6138
13309
4490
8063
12909
-26772
11894
23918
-12180
23514
-3732
24443
31358
12668
-24454
28033
-23423
17774
-13962
20986
7226
-5762
3587
-16890
23816
24835
-23242
-23940
-14845
5506
23909
-22513
7944
-4600
-27143
31809
-13045
-11421
12828
29030
-3741
827
2661
-1159
-30595
18564
-25992
-31870
-7038
32626
5384
13309
-22655
-12671
-20360
26736
16506
20078
9839
8670
17517
-27269
25470
-6021
-134
22913
-10367
-9611
-4228
16377
-11971
-1918
8195
5383
18953
-24317
-7624
-642
19460
-16000
-2968
-23535
11785
1034
18680
2628
1807
-5273
8478
-10907
15207
22848
-12956
9850
30589
4996
-17032
-26238
-5758
-20874
3593
13053
23934
-25213
32124
-31122
3454
12911
-9105
-14111
-20627
29819
25982
3708
123
25985
-29055
-24465
-9085
-15368
29248
12671
14595
-15609
9737
-15869
25146
-16257
20228
-23424
5997
13074
3337
24585
-17929
23877
8719
-31388
24096
-22682
20069
20294
12645
-1671
-32131
15748
-16264
-26750
-14718
12912
20490
13309
-27782
-1404
-25221
-31634
-5504
23663
26991
18659
-12435
-19077
-20098
-21381
3707
22657
-27519
-4242
-20345
21752
-27839
18302
22019
-5881
28425
-11005
-8135
1407
32260
4224
-10900
-10478
-13815
32266
503
-9147
28687
27236
30496
25190
22628
-11960
5477
14714
-17539
-1149
-18312
31362
-12926
-2960
5131
13309
-19598
10375
4743
-910
-10622
24942
-1423
3557
22126
-10373
24190
-31877
15995
25985
27777
18547
20363
-16650
-8381
-10624
28163
22280
7434
16388
-24261
-14464
9221
24703
21615
27412
523
-4596
23285
-15033
-28142
-24218
13346
-9371
10598
24652
28773
20602
29821
-18813
-15752
-32382
-18046
-8334
-8949
13053
-11409
6537
-16505
3184
24454
8815
19567
15847
-26770
-19845
-9090
5243
7803
17025
-28031
10093
12177
20726
-9914
-17283
-27133
-7416
14346
24580
-11205
23170
19717
-12929
32369
5909
11019
31244
-20748
15689
-12014
14947
-18140
28006
-28317
-14512
29541
9338
-13699
25987
-24456
32130
-13950
-16022
17421
13309
24939
10378
-4984
26479
-25974
-9362
-14736
-29975
-402
-26245
-15746
8827
26747
24449
13441
12143
18582
-31243
-29367
-6275
-18941
24073
18954
-24828
10557
4484
28933
-2434
21107
5654
29195
-9716
-27661
-31926
-9965
11877
-23516
2149
22114
-11691
32357
634
-9603
27779
-9096
-32126
-27774
-6033
-24818
13053
-20890
9611
-3696
32623
13959
-26518
12139
-537
-31121
892
9343
-3462
26491
-30079
29313
1648
24732
-11788
25421
20349
-5117
1290
-31989
7685
-17859
27779
-9979
-25221
2933
18455
2573
-3058
19186
-30389
-5355
-8348
12069
5732
-11678
-17326
-9371
17530
6782
12931
-15752
-12414
-10366
28017
26384
13053
