-18175
10968
13563
-7030
-7690
9864
-14199
-32004
-29820
11392
-24448
-13198
-5248
1151
-22658
-6537
-15108
-20416
11728
376
31826
13396
13649
-21892
14989
-13386
12907
-1421
-26407
1676
27761
5497
-16842
-25442
17078
-6283
12463
-4234
-16779
19191
-19854
-10628
6527
-11400
14972
-27776
-24448
-22423
23238
9184
-20223
-23080
14843
-17526
31479
-21368
18569
-31748
-5244
17536
26496
-22926
-2176
9599
-21634
-8839
-13316
18237
16336
-10121
7252
-1963
-4269
-21121
-19058
-14409
19309
-8845
-8487
12942
884
17786
-8141
-12385
8888
29815
21425
-24457
-18569
-13065
10611
-13956
-13186
-26248
20860
-1664
-27264
29040
-11321
-12067
-21759
30425
-5381
23181
-11785
4489
20109
-31492
19589
17280
-9856
-10894
897
6527
-22402
9084
-11780
16954
-15663
-22151
-13484
24662
-28074
-2941
-31088
-31304
3186
-22157
-14629
-16752
-12681
20350
-32463
-23392
18622
-25224
6579
-15753
27001
6648
-26253
-9604
19071
-17800
25212
-7552
-19328
-3983
8137
-24357
-22015
-11047
31227
11658
-29960
-887
31371
-31236
12421
20096
-8320
-11918
-1920
-6018
-16002
21364
-8964
-27078
-31023
1653
-16808
24152
-4779
25219
-18032
-4680
14193
25460
-21540
-28783
-11145
-16514
2097
-27999
12730
-24972
4534
-22664
11895
-27656
31347
-9860
21119
-30856
27260
-22144
-19840
-1940
-565
-6693
-23551
30682
-3077
6284
-30728
-1399
1676
-30980
28293
32640
6273
-19342
16257
-31106
-6018
-23942
-7940
-27082
-10798
1400
-23463
-13736
1368
-21114
5778
-23111
7796
-20109
-4901
8340
-7046
3457
-14547
-22110
27071
-25480
-22858
-137
19576
-10504
-21133
6525
-30081
25464
-23940
18048
-10880
-11662
23245
-15912
-24575
-27941
21756
21133
-10760
1162
5773
-31236
7814
-9088
-8064
-25998
12161
-11906
-25218
-2181
-6404
29492
-9260
-21128
4188
-20902
26712
-29815
26259
21946
23671
-9357
-22563
11414
-21124
-24702
5676
12452
28099
13945
-26953
12152
-5256
761
7028
24445
23935
27768
-32644
-28288
-27264
-17039
20431
727
-24575
-4901
-773
-16759
24313
-22645
8587
-30980
16262
-16256
-6016
-24462
20865
7039
-8834
-31113
-4868
-24269
981
-9355
-16034
20060
-24231
-18294
13204
23994
-23433
29556
-23586
-11114
22398
4741
-25814
-604
9408
32375
-14662
-23431
-32136
-30215
21876
9853
28287
14968
-17284
-7552
-13696
32111
-1583
15318
-25343
-5926
15868
3979
8440
-11897
-32375
-29700
-23674
27264
-6272
15730
-11135
-9858
28798
-26498
-4356
-9424
-30249
-24968
16480
8031
-28834
23694
-25963
32443
29561
11125
-14117
5784
-2432
1414
21542
15014
15301
-30085
28599
2937
-4999
-27143
-7820
-5252
29567
-12937
14205
-29824
23936
-4231
-32046
27347
-25343
18140
-31748
25228
27640
-28793
-2167
-29956
-13434
-14208
13953
17010
-24447
-29058
-28290
24700
-3332
28207
12249
-7305
2914
10848
-7585
-14192
31127
22717
6781
6518
21726
-16998
-9598
-30584
-21211
1703
22215
-27014
18617
21881
7034
6650
-15500
15485
-13697
-18313
-12164
22400
28288
10100
-23596
5330
-25599
-21540
17916
9098
-5384
-17016
-32375
-30212
-634
-22656
-2944
12658
-15231
-10370
-20354
31354
-2308
-28114
-13351
29814
10597
-7839
-22688
12946
-361
31420
-25219
-7307
-13858
-11365
-32636
-630
21284
3752
7877
-32647
11707
889
2169
18938
-4492
13693
31359
-18313
4989
-24704
-27776
19827
-4138
11217
-25855
-18979
-7172
27278
-13064
16263
20106
-30724
-15225
-4736
-6784
-911
7810
-22658
-25730
5761
-1796
6187
-19237
3706
-5532
4706
17506
2709
-23144
10940
-21376
-30605
23774
-3683
-13434
6539
-2015
937
9677
-16515
29883
-22921
-8069
27130
-23947
-32387
29567
25975
24189
31616
-31872
21367
25304
-24627
-25855
-3107
-11780
-19060
-30983
20104
-1142
-30980
-20089
4481
2177
11634
-8063
-21890
23166
32379
-1284
-11990
-9251
21366
-14745
-6301
-17823
-20584
25497
-14405
-16766
-5773
6625
-31329
-6265
31374
27425
2474
-1077
19834
-22083
29560
-24199
-24326
30325
30589
29567
-28297
7549
20608
19328
27761
-1830
24013
-25855
2526
-14596
-7285
-16647
17545
-17014
-30724
3976
12929
6529
-2959
-1663
-4226
-23426
-7558
-772
-9432
-9506
-3211
-4758
-24987
30306
5018
-28774
-15173
31876
-21645
5344
-3680
-375
3984
24351
-8790
-20533
28538
-18241
3193
19834
-8710
-5259
-25731
-31361
7031
10877
-17792
-28800
-3470
-6436
6091
-26111
-7202
12797
29584
-3335
-12664
24974
-30980
29064
2177
10881
-8847
3458
-28802
19838
383
-772
5413
-20768
13176
-3988
-20634
-17565
-14946
27548
-20037
-2681
-27790
-2335
9892
8588
-30318
-16356
12716
-31278
1149
-576
21113
10621
1531
10358
-30595
-24705
4727
19069
22912
21632
-29580
-17954
22982
-25855
-2081
7677
28557
20218
29064
-18293
-30724
11145
8321
11393
-1167
5762
20862
31102
12409
-260
-18652
31970
12405
14193
11370
19044
14753
32668
4284
23946
5235
26852
-8795
28302
6294
-6117
942
-21040
-6023
21955
-4488
17785
17403
-13706
-29827
-25729
-1418
8573
6016
16512
26732
-5151
-5179
-26111
8416
11517
5005
-19462
-11640
-32374
-30468
22921
12417
11393
-3215
-895
22654
25214
-31109
-260
14114
-31517
22389
-7311
22122
-9370
-30557
6557
3771
-22900
19058
-11550
-18522
6033
-11369
-20967
29102
-6958
12667
13509
17785
27770
22523
2679
-20099
-25985
-5002
18045
15232
20096
10098
-7198
19650
-26111
4833
26109
28815
-17158
-25976
-31092
-30212
-21623
16769
9601
-10639
-25726
-14722
19838
28285
-4
-1505
24805
30326
30835
30571
22376
-5978
32158
11964
-31089
370
-23580
-15703
31635
26520
1304
2992
-18729
-28292
-3643
19833
15739
-32261
23671
-21635
-23425
-17290
-18051
-32640
20352
-23182
-8988
-6466
-25855
-21793
9725
30345
17402
-7547
-22906
-29188
-16247
9857
28545
-16783
19842
22398
14206
19828
-4
290
21991
-21136
-8328
15470
-664
-1367
-12899
-32328
3724
22127
23780
28583
-32110
-22120
-4329
-81
-4142
-10633
8645
-12423
29304
31739
-31113
-20867
-7297
25718
-28547
7552
4224
11117
-3866
-7743
-26367
31713
29181
-29043
23547
7306
-2932
-28932
29834
28545
14209
-11407
-28798
-31362
-32386
14204
-4
12828
743
-24971
-32646
-22673
9836
16047
12705
-26948
26263
-18831
-10010
2479
-3431
16801
-18412
24498
-23335
28028
20170
31354
17275
-9989
6008
-1923
-16257
24182
-18307
21120
27264
-17293
-281
28856
-26367
27618
-29443
655
-26373
-28279
-1140
-28676
-9334
-18047
18049
-20623
-6014
-27010
21630
-29827
253
31002
-14872
-6795
-15492
-15503
2414
-21838
-27998
-3908
16794
-24975
24040
-27727
-8804
23460
22547
5300
-4388
17277
716
24954
23932
-4357
22392
4734
-19329
15478
4990
17792
16000
-27022
-19991
12725
-26367
-5150
30205
-25206
-1797
-26487
-26231
-28420
15243
-21631
8321
-27535
-11134
25726
12670
3449
253
6682
-1047
-26254
-17791
-1421
-7058
-1869
8100
-1604
-24677
-14735
-15383
18355
-28515
-12637
-25070
31413
-21030
17019
26319
-2950
-27014
3580
-17032
-387
-24961
-139
638
8320
7808
23408
-32533
26292
-26623
-26909
-24067
-27250
1532
-1656
19851
-28164
-27765
-24191
20609
31601
-126
-22658
-3971
5759
253
18967
29163
-21131
-19069
1909
8306
-26184
23717
19645
1696
-1680
-22807
-2635
22689
-16217
30480
-5962
-21280
17535
-16945
1146
25979
7676
18553
-2435
-9857
-10635
6270
-32384
-8321
5240
29676
29358
-26367
-15133
-22787
-23154
18428
-26487
-13172
-28164
-15477
-12415
18305
30577
9603
27518
5502
-900
509
13590
28908
-23948
-20090
-7561
1651
-13126
-9050
-29250
18594
18801
-29973
18872
8868
-22870
-20977
-22345
19937
-13443
21970
19323
21628
13820
17273
3710
-19073
-19339
12158
16256
-6529
12146
6638
6316
-26367
-3357
-24835
-3444
21756
-4983
-5239
-27908
6284
-5759
27521
-20111
3715
23678
5758
1915
253
26645
-532
19059
14474
8058
13172
21691
5032
-20291
-7262
17265
21739
-11336
-27740
18090
-14322
-8520
30944
29565
-15917
21883
-27781
16380
-24199
23934
-9601
-17547
14206
-3457
4736
24433
20719
7594
-26623
-22812
-17411
-19824
22524
22153
-11892
-27652
-18036
9090
16001
-30351
20355
23166
16766
-894
253
15635
23022
-24201
2700
-28805
27766
-24642
16297
6334
24231
-15248
-20757
12732
2216
13741
15373
24506
8166
-3711
14291
-21639
29052
18684
21370
24702
-17025
-24203
23422
5248
2944
-10379
12784
-24412
-26623
-32027
-17667
3983
32508
-17271
25740
-26884
4749
3202
13185
-21903
29571
9086
4222
17021
253
-26094
-5138
-3213
-31601
26493
-29577
-7743
-30550
-21826
682
-19344
-29459
-16707
2987
2481
-29684
-24389
-19739
-25218
-24875
7803
13180
23548
26234
22654
-13953
31861
30846
-6017
-9089
-9873
-32527
-14430
-26367
23013
-17923
-31090
-15108
-8310
-28532
-26628
-31603
5506
-29055
29041
27011
32382
9854
12412
509
26641
-30737
14451
13714
32383
-9863
-10556
4267
-16194
-31828
8560
-29716
447
16557
-3406
31243
10684
-25371
19838
14808
15483
-16005
26108
8827
22398
2432
9333
-27010
14464
-2945
-1167
26866
19615
-26367
-31004
-15875
27024
22524
21127
-8053
-25092
-2931
11906
15745
29553
-22653
12926
6782
-27779
509
-24815
4594
1651
18580
2689
18811
-4921
-4953
16825
5801
7528
8683
24252
-4182
-25934
3083
-6469
21736
-9603
-13868
17015
4473
25084
-29317
30334
-14721
10869
-21890
-9857
-3969
-28302
31475
-5473
-26623
-1050
-15619
-20848
2813
-18548
8335
-25092
-10355
-1663
-32383
-27023
-23933
2174
-3459
-10119
509
14096
-2064
-20366
-15976
29315
22138
19400
-25684
10432
-29776
32111
-23057
-11325
9905
-25929
-20470
-4418
6376
16253
-5669
21115
-22405
30716
17787
17790
4736
11893
-25218
-9089
-14209
-24213
14068
-16997
-26623
-18202
-14851
-25200
12541
32397
-13169
-25604
14734
14466
29825
-23183
-18557
4222
-2691
-27012
509
-16626
30961
4979
-10087
27012
-30339
32203
-18259
-7233
-23373
6511
-30993
10437
7859
-24390
-31223
16831
-6935
127
-10531
-24197
-9860
31484
-10885
-24962
-2945
7541
-10114
-14209
-9601
114
-17932
-21610
-26623
-24345
-13571
12691
5373
6285
-23408
-25348
-32370
8322
-32639
-20623
-13437
20094
-899
20862
509
-12531
10738
-28044
-19301
-20347
19326
12749
-11858
31424
5302
31342
25584
15815
-23115
26556
-1016
-12352
-23828
19072
-5924
7803
18813
31484
6268
-32386
-4481
3701
-7554
128
-11393
-29070
12533
20627
-26879
4328
-14339
-16240
24829
-7793
-8560
-25860
29326
4738
-28031
-22159
25987
22142
12670
-5513
509
-30963
14322
11121
-6497
-21880
-899
27597
-15697
-7488
2487
11631
-12303
-13112
12214
19388
-13304
-18751
31210
637
3041
-22658
20605
32508
5244
23678
2944
-2188
-26498
896
-1921
-22163
3830
21394
-26879
17384
-13315
-10094
31997
17040
29075
-25860
-5234
26754
-27007
-20623
-8061
15230
-5763
15999
509
-3573
21490
23668
9634
-7287
4225
25041
-17999
-17215
-3909
-26257
1522
15308
-23366
23232
-17913
-1854
-32275
-30847
-20766
-2690
-24960
32764
-24964
-16002
6784
-18828
639
-2433
-7809
-4237
31734
-6773
-26879
-18711
-12547
30356
-29187
-32112
6036
-26116
12943
21122
-16255
-28303
-8573
894
7294
30337
509
-31478
-30478
-7819
-27738
30606
-12923
-1325
32692
8902
19648
12914
29939
-1330
-323
11204
-8954
27845
5872
-24701
16869
-18561
-31359
-32260
-6532
-26754
18816
-30092
5247
-19073
-4225
7028
-1546
10373
-27135
14057
-13059
1424
-26115
-9328
-14961
-26372
-20593
-32638
-19839
-27023
1412
1150
-7299
7549
765
28426
-4878
5491
3242
913
-18298
17620
17078
-16187
20929
28274
26100
-18225
-5955
-14141
-25850
-19771
-17682
5249
-12826
16769
32640
-32260
13181
-14466
16256
-27276
14719
-12929
-16769
5234
-17417
-21628
-26879
12265
-12291
-20333
-26883
-5744
-4461
-27140
-7281
21890
-5503
-18319
4228
11390
-10883
-10365
509
18185
14067
-30346
26538
-2416
27786
31447
-18250
-3131
-14908
-10895
-19469
-9007
8897
5063
-11515
25542
-8975
1157
23270
-17792
-27262
32764
-27267
-20098
19584
-31884
20095
-12673
-24705
-27526
-8201
26238
-27135
25321
-12291
-24428
-23811
19601
-30828
-27140
-7793
24450
-19583
27761
7300
6782
-25219
-31871
509
4617
-30989
7286
24749
24722
14731
-13864
-24905
3014
-16443
27250
-12044
17874
7361
-6970
-19963
11207
-25871
17540
-8729
8578
-4221
32764
-26499
-12930
17536
14708
19071
-16001
22655
-14476
11512
22397
-26879
27623
-12803
25232
-27395
-16497
-625
-26116
18832
26754
-27519
26737
12164
15742
32381
-31618
765
11785
11764
2675
4783
18068
18060
-22567
15798
-23357
-28734
-25231
25074
-17969
19390
9158
20485
-29754
2800
11906
6375
19585
-13439
-31748
4222
-16002
6528
3188
29567
-1153
26239
20852
-29448
-16003
-27135
-279
-12291
25239
-20739
-29805
-26217
-26628
-25712
29314
-27519
31089
25732
5502
-22403
21128
253
-10489
-6925
-11144
-8529
2966
18831
-15653
-16711
11975
24266
24178
-1804
12758
-19259
-10038
-12796
-2104
9972
32136
-14871
-31870
-11898
-32004
23934
-13698
9344
9844
-28289
-22401
26239
24697
-13320
-31371
-27135
5866
-12291
-32619
-18947
-19821
662
-27396
-23152
28802
-21119
-4239
1412
4478
-17283
4994
509
-8185
-8717
-14219
-4175
-5225
29583
-17701
-15686
-6457
-8246
115
-28683
-18730
31174
-13621
-15612
30409
10739
-7804
9963
3460
-11899
32764
22910
-14978
18560
28788
14207
-17281
-30337
27251
12281
-17803
-27135
21481
-12547
7573
-19203
-7021
2198
-27396
-5744
-22142
-22911
4978
19332
22654
-25475
-4735
509
-27385
-3341
29045
14515
-16232
-27761
-26404
25786
-29498
-26678
17011
-5388
-15146
24775
-27701
30724
5577
-5902
16005
6123
2179
12420
32764
-20098
3199
12416
24180
31615
-6017
24959
-2443
12793
-22413
-27135
-4375
-12291
8345
-19203
-28781
-15464
-27396
-3184
-24190
-32639
-29071
25220
7294
-32131
13958
509
263
26612
18296
31155
-17000
27793
-11811
4540
15047
-10292
24178
-7692
5592
-16183
27853
9988
970
-22028
9863
19179
-17021
-8826
32764
-6530
2943
8320
-141
-28545
-20353
20351
3704
26361
23407
-27135
-3863
-12291
-2923
-18179
-9325
-5995
-27140
-25200
-9086
-25727
8050
27524
15742
-28291
640
509
16135
-24332
-16780
31158
17819
26512
-4132
10428
20167
-26933
28787
5365
3032
-5689
-3892
14852
-15926
6899
-1661
6380
15492
-5500
-32516
-17794
12671
22912
-32396
-23937
-11393
26495
16496
-17927
11377
-27135
-19479
-12291
-15979
-17411
7829
-6249
-26884
-5744
-29566
-15999
2162
28292
-5507
-14979
-21630
509
-18426
-15116
-31115
25527
-11365
30867
14815
-22084
12231
19407
18803
-6924
29145
-27190
-11058
-12029
28107
27892
-20347
-7700
-31356
2950
-32260
10623
-7298
21888
9844
-24449
-31873
30591
26742
-5895
-7060
-27135
26090
-12291
4504
-18435
16788
15000
-26884
17809
-22654
-24703
-6287
-13180
-7555
-29315
-9340
509
24326
6645
-5514
-9032
-19812
15765
-26400
1982
-17465
16849
1139
-30475
30938
10443
4560
-24317
14540
-13835
5767
27372
-7548
-5242
-32260
-30081
1151
15232
6004
-8065
-31873
16767
18039
3322
-6039
-27135
7658
-12291
-27500
-16131
27029
32150
-26372
17041
-23934
-15487
-4751
29316
-4995
-27779
-17027
765
-31738
22773
31346
-10053
-10593
-10348
-12832
28862
-7481
-27952
-5005
7414
13274
-26933
22992
-27901
-23604
16372
19331
12526
-14203
-19581
-31748
-27777
2175
28800
-653
-18561
31359
24447
-31117
26106
9323
-27135
5354
-12291
-31338
-16131
29845
-16489
-25860
-7535
-12670
-23423
-8847
-19068
3454
-14723
-6525
509
-1275
-20235
-17803
-837
29087
3991
19170
-3394
19400
-28206
-32397
32501
-27941
-23090
26322
16387
-13107
-18187
-8058
17646
-5243
-20089
-31492
13184
14207
12928
-8077
-3201
-16513
27519
-26247
-30726
8038
-27391
-24344
-12291
21652
-19203
-15984
21395
-24324
5522
131
-895
-2191
-21116
-6019
29309
19332
765
-507
-20234
15477
22205
3233
4505
31715
32702
18117
-22576
-26510
-28940
-12839
1738
22224
8195
-4659
-6411
18055
13292
-15229
18821
-29700
26240
26495
30336
-14989
-8321
30335
9599
15736
-15366
5222
-27391
-5399
-12291
16786
-16131
-4462
27027
-23812
21650
-17534
-25983
16754
24196
-23171
-32387
18815
509
-8955
-32522
20082
23741
2465
-16234
16099
25023
-2618
-25133
27250
13558
26844
24527
26324
5635
14798
4085
-7036
28398
29060
-13436
-29444
-30592
7039
20096
1652
-15233
15231
11647
-12684
-262
-9884
-27391
30442
-12291
-27499
-16131
-23406
13460
-24324
31890
7043
-14207
10098
-6012
-6787
28029
-9852
765
-15867
-7689
10357
9148
-24160
-2922
-9500
-7234
28612
18133
-7314
4086
29917
20433
14037
-510
7119
4855
-17273
-13843
-20094
12933
-29700
-20096
-31873
24192
-10893
18816
-26241
9087
22906
17915
-5021
-27391
1259
-12035
22934
-15875
-6767
-11372
-24324
-7790
12419
-12415
-6543
-2172
-6787
-17283
-31358
765
-16379
8696
31092
17087
-22366
-25450
-540
-30017
-32315
23508
24431
-27146
-3363
-21040
29396
-1790
-31024
-1802
-32122
-24594
-28286
-17532
-29956
5249
-20865
28288
-29069
18816
-28545
31103
15476
-30981
-4253
-27391
21226
-12291
14484
-15107
-30318
-8813
-24324
11923
26755
-24191
3698
-18044
-13187
29821
22145
1021
17413
-10505
-32397
-30526
22693
14745
-2843
22977
12998
-6699
-31376
-8202
15583
13778
29910
-20990
-30256
-15114
14470
7920
-25468
7814
-29700
31361
-13185
16512
5235
1664
19583
14719
5748
-22789
-31394
-27135
-23830
-12291
-361
-14595
27539
-30313
-24068
-28525
23683
8834
12146
2949
6270
-30083
-23671
509
-19196
9976
8312
-5949
9639
2975
17897
-15677
10184
25051
31857
30711
-287
-8491
-30758
24834
2002
-4616
-12918
-8720
-5756
24201
-29188
-14207
-21633
-17024
27763
27776
-30849
14463
3962
-15621
-20138
-27135
21994
-12291
-28266
-13827
-8813
-23402
-23812
-23405
14723
-895
12914
-3964
-24195
22653
-11133
765
-20732
27896
-11148
-26937
-12375
-17506
-4120
-15932
-30775
-22309
2162
18936
7394
-22314
-16935
23042
28114
26872
-20345
5106
9862
29832
-29188
-8575
-22913
-25728
-31885
16768
21631
-642
5492
-1541
27990
-27135
-22038
-12291
-4459
-13571
-17260
2199
-23812
-14701
-3710
7554
7538
-124
-24707
-30851
6275
765
-31228
-24072
4212
32201
22444
13217
-15382
-2620
21448
-9763
-8335
21752
-16925
-6441
23772
13570
11475
-21256
-19577
-18190
16006
-24697
-29188
4226
19583
-15232
11635
24448
-1666
15743
-13962
8700
-28077
-27391
-13078
-12035
-7270
-13571
28564
-22887
-23812
15764
17027
3714
29810
901
-21891
26493
27783
509
17156
6649
9591
27851
-5203
28580
-30484
-20026
-10807
10464
-11151
5113
5862
11994
-803
3586
-10284
3578
-12406
31219
14982
-11639
-29188
-29310
-25985
-17792
17779
22144
2687
639
21625
16892
-16818
-27391
2027
-12291
-17513
-13315
-16236
-2666
-24068
-26220
17283
11394
19314
16773
-24707
24445
-31615
765
19204
14073
-13709
13263
17841
22692
13804
32199
-25654
736
-13198
28409
31206
8155
223
3074
25557
17145
2183
28148
-8826
16007
-29188
2179
-20609
-9088
6003
-27264
11135
-4482
9074
26876
25423
-27391
-17174
-12291
-15721
-13059
-5484
-12138
-24068
-23660
14723
-12159
24946
-28027
-25987
27261
-18044
765
1540
19449
-30092
-23345
19122
-19545
-19986
-19513
16585
-12830
22642
3577
-22041
20701
14562
-6655
-22571
2554
16265
-24332
-23418
21896
-29188
16003
-20609
30336
12147
-5504
8575
6527
25208
29692
17225
-27135
32233
-12291
32151
-13827
14481
-31083
-23300
2197
-22653
4738
18546
-20859
-23683
27773
17541
765
4
-7175
1141
-15922
31921
24998
-21266
-30521
-11065
-24095
-21648
-32008
-26137
21725
-543
-9215
-5931
29690
-30583
25075
23941
27784
-28420
-20093
4992
-12672
-9358
1921
4223
3967
121
-31236
-28344
-27135
-3352
-12291
-12141
-13571
-26479
-19310
-23812
-1132
-31613
386
-31630
28293
30845
22909
8062
765
-1021
1274
-19856
-22319
-5965
-15962
-16402
-20793
3527
-30751
28529
-12296
488
18397
11490
-11775
16086
-18951
-6523
29428
5766
24709
-28932
-18301
4992
-11392
-20366
-2944
-4738
-3714
28789
-23812
-2745
-27135
5353
-12291
19349
-13571
-32112
-15725
-24068
-364
32643
-6783
29298
18821
27261
31869
32131
765
-10749
23034
-29837
7378
693
21928
8688
-23352
8391
483
-18576
21240
-24600
-11298
26851
-16639
-29737
-25350
17289
14324
-6269
-22907
-29188
22916
-6273
-24448
-25998
-1664
-21634
2175
635
-19460
-30909
-27391
32488
-12547
-16491
-14083
10639
-22895
-23556
4245
-9853
2946
-9614
27525
-24963
-31107
-21628
765
-16125
-31238
-25229
15572
-3403
20650
6129
-21303
25541
-16157
25200
-25608
-9240
480
-22557
-18687
21463
-7686
32393
8180
24965
16263
-29188
-15996
19584
-14208
-26254
-1920
-386
-1410
2169
-16132
2113
-27135
15079
-12291
30609
-13571
-10865
7311
-23300
-22124
-14461
642
8051
27013
-23427
17789
128
1021
-17661
-25350
-1936
-8235
-2122
13738
1265
14794
3781
-16158
-8081
28664
-3864
-12577
15587
-20223
14039
21754
22919
5877
5253
-9084
-28676
9605
32384
-15744
-6030
9601
-11394
-1154
-4234
-12548
-27329
-27391
-19482
-12547
-31596
-13827
32655
32145
-23812
-25708
-29565
-5503
26995
-32123
29821
14973
-30586
1021
-25597
-6406
-22669
2263
-31048
24750
-270
-20789
14278
-3099
6511
-25352
-12054
-4383
-12315
-22783
9688
-27141
7819
12789
-19836
20360
-29188
-25979
26752
-16512
8307
25473
-8834
-17282
27007
-9220
-22726
-27391
23529
-12547
13975
-13571
26003
2455
-25092
31124
-18045
-1663
29811
-30331
25213
13437
32643
1021
-23805
12283
-11150
-27942
6332
-5970
-17677
-19253
-30523
-18969
-20627
2042
-24596
-1052
488
-22527
6362
-21253
12169
1015
20100
-890
-30212
-14715
-28800
-2944
371
25473
-16770
-18818
-27016
-5636
12604
-27903
-6925
-11523
-9324
-13059
30361
-21608
-25092
3988
-22909
898
12403
14213
7293
-388
17281
1021
-29949
-9989
-16015
-5660
-26679
29114
28150
-32301
-4659
-5907
24940
32764
5619
5357
21999
-24063
-6428
-27908
22921
12795
-24438
21386
-30468
6278
-23936
-2176
-18318
20609
-22914
-14210
23927
-2052
25144
-27903
-20491
-11267
-18543
-13059
-13680
-21359
-24580
30356
-13949
-27007
-20365
22405
10621
12413
-6266
1021
-29949
2044
-5519
-18708
-25134
-17213
17912
-26662
14806
-23570
-27287
-4
-24330
21234
16627
-24831
19432
2045
16009
-24324
12676
-4986
-29956
-17786
-18048
-24448
883
-25983
-23682
-11650
24701
-1028
-22216
-27903
30965
-11523
2445
-12803
-14196
7309
-23300
31380
-29821
-8575
-18061
23429
125
-1412
28031
1277
-30461
5372
16235
19953
-26920
26823
-1288
-1056
3034
-17937
-19865
2813
-7177
-20237
19956
-25343
-16151
3581
-29309
9981
-30591
-6782
-28420
-5498
-25728
-128
-14734
-25727
22142
-22658
887
-4
-12744
-27647
-11531
-11523
12682
-12803
-19061
-5750
-20996
-32620
-8317
-12415
-2701
27013
-2436
1149
125
1277
-31229
6652
-15512
21492
-24867
6604
-10503
-8987
-4642
-23056
-11420
4349
16377
-14347
5366
-25855
-18452
13565
25217
-24835
31103
-26242
-26116
25479
4225
1153
-910
-11135
28030
-21634
22905
253
-24265
-27903
15349
-11523
-9074
-12803
-14453
-6002
-20228
-21356
-3709
-22911
7284
27525
637
-14468
-16512
1277
29955
7676
-26774
-5132
22750
32718
17146
21482
-11552
32754
30309
3837
-21511
-15114
-16650
-26367
27373
27389
16004
-20483
19840
-21374
-25604
-22393
1409
-11136
2419
-11135
26494
29822
-14469
509
-718
-27903
-28941
-11523
3213
-13059
-8563
-7538
-19716
5780
-7805
-3711
14196
-23675
-14212
-8324
9850
1277
26883
8188
-13722
16374
7650
6864
25850
27882
24800
29427
2664
3069
3066
-4106
-28170
-26623
-10004
24317
-1919
-18179
-8318
-4478
-24580
-18553
-4736
11137
-6286
5762
7806
28798
-30859
509
27949
-27903
-11534
-11523
-8820
-12803
-14451
-9075
-19460
28820
4740
898
27508
-6011
10365
-2692
13181
1277
24835
8956
-21145
-17674
-31005
-14125
-1030
20203
-27936
-4620
10087
2813
31482
-4873
-21001
-26879
22509
-31747
-20093
-16387
-17278
-32381
-24324
23688
11393
7041
-17550
16770
32638
31614
-22405
509
21288
-27903
-32526
-11523
-15474
-13059
-12402
18321
-18692
26004
5508
-22911
30580
-12155
17277
9597
-4226
1277
24579
9980
5992
28663
3045
10454
8187
-8724
24545
-17163
-3482
2813
-14598
29176
10488
-27135
-27154
-24067
-20092
-15619
24450
-24957
-23556
-31608
9089
-9856
-23438
21890
-32130
-28034
-18820
509
15910
-27903
9714
-11779
14987
-13059
-26993
-16498
-18180
23700
12420
-5247
-32396
-26491
14205
2685
3191
1533
24067
11004
9059
17144
31207
-13098
17915
-28947
-15648
-15115
23399
2301
-3078
-10760
-31496
-27135
-32018
-28163
-13696
-14339
-24957
-2431
-22788
-20856
14977
6785
-31374
19842
-32642
-30338
27512
765
-18908
-28159
-4623
-11779
-13682
-13315
-4976
-5232
-18436
-2156
9348
12930
-14988
-7803
-15492
-14724
9342
1277
23555
11772
30567
30712
6120
-18982
-30981
-19218
-26143
15607
-23961
2557
14843
-31751
26105
-27391
30191
-20483
32645
-14083
-26236
6277
-21764
21897
18561
28289
-20878
28546
8062
13950
-22145
509
8992
-27903
-13847
-12291
18842
-20739
14745
12188
-17156
16533
-31356
11138
6005
-14459
12925
-7044
12936
765
23811
6908
-2446
27634
-10787
-11566
-5638
2015
1742
10231
21105
11772
-4616
30198
27383
-27135
-26906
-23811
-22385
5885
-17779
-32369
-21508
-12663
-17279
22145
-20366
29314
21886
7806
-30850
253
-16617
-27647
484
-12803
31638
32253
7832
-14441
-17156
13973
-21884
29826
1141
-2171
32637
-8836
-18044
1021
23555
-1285
7793
-28176
-15910
15054
-24326
27355
-3639
10998
-6030
-4102
-12297
21748
-27659
-26879
-7454
31485
18318
31996
4494
-7794
-21764
-3959
-11135
-25471
-25230
-24958
-29314
4222
-11140
253
2070
-27647
9443
-12547
29081
23805
-6506
17561
-17668
-12651
23428
9090
14197
12934
21629
7549
-22901
1021
23811
1020
23924
7409
28379
23506
-2822
-18212
17098
31223
-11918
-25862
-23048
-22795
1014
-26879
14307
-21507
22674
-24324
-5746
-21358
-21764
-24950
-23167
20353
-27790
-12670
20094
19326
8581
-4
275
-27647
-1566
-12547
-13927
24317
-13162
665
-16900
-6251
-17788
6786
22389
3206
10365
7037
-17784
1021
23811
3580
15987
17650
16605
-13358
14843
6365
-23094
-25865
-655
-11270
-13064
-1803
-1546
-26879
-797
-23043
1425
-14340
26255
19090
-20484
-14198
-3711
19841
-21390
-13438
19326
13182
14463
253
-9966
-27647
20450
-12803
11928
16637
24471
18072
-18692
-4715
-30076
14978
26229
13190
2173
15229
-16505
1021
23811
4860
-16270
4595
-5922
-1582
22523
8670
23242
7928
-397
-29958
11769
26358
19191
-26879
22756
-21763
-15216
-7940
400
21137
-20996
7563
-8575
19329
27762
-1406
1150
22398
7551
253
17425
-27647
-14880
-12803
24730
11261
-2925
-21609
-20228
23190
-27516
25218
-28555
-14458
5501
14205
-28274
765
23555
7932
14454
-20749
19423
27863
-24837
-10017
-23605
24313
-28557
24058
-19207
-18697
-27144
-27135
-30492
-16643
-30316
-516
-31090
-6253
-21508
-32373
-14207
-26751
23666
-31613
5502
8318
20100
253
-754
-27647
-31520
-13059
23704
2301
-17517
-2410
-23300
12950
-28540
15490
-14475
24454
6525
-12676
-9849
1021
23811
9212
17010
-19980
-22047
-23850
-20997
11487
10698
15865
-6029
17914
-12295
-2569
23544
-26879
28388
-19203
913
1533
-20083
-31600
-21764
-19061
-5759
25985
-25742
10371
2430
-19075
1406
509
-7666
-27391
26335
-13315
15511
-4100
-12652
27798
-26372
28054
-22140
28546
13174
3718
11645
-7044
32391
1021
23811
11004
-10895
21749
-25630
-10280
-9477
-25121
6345
-8967
-29325
762
10746
12792
11513
-26879
-16924
-16899
-27248
10749
1934
8592
-22276
11660
7554
-21375
-13198
3459
1662
-8323
30081
509
11789
-27391
-32289
-13571
-2406
-30724
-17006
8600
-28420
-26474
-25212
14722
3446
21894
15741
5245
-22647
1021
23811
14076
7283
-18444
-27423
6357
-8965
-4899
-13627
18681
-913
-28423
-1543
-21769
26360
-26879
32228
-15363
30609
-4612
-21877
-10353
-22020
28556
-2175
-31103
-22670
16259
5246
3454
-24960
509
-20467
-27391
-18722
-14083
13975
14588
23698
-3181
-31492
-22890
-16764
11906
7030
29830
-3460
9853
28802
1021
24067
14844
18287
-12299
29923
28629
-7685
17886
4037
18937
-31120
-13575
-7
14328
-8712
-26623
16612
-17923
-15475
7165
27788
-25459
-22276
-23156
5506
25473
32370
26243
-10627
7806
-648
765
-9971
-27391
-14627
-14595
-13674
19452
16275
-22635
30204
-10090
-8316
12162
15222
-7290
8829
-11396
1414
1021
23811
16124
-11664
-1291
23780
-3369
3068
-20258
21444
-2567
20848
11769
23034
-13320
13561
-26879
-10012
-15363
-12657
10749
-15220
7311
-22276
397
18818
31873
-26510
-10877
-6019
-14467
-3202
509
6156
-27647
-14627
-14083
-4968
-2565
-14447
-11884
23804
-2666
1413
13954
20342
-16762
30333
-15236
1672
1021
23555
17148
11890
-31498
16101
-23079
9980
26079
-9532
26618
12400
18169
-25862
6137
-11783
-26879
5349
-13827
4753
13309
-1653
-25970
-22276
26765
-30078
28545
-32398
-17533
13182
-21123
-14209
765
14347
-27391
-3876
-15363
-620
12284
15763
-16748
18940
16023
-14716
30338
16246
-20090
11645
-17028
4225
1277
23811
17916
366
16887
-24089
-31783
10748
-7201
26564
27386
-21136
22265
-25606
20217
1274
-27135
22245
-14851
17549
25597
31628
-9589
-22276
-15475
22402
-14975
21106
-9085
5502
-24195
20348
765
-4086
-27391
-14629
-16643
31381
12283
-4465
21136
16124
29591
-9340
20098
-32394
-23418
12157
2173
-24699
1021
23811
18684
-3985
-15625
-16152
-13859
20732
4319
-2111
-19974
22636
28664
-4614
-2311
31994
-26879
1765
-13315
-3953
19965
-31861
9357
-21252
27022
21122
-20095
-29070
-7037
-5251
-3459
10114
765
-32759
-27391
12253
-16131
-29288
-22789
5523
-22635
5372
20375
-1148
21122
27254
-25210
13181
2173
-3705
1021
23811
18940
-20367
17400
-22807
4830
21500
-21791
-11580
20219
-11921
7673
22011
23290
-19718
-26879
-11802
-13059
-12655
31741
-3444
-5746
-21252
9358
-26750
-27775
10610
-13437
-899
-14467
18816
765
7433
-27391
17372
-17667
19604
-3333
25234
-32367
1020
29847
-19580
130
15222
-30330
8061
3965
15235
1277
23811
19452
-1170
-24072
-27670
-28195
24060
-17696
-9278
-27909
-19857
-24840
22523
-20998
20987
-26879
-32026
-13059
27023
31997
-8309
-2164
-21508
-21618
21634
24449
5234
-8061
-10627
-17027
3454
1021
-17912
-27391
10460
-17667
-27753
-6405
-24685
12694
-8453
-15465
-15484
11138
-32650
-9338
9597
6525
22409
1021
23555
18684
10865
-12040
-17174
-30241
27644
19938
9155
-10245
-1171
28664
-26629
5627
13051
-27135
-15386
-12547
-32622
-28931
-19317
1680
-22020
-370
-32126
-22143
10354
20612
-16771
-11395
-4732
765
-14329
-27647
30429
-17923
17560
-7429
32148
9366
-22277
-23145
-2940
19074
-10122
-11642
14973
-21380
7558
1021
23811
19452
9328
-20231
32237
-17951
30972
-10525
2500
16380
8558
-13320
-8709
-25861
-10757
-27135
2537
-12547
-3440
-23043
29836
-8819
-22276
9359
-15230
-17791
30322
16772
-3971
-30339
31615
765
-29433
-27391
733
-22019
-4202
-13829
18070
14487
31227
-7273
-6268
7042
-6282
-22650
5757
4477
2180
1021
23811
18940
-15762
-5383
23278
-18206
31996
-8734
27330
27900
26221
-3081
-1029
-16901
-3333
-27135
-16408
-12291
-6769
-21507
9612
12686
-22276
-23409
-21118
22657
21106
2180
-13699
-12163
15486
1021
6151
-27647
10203
-22019
6811
1787
28052
17047
18939
12696
901
22658
-7306
20871
15485
1149
31371
765
23811
17404
31091
-18183
29421
-12061
32508
23778
-16960
32764
10093
-10
-4357
-12037
1532
-27135
26087
-12547
-9069
-25603
-4214
2448
-22276
1168
-6014
-22143
20338
-16764
-4995
-25731
7554
765
-27898
-27647
-15142
-23811
-359
-2566
22166
20120
7675
-21097
4741
8834
23671
-25722
8317
-388
-14458
1021
23811
16636
31345
11514
-17682
-6430
32252
8418
-26176
24316
19053
24311
-4101
-19205
-8709
-27135
25575
-12547
24977
-22531
-2420
-882
-22788
-14449
-2174
-30335
-20366
20100
-18307
-23171
-17798
1021
-10490
-27647
29658
-27907
14233
-3590
26519
23193
-5894
-15209
14725
-28030
119
-14970
3197
-388
391
1021
23811
15612
-25487
27386
13040
-796
-31492
6628
-575
-22532
30574
23287
6908
11516
8956
-27391
18152
-12547
-4975
-18947
14991
8337
-23300
15504
6787
3714
22898
-30076
-16003
-24707
11390
1021
9478
-27647
1243
-25859
15005
-14086
11927
12957
29434
3736
19333
25730
10359
3463
15485
-6276
9355
765
23811
16124
1908
-16902
26353
23783
-30212
-30747
1731
-3588
-2963
25335
16636
-27140
30460
-27391
-26391
-12291
23444
-16899
-6002
24978
-23556
-28016
12931
1154
19826
-25212
-9859
-24451
-27264
1021
-16635
-27903
16088
31997
-17001
762
-32364
-5484
11002
-27241
-4476
-26750
-22665
-1402
-32387
25469
-17022
1021
23299
15868
9839
-4870
4594
5095
-29700
-9503
-19269
-29700
-7829
2038
-517
-15109
13052
-27391
28391
-12291
24206
-20739
20365
17037
-22276
21648
-7550
-383
-17550
-16508
-6275
-5251
28023
1277
8198
-27903
29401
30461
-5735
-32518
5784
7322
-4103
-18793
14725
32130
-27017
5255
13437
2173
3721
1021
23555
13052
-8334
10747
-18189
-5143
-28932
-18202
10179
7165
-11409
20470
26364
-10756
-29700
-27647
29929
-12291
-23917
-14851
-880
-13678
-22020
-8048
14211
9346
-26510
3205
-13443
-25219
9344
1021
4613
-27903
-5927
-32515
-1381
-1287
3736
-5222
31225
-18793
8069
5762
-20617
-4986
11389
-6532
31882
765
23555
13052
-26509
28155
-24332
23532
-29188
-23064
-17468
17405
17007
24822
31740
4861
-17924
-27647
-21270
-12291
-19052
-13571
-17519
25236
-23300
6289
20355
-18815
-14990
-6012
-27011
-28547
-10368
1021
-10748
-27647
9687
20733
-16233
-27143
25496
-17512
-2824
-21865
4741
7810
3192
30598
4221
5245
-23165
1021
23555
6908
-13457
26619
-4364
-25365
-29956
-12057
9922
18429
25968
10230
29180
-772
-16132
-27391
20968
-12547
-112
-13827
11666
-25967
-24580
20881
19587
-23423
3699
-29052
28797
-24195
-27523
1277
-22780
-27647
-29227
12797
1690
-21512
19864
13979
5880
-11625
8069
6530
11128
-24442
20605
-644
-1911
1021
23555
1276
-21133
26107
-20748
20205
-29444
-29722
27072
25597
-26256
7668
31740
11517
-10756
-27391
-25
-12547
-26220
-14083
-10607
-30829
-24324
-15983
23171
-18047
6515
-11900
-10371
-31363
-24444
1021
13316
-27647
14805
10237
1435
6648
-12393
-2407
-29193
-9577
7045
15490
28792
-11130
27773
5757
-10870
765
23555
-517
1140
-24837
-15115
-14866
-29188
-23321
31681
28157
18033
-8205
-30980
17149
-5124
-27647
24552
-12547
3733
-13315
6033
17811
-24324
2450
25987
-7551
24435
6533
-4739
32125
1922
1021
9220
-27391
-15917
-18180
11159
248
25496
30615
5623
-30313
16005
22402
31096
-21370
-4484
3197
23431
765
23555
-5893
-2191
-15877
-23818
15343
-29188
28903
-20544
30973
-1679
2035
-30980
15869
-5892
-27391
488
-12547
24467
-13571
19090
-14702
-24580
3986
-31869
-1663
20083
-892
23677
-29827
-10880
1021
-765
-27391
-2350
-14596
-31590
-4362
-13161
13721
-21771
-18793
389
7810
-30344
-17786
-23939
6269
29582
253
23555
-13573
-11147
-11525
-10
3570
-28676
22248
32704
-28163
-21391
-17935
-26628
31485
1277
-27647
-2585
-12547
-15977
-13315
-30831
-22892
-24580
27282
30595
-9599
19315
15493
7038
29565
-31096
765
-18429
-27135
6098
-20484
-2662
-522
-7528
26266
-24332
-29289
-30843
23682
4729
-10618
28797
6781
18315
-516
23555
-17925
-29324
-1797
9976
-7695
-28164
25832
-26432
-26371
24434
20465
-25348
32765
1789
-27647
-5401
-12547
-14699
-13315
-16238
-30316
-24836
-25710
-1405
7042
-17037
14981
-17795
26493
30339
1021
-22013
-25343
-27440
10236
-11879
29686
22170
8347
18675
-25705
16005
16770
26233
-23674
6525
-15748
1162
-1540
23811
-29445
-27789
4092
-21768
-1294
-27396
17896
15039
-23043
-26254
-6161
-23044
-27139
5117
-27391
-5658
-12547
17557
-13571
-17773
32149
-24580
2195
-10621
386
-9101
17541
22397
11133
-18557
1021
-30717
-24831
31950
6396
20891
-15884
-27754
5530
11507
-9833
20613
14466
10873
-8826
23421
6781
3983
-3332
23299
-26629
18038
6140
-12296
26100
-26372
24549
9656
-24323
2928
3310
-23044
-31747
4093
-27647
2790
-12547
-106
-14595
-22641
-5741
-23044
29587
-12413
-895
-16013
27525
-19587
21629
-20347
1021
32515
-20735
-5170
-6917
-613
-8460
13211
-21347
22256
19607
12933
22146
-20103
6535
16509
-8068
28812
-6148
23811
7163
-3723
10748
-10503
-27148
-25860
-21016
-8258
-20483
-15501
8174
-20228
-20483
9981
-27647
15335
-12547
-9322
-13827
-18796
8087
-23300
11155
-9085
9602
17524
-20859
-30851
6013
21121
1021
29187
-14335
24781
16635
23195
-27149
16795
23452
-20754
24471
2949
-2687
-17799
-15482
19325
12925
6284
-8964
23555
-11270
-11147
13052
19706
-9483
-25348
2281
7358
-19203
-4237
-21012
-19716
-17155
11261
-27647
23014
-12547
-7530
-14595
-4203
-8809
-23300
-21101
-9853
-3455
9844
-22907
28029
28797
3205
1021
26371
-10751
-7988
22267
9375
-527
-4454
-2402
21740
28055
6533
7810
-6791
-17530
22141
3709
10640
-15876
23811
-17926
-17800
15100
-6918
-31241
-24836
17130
25278
-18435
9332
31468
-19460
-15107
12029
-27647
26343
-12547
-22375
-15363
1687
-27750
-23556
660
-2173
898
15476
-23419
26749
18813
19335
765
25347
-767
-16436
-29702
21403
30705
4251
1949
7146
29079
14469
-3199
-1159
-26490
25469
-10116
23689
-22020
23555
-18438
-16012
17148
31739
29688
-24324
-6166
31421
-18179
30837
-4372
-19204
-13827
12285
-27647
14568
-12291
17814
-16131
31896
1433
-23300
26004
8580
-6783
25204
-22139
25469
-900
-29312
1277
24579
10242
-22582
-519
22426
-273
28057
11931
5864
18583
645
-5503
5242
-11898
22909
637
-28275
-29444
23811
-20742
-20874
17660
-24581
30457
-24068
-5142
-17220
-17923
-21387
11755
-19460
-12803
11773
-27903
32231
-12291
-6248
-18435
-3688
-2918
-23300
30100
-4477
-11903
31860
-11387
30077
9085
-21626
1021
24067
20226
13769
-10759
-15717
-3859
-4456
-19557
2789
28567
10117
-1407
-23174
1927
12669
-11652
29839
19452
23555
30714
-14985
18428
-8197
-2823
-23812
27883
17596
-17923
-14475
-16663
-19716
-12547
11773
-27647
7655
-12547
-18791
-21251
-5480
15003
-22788
-5228
8324
-11391
-11404
6278
8061
-900
-17785
1021
24067
-21502
20679
-18184
18583
-28692
-3176
153
482
1687
-2172
-3199
-13702
-19066
21373
-1412
-22904
7932
23811
6394
14964
19452
8444
-19719
-23556
7402
-2630
-17923
23670
-25112
-19972
-12291
11517
-27647
21990
-12547
8854
-24323
23961
4249
-22532
3477
8836
-1151
-3468
2438
-30339
11645
-23932
1021
24067
-2302
26565
-1289
23705
-29205
-30825
3225
-17953
18071
3205
8578
-12678
-15994
11901
7805
21390
-9477
23555
-6919
11383
19708
11516
22522
-23044
26346
23226
-17923
-21130
-16154
-20228
-12035
11773
-27647
-5147
-12547
-18023
-26371
8344
-2151
-22532
29077
15236
8322
-5004
8838
12157
18557
-11637
1021
23811
17155
11204
-19209
-4967
-8215
3735
-17000
16092
6295
-8316
9858
-4486
-4986
24189
17789
-4978
28411
23811
-23047
25463
20988
19196
-21766
-22532
3562
29881
-17923
-5514
229
-20740
-12035
12029
-27647
24037
-12547
-15975
-30979
920
22426
-22532
28821
4996
15234
7541
16262
22653
21117
27784
765
24067
-11517
-30527
-28427
-18540
20200
-19563
10388
25308
4503
-6780
130
12411
-12922
26237
7293
-31351
14587
23555
-29959
-14733
22012
27644
-12038
-21508
18149
5552
-17923
-11405
27362
-21508
-12547
13053
-27903
20195
-12803
9622
26621
6037
-11372
-21508
-2923
16772
11138
19317
22662
27261
15741
1157
1021
23555
18180
3521
-12811
11673
-19481
-3690
-5992
20696
-2922
-636
2178
28027
-7802
32637
-3204
9874
-13318
23811
-5128
-23944
22268
-31236
32507
-21252
-28183
-29257
-17923
23158
-10782
-20228
-12035
13053
-27647
3300
-12803
15004
27389
919
23450
-22532
-7019
24196
5250
32373
30854
21117
-6276
-27762
765
23811
-6140
28864
23797
-7784
-5403
19350
26777
26837
-18282
5765
386
-24709
-3706
-14979
13949
-11123
25594
23811
-21000
22647
22268
-21252
-26373
-20996
28649
29622
-17923
5751
-18974
-21764
-12035
12541
-27647
-10781
-12547
-25191
22269
-26474
14232
-24324
-8043
-32636
2178
-23435
-28026
-24707
10365
-7032
1021
23811
-5371
30141
1779
-106
32740
17815
12184
-24880
28566
-3452
-10111
-23941
-3706
-19331
20861
-25972
-20999
24067
-12297
-32138
22524
-16388
-22277
-20740
6632
-31820
-17923
16247
1248
-23556
-12035
12797
-27391
11234
-12803
-15720
16893
23703
-25704
-27396
-1131
25220
1922
-28811
-20346
-23683
11133
-7288
1021
23811
22534
-14916
-6158
15003
-15903
28821
-28264
6861
-15722
133
4738
-7813
-3962
25213
5245
-31342
3065
24067
-19977
11898
23036
-14852
-3333
-20228
-23321
23474
-18179
22646
-27682
-24836
-12547
12029
-27903
10210
-12803
12956
2301
22165
-21863
-31236
29078
-30588
11906
-8587
-30074
19325
-7812
5004
765
23811
14343
-25157
-271
4248
-26144
-18795
-8809
-26423
-14442
-4732
-9087
7804
391
25725
8061
-15732
24824
24323
19191
15223
23804
-7940
-8965
-19972
23270
25264
-18179
-29066
-30755
-26884
-12547
11005
-27647
23265
-13059
-20840
-2820
-18795
19096
30716
-26218
31876
-5503
2166
-22650
18301
2173
21125
1021
23555
18184
14522
7664
18071
6623
9622
-17257
23494
-32618
4229
-5247
11132
23174
-25987
26493
19852
-11273
24323
-27658
-23178
24060
-5892
8444
-19716
-10523
29359
-18179
15478
22491
-29700
-12803
11261
-27647
-31008
-13571
-19304
-7684
28054
-29032
26620
-22378
-18812
14722
3702
18310
25469
2685
15497
1021
23811
-16120
-584
4337
26778
2269
-9068
1690
25795
30358
6021
5762
27260
-21370
-25475
11389
-882
-3082
24323
22774
21880
24572
-3588
15868
-19716
-9499
12974
-18179
-26763
-31782
-30980
-13315
10493
-27903
3552
-13315
-1895
-21252
32149
30105
21500
-9578
-17020
9602
19830
-18554
19581
-3972
31626
1021
23811
16394
27831
-30994
-1642
-1573
-10347
-17769
-26433
6038
17285
-11903
-30596
29062
-18563
18301
-2681
8694
24579
-19211
885
24316
-516
16380
-19460
3044
-20564
-17923
16502
-27431
29948
-13571
9725
-27647
10207
-14595
-3947
-27396
12438
-5994
14332
-16490
-8316
1666
21878
30086
29309
5245
-22141
1021
23555
21259
11190
28908
30102
23769
27029
-17770
24251
1430
5253
9858
-15492
-21370
-22659
10877
18572
13045
24579
-8460
3703
24316
-1028
23804
-19204
-24093
24235
-18179
-16779
-26410
27388
-14339
7933
-27903
-26146
-15619
-21608
20732
-13163
11672
4092
-12906
-13436
25986
31606
-23674
29309
-7044
20873
1021
23555
-32501
-1613
-17684
-12138
23510
-8302
-11116
-13639
-17003
1925
1666
-13188
27014
32381
28797
4492
-6413
24323
15349
-30858
25852
-772
20732
-18948
23264
-19548
-18435
13171
469
16124
-16899
5885
-27647
-20772
-16387
13463
-12037
-22382
7572
252
-7018
-13692
16002
-30090
-29306
9853
6781
20615
1021
23299
-4083
6323
-22807
29587
-6442
21141
-17004
-23628
-14187
8069
-12927
17789
32646
24701
13437
22663
21491
24835
-13069
19316
26108
2557
16636
-18436
19682
-28504
-18179
11894
-3116
18428
-16387
4605
-27647
-8996
-19459
-15979
5116
-16490
28822
-13317
-1898
3461
9858
-4746
-16762
-4228
-11908
8326
1021
23811
1295
-79
-28440
-30826
6868
-25196
-9067
21425
4502
2437
-4991
-388
16774
-25987
24189
-2676
16626
24835
21235
-28041
26620
2301
-30468
-18692
10210
-10073
-18179
-15243
-8494
13052
-17411
3069
-27647
-27172
-19203
9369
-18693
31894
19865
-25349
-30569
-16252
18050
-22922
-28282
23421
-1924
11405
1021
23811
-17905
6321
-30488
-21610
19410
-8557
-8299
27821
1174
11141
-4735
19581
29062
-18563
28541
9101
10737
24835
1523
-2185
26876
1789
15868
-18692
22753
7847
-18179
-28555
22738
8956
-18947
1533
-27647
17372
-20227
5017
28155
3989
31383
24571
-30569
9605
16770
-5258
-21114
18045
-7556
30600
1021
23811
-1263
7855
12772
-6766
-8496
29075
-30062
31402
20629
133
-8831
23421
16006
29053
24957
-2423
28656
24835
-32270
-7563
26876
1789
19196
-18436
-11296
-19292
-18179
-9099
-7216
-5
-20995
509
-27391
-25126
-26371
26263
16379
8342
-32617
11771
12695
7045
13186
-6026
-24442
9853
-2180
-7546
1021
23811
25618
942
-18716
-27755
15311
30610
-17005
20904
-21355
11397
-10111
-19587
-29050
-28291
20349
-14704
19439
25091
14834
17529
27132
509
29180
-18436
14048
-13405
-18435
-13708
23503
-5381
-22787
-5124
-27647
28378
-25091
-30309
2299
3221
3737
763
29079
9605
16770
17527
-7290
6781
-4740
15245
765
23811
-24048
26030
12518
-5737
-27183
-15721
-24935
15016
11157
133
-24703
-28035
32134
-23939
29565
-24434
7405
24835
-22544
18041
27388
2301
29948
-18180
-29215
20391
-18435
-138
-27952
-5
-20739
-516
-27647
12507
-24323
-2919
8955
27799
7833
-6
15511
-4988
-2175
13687
-4986
20861
-4228
-19320
1021
23555
-3566
14253
-16670
-2666
11472
26264
-10601
-19292
18325
11653
-16511
-10115
15750
-18563
-26755
31117
10476
25091
-27409
30329
27644
2301
-27652
-17924
8928
-5723
-18435
-26249
-10035
-7685
-23299
-6148
-27903
5338
-28163
16537
-4614
29847
-15465
-18694
-29801
14981
11138
-28553
-23162
16765
12157
-20856
1021
23555
2324
-17492
26083
-1381
14031
18329
-13157
5025
24469
-11388
1666
10878
22918
-21635
19581
-15981
10986
25091
-5650
22909
27900
1533
-15620
-17156
10465
-8283
-18435
-9865
19149
-6661
-23043
-6148
-27647
9690
-24835
-29283
-11270
18584
29340
25594
-17769
-6012
28290
-11657
-21882
12413
-7812
-16501
765
23555
6166
18603
-27935
-12136
-30771
25241
15515
-26981
-11116
-8060
-17023
21118
15750
30333
28797
-29042
-4376
25091
-1555
18298
28156
2045
-23300
-16644
-32288
-13404
-18435
17784
32460
-16901
-27907
-10500
-27647
16089
-30979
21146
-12550
-8808
32411
-5127
20631
3973
898
-14473
-20858
-644
-12676
5253
1021
23555
-2538
-7256
14046
-3179
-15670
-3690
-8042
-13157
-15724
-6012
-14719
-27266
23430
30589
16253
-31604
-26905
25091
-2835
25464
28412
253
-15620
-16388
-8740
-20068
-18947
-30603
-10039
24315
29693
-14084
-27903
12247
28669
-15977
-6151
-14187
13974
-8199
31895
1413
10626
4984
-3706
7293
-14468
-18809
1021
23299
24345
25000
-17185
-30565
-2616
-1896
20635
1172
-27244
-7036
-14207
-25730
-31354
-3715
27517
6546
2533
25603
-19221
14205
28668
-260
-15108
-16644
5856
4516
-18435
9593
9674
-25861
-26627
-7940
-27647
-13353
32509
-12132
4858
8602
-29796
3321
22935
12933
16770
-1673
11655
24957
-6532
28555
1021
23555
-32484
21927
-17957
408
-8761
-23655
2458
-21103
16788
-18556
-27007
-29058
-2171
-8067
21117
4235
-19229
25603
26602
20345
29180
-516
-19204
-16132
-3106
-20830
-18947
5754
-1848
25851
31485
-20484
-27647
983
22013
18072
-10247
-3686
20378
-17160
24215
-1660
3970
1912
-31354
20349
-16516
29061
1021
23555
17439
4006
-3625
-22377
14533
9625
26009
-13684
-21868
-20348
-13183
-14466
3462
-8067
24701
-27505
-543
25859
10473
-14213
29436
-2052
-12292
-16132
-27426
29601
-18691
7034
-25914
19963
30205
-20740
-27647
-14634
14845
-25189
-27655
12187
-612
4856
-10089
1669
15234
4472
-17274
25213
-11140
-14454
765
23811
6177
31395
28119
-24169
-13889
-3178
-18791
12935
17812
-21116
-25983
-1410
-9595
-19331
31101
-18287
-8226
26115
3816
7037
29692
-3844
-13316
-16644
9439
25762
-19459
-7302
1733
5115
25085
-28420
-27647
7382
7421
-19812
-18184
29595
-21092
13815
-25193
645
4738
19320
-25722
18301
-5764
8076
765
23555
6949
3746
17361
10387
-16707
-29802
-20588
-16512
-1389
-9340
-14463
12415
8582
-18563
-18307
-32373
-5668
26115
-17178
27769
29948
-5380
-15620
-16644
-26915
26783
-21251
25979
-25917
-22022
11773
25596
-27391
32468
-19460
9625
22008
-31844
6811
7670
-18793
7045
17282
12664
-1402
9341
5757
7561
765
23555
15656
7584
17615
29077
30649
20372
-31084
-7302
-16237
-9084
-15999
32127
-13179
14206
31869
-7280
4314
26627
12518
1148
30460
-11012
-18692
-16388
28893
-6498
-22275
-14981
15297
24826
2557
8700
-27135
-23853
-20484
24732
-11530
19355
-7012
-7180
-22633
22405
16002
-18056
-14202
-30339
-8068
-2672
253
23555
-23766
-19042
1487
30869
-11337
-18797
24981
4215
20115
-6268
-20607
-30081
-12667
5246
-11907
-19568
2519
27139
24293
-25220
30716
-15108
-28164
-16132
-29732
8861
-24067
22396
-32065
-4103
-8452
1532
-26623
-46
-28932
18844
-31242
7834
-28773
6644
23191
19077
16514
-21384
-16762
25725
10109
-22900
-260
23555
9264
22684
30663
1169
-21324
916
-25454
2931
26003
-18812
-24447
4736
-15995
894
-16515
23180
-6188
28675
-11804
-19335
30972
-25604
17404
-15876
-13606
-16486
-26115
-18053
-30787
26873
-23812
-25093
-24575
8913
6908
921
26869
-8296
8089
8435
-25705
13701
11138
8057
-11898
20093
1405
1676
-772
23555
-26830
29594
-7738
-5997
-4688
28562
29331
-26773
-29805
-21372
-31615
1152
-11387
2174
-11139
-6510
16849
29699
18915
21117
30716
31484
15356
-15620
-4648
-5224
-26883
6010
-2375
12025
-27652
-16645
-23295
-17457
-5
-17508
-20492
5271
-32613
14321
-2409
14981
8834
7801
-10618
19325
4989
6034
-2308
23555
-5071
-32616
-16442
-24174
20398
30609
2962
32105
23699
-22908
-30079
12160
-31867
-11907
4990
15500
-26675
28675
22499
7802
31228
23548
3580
-15620
-23340
30096
-32003
20088
-329
20472
6908
24571
-23807
25549
-13317
-4457
5875
-13164
23445
31216
-6761
19333
-2687
18041
-26746
10621
21117
5770
-4356
23299
-13509
-4458
8639
-28783
-32341
-13679
-17519
23651
-13166
23684
31361
-29312
-22907
-9603
-17283
31884
32458
-29693
8416
-4998
30972
18940
-4357
-15620
-9514
17302
-29699
-8838
-4170
32504
25340
-22021
-15359
11469
27643
-10600
-5646
-29289
-26983
-16658
30103
-1404
11906
32633
-15994
4733
-1668
5004
-6916
23555
-17859
-3947
30656
29589
-856
-2416
25237
-11169
-16238
-30076
-11135
-22912
-22395
4990
-13443
24978
-27450
-28157
22751
28542
30204
8956
-261
-15364
30166
8084
-32003
-6023
-29003
15096
20732
23291
-12799
21964
-25861
11420
-12303
16022
-7782
-31763
-25961
14725
26754
-29063
-24954
17789
-3972
31374
-11012
23555
27459
-1133
-22085
-1135
31653
-3184
-3439
20826
30866
28548
-23423
16513
28293
14974
-8323
-4468
22467
-21757
-547
-24965
30204
5372
-31493
-15620
30164
14738
23549
-17542
-3405
-30217
-17157
-30982
-3327
25547
-8966
-11368
-3856
20886
-873
-32021
25751
6789
14722
6010
-28538
20093
-1412
12679
-14852
23555
-19386
-27247
19378
-23919
-31326
8081
-9839
2132
-5231
-27260
-26239
-21376
29317
6782
-9347
-1396
10172
-16637
18651
-20101
30204
-7685
21243
-15620
-12590
-32369
17149
5755
-5457
-20490
19707
27642
3330
29385
-1031
12697
-14865
14486
-24169
-5656
9623
22661
16514
-30599
-21882
21117
-3204
-15477
-27396
23555
6729
4496
14004
21908
-6243
-24944
8852
-12467
32146
32644
29057
-32127
30085
5502
-6531
-4209
-11594
-14845
-22054
-13955
31484
-18949
23035
-14340
-46
-22385
15613
-24966
-22610
-28938
13051
7930
8706
15561
10490
-21862
2031
-6506
4506
8422
1432
17285
9346
11130
-20090
13181
-2436
23437
25852
23555
-21167
3214
-14164
-1904
3482
22416
-18288
9288
-29806
-30844
-23167
-1663
26245
17022
-16259
13192
-31054
5892
-17960
-26759
31484
-22021
-11782
-14340
10193
28813
8957
31355
15021
-14603
2043
-3847
-31742
22472
15097
-19562
-1555
30871
-28265
9443
-32360
30597
-32638
27002
-10362
23933
-5252
29830
14076
23811
25175
-23156
-22618
30353
16279
4752
28560
-4541
17299
-30844
-26239
-14463
-25723
4478
-7299
-884
-22866
23556
21719
-9349
30716
28923
-21510
-15876
-12592
-4725
-260
15739
-28502
18421
-23814
20729
-10238
-17721
-28936
13210
-5908
21143
5273
-14368
30105
25989
24962
15738
22407
9085
-8836
1420
1020
23811
-10403
-887
-32603
26258
9617
14991
657
28221
-10349
-27772
23681
21634
-23675
18302
12414
9871
23207
-22012
2517
-22915
29436
13307
-17926
-17412
20687
-4983
-1284
-18565
-9562
-15628
31738
18169
19715
-6715
8696
13979
-19734
11927
22682
-29988
-23398
-31355
642
-30598
22919
15741
7293
-4724
-28165
23811
13669
-7545
-3430
14477
20111
32399
4238
9275
29331
-20860
23425
-30334
31621
8062
-5507
5001
-23389
14341
11474
1914
26876
-4614
5370
-20484
21965
18055
-17412
-23684
-1372
31219
-17415
-18952
-3581
-6973
11766
29079
11497
14999
-21098
-20518
28314
-14715
11394
-15494
23431
2941
-3972
11402
19451
23811
-5022
645
-3688
22671
29835
12685
-4211
20532
27539
18308
26241
-5246
-28795
12670
17534
15757
-11108
5
-5680
30332
22268
27130
-10759
-22788
-12343
-4993
-29188
-18310
-28513
-7183
-11784
2808
-17405
11201
-779
-6760
-9499
10644
12949
11221
-14182
29317
14722
-7814
-29561
11389
6269
-7537
-18438
23811
11113
-636
3740
28050
-1395
-29550
19604
30517
10643
-21372
21377
-5246
-21115
22142
10110
-6769
-14698
12293
1741
-2434
18940
18938
-22535
-23556
-26421
-6778
-26372
8316
21664
-32014
2553
18168
22276
-12607
12278
16795
-3097
-30056
-8037
22486
-22374
-16763
21378
16251
-25721
20349
3709
-17013
6906
24067
27249
-126
11408
-14450
28042
-3439
-11121
27185
-878
28804
10369
-22141
-30587
25726
30334
-628
-1135
-1787
14538
23165
13052
-1031
1785
-29956
17354
-3708
13052
2685
-10852
13553
19448
-9738
19973
-1601
11508
29593
19430
5017
23962
-26158
-12646
-6523
9858
-29061
-19321
26749
17533
-16758
-29191
24067
7796
-2176
20623
-20847
-1658
3474
-21357
1838
-15470
-32380
27521
-10877
-25723
16766
-26498
-14700
-23414
8454
-11833
23681
6908
24569
8441
29948
8393
29059
3836
-18820
-32359
21232
-8969
22518
-21755
-23106
-9997
17054
484
-24168
7837
18383
-5990
-9851
16514
-20101
-24441
11389
30077
-31343
-28424
24323
-26501
-642
3213
-12144
27522
29841
-32367
-25558
-2414
7812
-23167
4996
21125
24702
14974
5520
903
-2298
-12347
1152
1532
13049
31992
25340
24520
5251
-6917
16510
-1128
19951
24311
15094
-14586
22205
-4622
3483
483
-17767
12700
-16949
22939
-28283
-26238
-3717
-32377
19581
3965
-25204
1784
24067
-8062
-22403
21634
6799
-22403
17552
-29554
-4571
-28014
28548
25473
14468
16261
29310
15486
-1907
-11133
17928
-829
-3202
3068
-5640
27640
17148
19656
16514
-24837
9598
-28009
-18194
2551
-6411
2824
29116
-4880
2970
31712
-27239
-16741
14790
19099
-1659
24450
-2949
28551
18557
3709
8332
-31753
24579
-24956
-15493
29061
9619
-13957
-3953
-10606
-14813
11666
-25980
7553
-28796
12677
-20354
-26498
-30060
19325
19464
-18495
11395
-9221
20984
-7689
13052
4295
-21119
29435
28030
-21612
-22291
32758
5365
24584
19899
-21263
-9571
2271
16792
-8803
21443
155
5510
12674
18556
-29561
25981
20605
-14193
22518
24323
-13174
10618
-13698
-13681
20601
-28528
8849
20257
-2415
-19836
19841
-25468
20613
31614
27006
20879
-13448
13577
16063
28288
-12293
6648
7927
-1285
-14139
22400
1275
31103
-19565
-24340
-22539
-26381
-22519
8890
21999
22170
5854
-1128
20635
-16705
-21350
-1659
12674
13692
-28281
12157
12413
11913
29173
24323
1680
-1673
-30603
-8050
28021
9616
-28017
18718
31889
16772
6017
8837
-4732
-29570
-19842
-7538
26994
13578
22972
20096
-22789
-30729
-14858
-16645
11460
-11394
-28166
1152
-21104
19435
-5900
-22285
-9206
-1097
-18964
5530
-30757
-3944
-4198
6587
-4198
-13179
7810
-10884
30343
20349
27005
398
1780
24323
-3441
28534
21368
28050
10866
30865
-8300
-20453
-4720
2692
6017
27525
25221
-29570
29310
18834
-12693
-13559
30649
-4990
31227
-2570
19958
-23813
-12861
8063
22778
16256
29327
15082
17396
-14606
-9718
-5194
-788
-13157
-18214
17561
-1124
-16458
31130
-21627
8066
637
-11129
21629
5757
17296
23538
24579
-13410
-17553
10345
5255
-9118
-13946
-21629
-15600
-27504
15492
14977
28805
-13180
-18818
-29314
31621
-3988
-25842
8380
2170
13307
-13323
-23052
2555
-26950
-17299
7160
12159
-21114
-15646
17646
13294
1295
6577
-12058
18833
-27695
20113
-882
21406
16538
-21371
10114
21629
17543
23421
7037
-23931
-21774
24323
-16228
26226
7017
-2418
20331
-6511
2706
30487
18576
-3453
20865
31109
-24444
-3202
-18818
17296
11618
-10740
29363
22914
17403
5366
-29964
-6918
32705
-18820
22521
-29311
-29558
-23833
23794
-13841
23054
-23885
8936
-25702
-19754
-16487
30875
32430
31898
-14971
25730
-17796
13191
-23171
20861
13456
-31249
24579
