2161
-11562
-5915
18404
24612
-13662
-12077
29337
7357
8343
10649
895
28569
10629
-19839
30847
-26746
-7811
24957
3222
31452
26371
7399
-32639
1532
-3332
-4100
29948
-23843
-10082
-19459
29308
-20801
-6
16893
-11780
-27391
26326
3325
-1633
6904
-20579
20640
-17931
19101
-22139
17794
25976
-31609
19581
-12689
27860
-8477
-12319
18472
28577
26573
25236
13755
27030
-24172
-11397
19609
20101
-29567
-31361
-29818
5502
-27267
-9327
-7461
26627
31718
26494
508
-6404
-13060
29180
25565
-14691
-20483
10621
-5955
-27142
2813
-32260
-26879
18389
-20228
-868
-19721
-28003
-8802
7669
21661
-24699
4226
15992
32647
26237
26221
29139
-29213
29921
19496
672
-28466
11927
-14151
-25707
3479
24442
23705
20101
-21119
24447
-18810
-16771
30333
28055
-13863
26627
-21274
13185
-773
-11524
-19460
28412
-6180
19613
-20483
17020
-23619
25594
1533
-28932
-26879
-13868
-13572
7840
6647
28315
-2402
-13580
28829
-18811
21634
32632
-24953
14205
14957
19922
-25374
9439
9258
16031
2511
22935
31671
8853
17047
31606
11673
7813
-11135
-19329
31366
-23939
-24195
23700
1240
27139
-27
13440
-1541
-14596
-27652
27900
-14628
29085
-21507
-388
-4932
10490
-7428
11260
-26367
-3373
-16388
24734
-21258
-101
13983
-4365
20125
-26491
27778
-26504
24455
-644
363
28369
19170
8929
-11731
19358
8905
-10092
8886
-11116
32661
14453
-8552
17541
-17791
-28545
-31866
-17795
5758
30610
2007
28163
15845
-2178
-2821
-17156
-27396
27388
13788
-21605
-21251
12413
7355
6138
-2052
-23300
-25599
-31021
29948
-31075
10486
-32101
-32354
-21517
12445
-23419
-31870
26232
-28793
-1668
20328
-4657
3809
-25634
-26323
-17507
16586
-25960
13749
13205
-16487
16755
10393
29061
-16255
640
11654
-12931
-23683
13210
29652
28163
-7708
6531
-3333
-21508
-27908
26876
-15909
27547
-22019
-19332
5049
-7175
-11012
16636
-25599
19667
-28676
32673
-17931
24474
-19552
10995
-24931
-4987
14722
-14216
17799
3197
14953
9167
7136
-27427
-24016
28060
457
13718
-8526
7060
19862
-10898
-24936
27013
5506
-7041
32646
-14211
-28803
10387
-3118
29187
-15133
-29569
-4101
-23556
30204
26620
8666
-6503
-22531
-21892
14521
-16903
-14596
19708
-24319
2514
23804
9373
20981
-2919
-8804
3826
15517
-1403
-31614
-17288
28551
15741
14184
15563
-8228
-551
-19660
16793
-10045
32657
3247
-12913
26255
4975
30104
10629
-16255
17792
26758
-21891
-31107
-12402
-30511
30979
17381
-20613
-4613
-28420
20476
26620
19156
401
-29443
9844
26294
-5128
25084
-11013
-21503
-3122
-6149
26265
4595
28309
18327
1010
19101
-20091
26498
-6792
-26489
2941
-10395
-4149
-31523
-21285
17460
23961
24263
7063
12205
13712
13717
-6295
29592
21637
-14463
20608
31366
-1155
-27779
-2413
31182
30467
-13341
2176
-6149
28412
8188
25852
-9770
-1389
-26115
2169
182
5881
27644
-5893
-22015
-11057
13820
5789
-3854
-9067
5786
-23312
19613
134
31362
633
-27769
5757
1381
-28215
29659
29145
-23240
23448
707
-19821
-25428
-20848
-28014
13159
3224
4229
-895
-29312
20870
-15235
32637
-21875
-27700
-32765
-21022
-29316
-6661
22268
3324
25084
981
11411
-29443
-27015
17589
-23816
18428
-1285
-18431
24526
-14085
8857
-18702
21398
22935
-7697
7837
-19067
-28030
10361
24199
-2436
16995
-25400
8923
10457
-15303
-29033
22207
-15213
-28245
-13423
5010
8292
1176
12421
-18047
30848
24198
-2435
-19843
30607
-19254
-31741
738
-23427
-7941
15612
-18437
24572
-26924
14737
-31235
-24968
26035
16376
7420
-19205
-17407
10446
-31749
-21094
-19727
22677
-106
-9490
20381
-9339
17538
-6792
-24441
10365
-8607
18119
-20263
18647
-7366
-17770
3010
-8299
26025
21393
-22893
4193
-13417
15237
-13951
-19072
11142
-4739
-28803
-368
26311
-31229
30177
-30082
-8965
6652
26875
24316
-13868
6033
31997
30840
17586
-8457
-9733
18171
-15871
-16947
-27397
27291
20465
10389
-14696
-10003
17565
-6011
28290
5753
28039
15229
11617
709
-24617
10964
-11714
16021
-22341
-14703
17577
12434
-17006
5727
22167
21893
-5503
-3712
11910
18302
-21379
-1399
31941
-27645
21472
19578
-8709
7164
-7686
24060
2003
-30833
24317
17017
-30543
11767
29947
-18182
-10495
-15924
-11782
22423
-10000
-3692
-1389
9197
1181
390
-24446
26489
-29305
25981
3423
32452
30935
12245
-7360
1428
-7495
-11117
25767
-13934
27539
-26020
19351
1669
-21631
2433
18054
-5507
-14979
-30833
1218
-24573
-22050
-17795
-10245
-5893
13307
23804
-16942
-18291
27389
-15752
-4689
13559
-27909
5115
-7679
-24885
-5382
32410
-10513
-1132
-32106
9196
7069
-15227
19842
30329
-28537
8317
-1699
-10302
-23084
-816
-3773
16787
-14406
-7788
24229
24466
10900
-937
27031
10629
-6015
22913
6278
-8067
894
19344
-11074
-22269
3294
11134
-11013
-14597
4091
23548
4562
3982
20733
-22920
16046
-16650
6907
27898
-2303
-13110
-11014
-30310
-26641
21141
20888
26858
32669
390
-26750
-22151
26247
-1924
-11684
-11839
3029
-19246
15177
-32367
1458
13456
-14684
18068
12691
11094
-3434
901
-20351
-14463
-19835
-8067
-16771
27020
1724
-12541
-23589
10876
-12805
-25861
-19974
23804
29392
25483
26109
27257
26796
28150
28155
-262
9218
26057
-5383
-31080
-23569
-3179
10135
-22295
14493
-11131
26754
4730
14983
125
21594
-24384
-31533
-9520
22602
-28528
19122
10644
26786
-18285
32660
-31662
-9322
-8316
-31359
-25471
-1915
19838
-5507
-31853
11960
-11517
-551
-12929
-12293
-28933
-16134
23292
28880
24459
22781
-24968
31402
19190
11771
-24326
12034
5577
4090
31644
-17938
22678
-18535
2536
13725
-15227
11138
-7815
-27001
27261
5210
12734
-27696
-22322
10317
-16753
-23117
-26477
29856
-15726
22419
-2736
-31594
-6780
-16255
-24959
-10363
12414
12670
-30321
-4428
-10493
-32295
30846
-12549
-28677
1787
23292
-7220
-18043
12029
-17804
21929
27893
20986
-16903
19970
-22073
-7431
16793
-14867
32405
-28010
18663
1437
-9595
-30590
2682
29319
10365
14936
3517
-2097
25293
-26029
28046
-4695
32146
9118
-15981
-6255
15947
15766
-9596
-32383
386
-15227
12158
15486
-20849
-3663
8708
15830
-12162
-13573
29947
-9734
22268
-12850
9866
11773
14970
8104
-22795
-20742
-263
-24830
-25913
2809
-18278
-19219
-3433
-26472
-27676
5533
-15995
18818
17530
27783
23421
-17578
1980
11471
-26421
9301
25485
17580
-29802
-20582
-366
27796
-9658
19350
1669
-25983
7042
6278
25214
11390
-13417
29869
11780
12757
-31357
-17157
14843
-8710
22012
-30258
14730
10493
14202
-31066
25845
-24582
-6151
-19198
-4410
-30471
11423
-14101
-13162
3996
11234
4765
-1403
29058
20858
-10873
22909
15957
-5447
-3891
-9014
-24231
-10613
-7768
-15725
-20840
26258
-25966
-25021
-2411
-11900
23681
16770
-10363
24190
-7811
-2159
-3415
22020
15059
-28288
-16901
6907
-11526
20988
-14130
-25975
5117
-9093
-3419
-15628
25850
-17159
-254
966
-28168
-16997
-10005
-24168
31131
17376
-6244
-8571
11394
30842
30343
21373
339
2232
-12085
2505
7517
-4215
2977
-17774
17815
-17261
-16493
-9663
27285
-15740
-32639
26498
-12155
18558
-10627
13969
28326
-27388
25553
-28800
-18949
-2822
18682
19196
18126
2185
-3588
27772
14500
12020
-6151
-5640
16387
29637
-19465
-11621
491
-25959
5019
6367
-17764
-17275
17794
-31622
-27513
24701
9553
-23626
4298
28358
-32418
905
11429
-13418
18324
-26734
-1899
-12739
28053
-18044
-32639
31618
-23419
22910
17534
6037
-23647
-27644
-31792
-10878
-20229
-15110
-1287
17660
29901
19080
-12292
25468
4259
30707
25593
-20488
23299
30916
7160
-1635
-23063
14232
-869
30428
-22628
-8827
22402
-21382
23943
25981
15184
4276
25288
31173
18788
-27513
-3170
-14702
23698
-25966
-23405
3387
-2156
-7292
23425
-9854
29829
22398
382
10894
-5474
-2556
32462
3968
-22789
-26118
-2823
16380
-28212
32135
-14852
31869
-14687
-1806
22265
-26376
-9213
4035
-2570
-22375
-1816
21913
1179
-32550
28572
-2427
15746
-1158
10631
13693
26190
-31054
-31290
-4925
23143
-3963
28057
24466
-12913
28562
-23406
-12744
31380
-20348
14977
-1150
-26491
28030
9342
-22383
-25701
16645
-12084
-3968
-24837
22266
-3847
13820
-32564
14727
-23812
-20355
-11617
-28430
-264
23800
9988
1218
9206
-12389
-12825
-26215
-10085
-16168
17308
-635
8066
-3974
-30585
27517
1101
-6992
-26171
-24383
-2200
-2684
-31844
660
-17267
3730
9876
-8651
29844
-12156
24449
24195
-26235
29566
6526
-8813
-1642
15621
-20277
24706
-26117
2298
-24583
11516
5324
-18042
31740
21886
-2146
-1551
-18440
-13833
21252
31681
16374
-30052
-26138
-20584
10395
20950
-32100
4486
9602
19579
32391
23933
-14771
4271
6594
29886
-17554
-29053
20372
12176
-6262
-8303
12944
-22734
19860
32388
28289
26243
30341
29054
25470
26508
-5741
-16123
5833
17790
-25861
-263
-24072
5884
5579
-2938
15100
22399
30621
9457
-14345
-26122
-1020
-29760
28660
-31336
2790
-13927
24984
-26925
-29028
-15739
25218
31611
32647
-24963
28234
18604
-7488
15550
-17552
24450
27539
22673
-21367
14737
1681
-30670
15252
31876
19073
32643
-26747
22398
25726
-27504
-4464
-12027
-17463
-25216
30715
-31751
-9992
5628
14280
-19583
1532
6013
13722
17903
8439
-24842
15109
-19522
25076
-6503
-31261
-16234
-29801
7891
-28260
-11131
7554
28539
-18553
23421
-26807
11692
12992
-16708
24946
-17535
8596
2707
3464
17043
-18541
814
-1133
25988
20097
-24445
31877
21886
21118
9363
13197
2054
2247
-23422
-31749
27641
-27400
764
-12854
30854
252
-23681
24987
13040
23799
-15115
28677
24767
28916
20380
23268
18330
24732
5071
26012
-20603
7810
-31877
-27513
11901
-17848
11434
22974
-26181
-23689
-21376
15754
6031
20871
-1389
-18287
-11731
-29805
14980
18305
-26493
32645
28542
21374
11407
6027
-20986
14277
-13952
29435
17913
18680
-1029
23753
-20859
-3845
10368
-11879
31471
11255
-2571
11782
-10307
30706
27034
32227
24218
-18534
-9522
-4709
-21627
7810
31867
-26489
21629
-32698
-3672
-9283
-16966
3192
27263
21131
9618
-30588
5523
23187
13611
-24685
24708
10881
11396
27525
27518
19070
-20843
19079
-24826
-22077
132
24315
-8968
23288
-5125
21705
7044
-15109
-22657
2968
5359
-3338
-22539
15366
19901
-15886
13470
12770
20889
13468
5324
21916
-24187
6018
-389
-25721
27773
21317
29352
18365
-8519
-28805
27262
-27765
13459
898
-5228
17557
-30679
17299
11652
22145
19076
10629
-18562
31614
6035
8068
7175
-30015
-18557
25595
-18696
24568
-6917
-24632
-25469
-4613
-3712
14231
3567
4599
24822
-14842
30908
-26638
-23140
-4127
-10086
21148
10442
4508
32645
16770
4476
12679
-25987
-1213
-21082
9147
6328
28800
19837
-28799
-2672
2176
-20332
19091
28455
2707
21892
16769
2180
-20348
-24450
27006
2194
-18815
7176
-20545
-25214
25339
-19720
-22025
-13317
12744
28036
-18181
-19071
-21099
26862
-27146
15861
-26873
-21317
-17424
-6757
-19743
-13413
11677
-11321
-1637
-17275
21634
-5509
3719
31613
-5567
8613
24761
-3659
-4221
-32388
-13181
1683
-10886
-13424
-32110
32292
2195
11140
11137
7556
2693
-20098
-31874
-103
-16514
-15864
-23106
9095
23035
-18696
14585
-13829
16073
-9084
-7941
-5502
-2925
-786
3831
7670
15368
-2885
-11023
-15712
27104
15004
-25184
14276
-1125
-21371
13186
2172
11911
-31363
-5310
23459
5560
-8780
-17272
-21382
-29824
9360
2937
27792
19601
10532
-11886
20100
16769
25988
-1148
-26754
-32642
13972
-9859
-26871
30653
-10621
23547
-21000
-19464
-17413
27592
-15484
-26885
-16253
-23149
2542
31222
20981
13321
-16966
12784
9373
12768
-22116
-9058
-15421
-9829
-16763
18562
15996
16007
-32643
5440
-24672
-19019
28082
15499
31609
-27270
1935
24439
-6257
25743
2850
20882
10884
22401
23940
-13436
-22914
-28546
-2414
-11142
13066
-26181
-24957
16635
28408
9464
-31493
7623
-15486
16891
-14973
-13935
11501
-1803
18164
-16375
-30023
-19218
-25444
-20514
29340
7582
-11584
-23653
-23675
27010
13948
15495
-27523
-10435
15775
-14412
-20815
-19829
-28552
-386
-27246
18035
-29298
25489
-20961
10386
-5757
14465
-30588
2437
-19330
-29058
-21354
-20618
-2295
24251
902
9723
-2313
-6921
32507
967
-382
4859
8324
17296
17900
23285
-21773
-9719
-5704
32751
-28770
8669
-19557
-29025
23485
32411
-32379
9090
16252
17799
-32131
-28353
19357
27570
-3154
5008
19063
15227
20878
-11916
18062
-12659
7968
13714
-19581
5505
-29820
-8060
1407
14974
-30579
-1419
-27382
31932
-15232
-4614
24567
-9226
21243
20162
6267
20986
20865
10383
28137
26355
6642
-7158
-23114
-29203
-8297
8922
5016
16023
-30019
-25957
20357
8066
23676
8583
-18563
-22212
28827
-20304
12974
-110
17782
-908
-11123
15984
-28019
28301
26397
3730
-9085
-13440
-17020
-2428
-10370
25726
27281
4212
-9717
20410
-25982
-11270
-9738
758
13563
-28476
-13696
28410
23171
16782
9194
500
-18958
-25845
-19274
19948
11675
32473
-5480
17563
-31303
-22117
21637
-12415
27772
21383
-27523
23612
-22118
32431
17835
-7789
-1163
-12423
-24689
17774
-14195
-30833
24860
-22895
-1405
14977
8837
-13180
-3458
29054
16787
-7567
-10997
-6215
-2941
-12294
-21770
-12811
7419
27844
-26240
9722
-29309
1166
-24087
-32013
-27407
-10485
-31306
11757
-7525
20952
-26216
29594
-24649
25243
-32635
12674
-8580
11399
-19843
9531
3224
21165
30378
19608
28020
18288
12427
-3987
-371
10380
14107
-20079
-125
897
4741
31364
6015
-30082
1932
13167
-5876
12472
29311
-11014
28918
-13068
-3590
-22334
-17026
-16135
-12157
24716
27880
-6414
18673
3597
1205
31209
-23145
-22057
-14184
21399
-25163
-28517
32389
-2431
-3460
-4218
-3203
20025
21911
-28499
-13655
28312
-25997
22127
7565
-11414
-15476
31116
-23271
-20847
-3965
11649
3973
21124
-3202
31102
-4976
32620
7949
-30793
31362
-23814
-14347
-30988
-1798
-29758
-16259
-2055
-12414
-13942
7656
9971
20977
5133
1972
3050
32410
9430
-26728
-19558
-15950
29339
31365
4482
-10628
-3194
-20611
9784
-3691
-16726
3751
9371
9331
6514
-1651
-14743
15501
-13939
281
-8048
-22909
-8832
21637
-30844
-10626
27262
-31599
10090
30989
14263
-11646
-30726
-31243
-24589
-14854
18113
-14723
19449
-9854
13705
-4890
-29711
25071
-7923
-21325
18410
-23910
6357
-14185
6042
25009
-20838
26757
-8831
9341
7303
-24707
-12744
24212
30121
19365
-4962
1906
11369
-1911
-24726
4493
-32631
-29416
-14704
-16509
7297
25733
-25980
-28290
-18306
-20083
4970
-13042
-4683
29056
32506
23029
-29453
-28678
17088
14204
-8968
2691
-12152
-27162
30961
15343
3855
28850
30951
-31080
23253
-105
1944
30896
-19558
20101
8578
9853
7559
27773
-29642
26259
12201
2214
-29026
27248
-30102
-27764
-29593
-3700
13196
-20969
-18288
-11133
-7296
30853
-7548
-30850
24446
20884
19558
-19698
-1612
-14461
23546
-28940
-10509
30970
10431
18810
-8456
-32639
-10618
17638
-25871
-5137
-4082
21169
-5401
-8293
21203
4503
-20839
-27218
-16742
26245
-9343
10877
-32121
27261
-15817
-16239
-25433
9892
14498
10352
-27797
-24948
32101
8844
13451
19734
-24432
-19837
-7552
31109
-23932
-15746
-29314
-16752
-20380
-19697
-19021
-16510
20730
-31756
243
24826
2238
-135
-31752
-6271
-28026
-5148
-26896
-13586
10512
-19536
-11545
-30823
2770
-12394
8600
-21333
-13670
12165
1410
12157
7559
-27523
-2763
27535
21925
9122
-11612
-17298
20579
-25974
18020
17548
-18551
29205
22928
28291
641
-16507
-19324
9343
-11650
-8306
-9630
-11760
8370
-9599
9978
13812
-8207
8954
-2372
-17800
9720
8578
-9084
-2077
4336
-15379
3857
-28241
1765
-18536
-8495
22679
-617
-12119
-28518
10629
4738
26237
14727
-14723
-14027
19088
-19547
-25182
21412
25966
-32663
-26226
4198
-9589
19596
2070
-16752
-31869
3201
-29051
-29052
-9346
-20354
20885
-9634
-23537
-8270
9349
-13575
22003
-25102
6138
18106
-20365
-6921
-24449
3715
-20510
-15378
8685
-6896
18862
21223
-614
1743
-25196
-7529
-28502
-10342
16773
11394
21117
3463
-26499
-11722
-6769
14245
30882
-32345
-11923
7782
-24692
14693
-372
10125
-11500
25232
-27773
-3456
-11899
16004
-31106
-2178
-12400
21597
-23536
-10066
-3198
-8455
-31501
-27406
3066
32444
21624
10488
-9598
-11132
4068
-529
15854
4370
-7762
22757
-17767
3537
-4969
-11879
9896
-13926
10885
-639
-26243
-22394
18045
-24523
-4977
-28508
-21600
16294
-16275
22882
17294
11111
-4719
22928
-9964
-12145
-18557
-12672
1414
20356
-3970
-23682
-12911
-11686
15888
-16469
-22396
-8967
-25357
-10510
-4103
-24387
30585
14328
12164
-6269
3044
-21777
-31251
-27375
-24146
23268
31386
32722
24219
1437
19624
-25446
30853
-895
-19843
-2426
-27267
30260
-7793
3237
-2400
24230
-25748
31847
-5487
15717
28817
16276
-30189
-10353
-26493
-4224
-3707
21380
8063
-4994
-24683
15191
-17905
-9814
20359
-15879
4595
31730
3322
-7748
-31367
19448
15236
-11646
-28445
-6929
-7699
-24047
-27987
-7963
-25956
-19504
-12390
7582
8357
-28006
26757
1922
-19587
-1658
-15491
-1997
-32116
20385
6557
2221
-25749
2656
-8819
9057
28303
-10098
5394
-31601
-25725
-13952
-635
17284
383
-13954
1679
8021
-23278
3752
27268
-8199
14835
23793
-32519
20924
8057
-14857
-18043
15234
25314
-16402
18412
16404
-7508
-22814
9369
-9264
24220
-13412
26529
29850
26757
-10879
-12163
-12922
-23683
11057
-26743
10398
12187
18352
-32663
3418
3468
21341
8333
28556
-25584
23951
-27261
6017
11142
-1917
19071
-12162
6803
20306
29460
8871
-23419
-12807
5363
31986
12793
-12357
121
23799
28806
3711
2018
-30482
-30740
-21995
10156
-20256
26267
8910
28315
31645
17821
29850
-27259
13954
-2435
-7546
-5763
13360
29319
18077
25498
-4430
-22680
3421
28813
26458
-31348
22157
-19697
13199
18307
16769
20870
-381
-15746
-32386
-9836
-13490
-236
-7259
20870
-21255
-17166
-11278
11257
10939
-15241
17655
-21882
-29314
24289
-30994
-11796
-7146
-4950
7393
8348
24780
26523
17309
-31846
21402
8837
15490
1406
-14714
28029
-16848
-26491
15002
4503
-10057
-24473
-19372
-27256
10073
-17780
-31862
21775
-14450
26243
3457
-29050
2436
6783
-18562
25997
15182
-22505
13988
20610
-22279
28658
-16399
-21768
-23622
-393
22262
-3706
-10627
-6433
-17172
24554
23321
16810
-23588
-8809
22988
7068
-23398
29337
8090
12677
13698
17534
-7546
-7555
-12498
3972
-32616
9878
3769
-667
-20397
27530
-6826
2956
12427
-1523
-22130
24707
-2688
-17018
-2429
-2178
-11394
13970
1611
19992
13987
-13692
-776
26097
16369
26616
25785
-17034
4598
-15482
-21637
4575
18668
-12054
794
-856
-32036
-22374
-1848
19098
-101
3477
19354
18309
-383
-29826
-3706
-23683
-8915
3457
4758
-10350
-7748
-1948
-28076
-19830
23379
-6518
13963
269
-32626
10371
-7296
-27258
1668
8319
3455
-1135
-4793
-9703
-3678
-20860
-25352
-25616
-24592
-13577
8632
1909
-2572
3718
18554
32733
2283
17385
11036
-21337
-4389
3994
-22842
-21352
-9318
22673
11930
12165
1922
17022
-1914
-14211
-19924
-11139
-29296
9102
22209
-28317
31050
9862
-2222
13963
-3449
17164
13710
15235
-16000
-8570
900
383
-6786
14734
-21691
29
-27744
20610
14840
1008
-32017
4599
-21834
-29069
7924
-19578
1145
-14373
29673
9959
-6114
17318
-29994
32407
9669
-14696
23961
-30578
-3687
18309
-11647
-23426
1927
-27779
24877
-19842
-23150
28303
1473
24163
-25265
3722
-20907
6540
16012
4108
-4979
18819
1665
-5242
4996
15999
20607
13714
16962
-18406
-18528
8581
7415
26092
-8214
-9738
-24910
-17043
4083
-8577
20599
22489
-18969
-21276
-16610
21924
-11304
15001
-319
29332
-19561
9101
-7527
20357
9090
-25986
17543
-13443
-15572
23164
-23921
-14707
-14907
29793
78
-4728
-10415
-14966
-18806
-11510
-24947
4227
7297
21127
-13181
12415
22911
-9331
-24257
-29411
-30561
-22141
-26634
-15381
-7448
28150
23984
-9620
-3599
-28800
-28556
-8234
-3099
27620
-2015
-27486
32470
-9579
-9025
-365
16022
9608
-25959
389
15746
7807
-10362
-12675
16427
21113
21901
24970
-20536
14688
31302
-27769
30290
12171
-120
25354
-25460
-10366
-17536
15751
32643
9855
14207
-21363
-19908
-16609
31387
-24445
-11786
17900
-11543
32501
11184
6509
25073
13442
-10126
20950
-16923
-22046
10020
2978
-22318
24470
-9025
6550
-25962
19334
-25192
645
-11135
3455
29318
-21891
10538
28280
-17525
4488
-28727
-20897
-10678
-1142
28751
6538
20619
30473
7564
-894
-14208
31111
23427
14463
-29825
25236
1081
-8161
5786
-10361
6390
4331
3818
23285
29614
-19092
16625
22146
-1424
30165
14309
-13598
-10460
7073
5845
-28775
-4932
21653
-27751
1154
-10089
9349
-3711
29567
28294
-7043
26153
-8075
11913
-13435
1485
5214
-11194
-28536
-7860
11658
-14712
24840
27787
-5502
-28544
-17273
18563
21375
16511
17295
8758
-21727
8087
19589
-16651
29418
-29464
25844
-26962
-12179
21743
-4989
-26512
3283
-17694
32224
-17113
23711
-27440
-30314
-28230
-25707
6806
17276
9879
-380
-16511
-20097
17286
-6531
26409
-25484
-31353
32132
-8497
-2724
15170
21383
-20148
2442
-15736
-30200
-23158
-27774
27776
31623
4483
28799
22399
-10099
17973
-13276
27541
26244
11509
-18967
-12313
1268
-17747
-10899
-19218
-10621
-28817
-8239
-24351
15327
18218
8094
-21555
-5739
-7239
-6763
-2410
-2180
15766
-26748
-30591
-19841
11910
-10115
13865
7540
29575
-15485
22737
21596
-698
-12406
-12728
-5239
-17012
-20729
-5751
-21118
29056
10888
-1662
6015
11135
30609
-29134
7205
-17773
5255
3829
9193
30440
-18957
15534
8558
28142
25476
-30608
-47
-5919
18654
-19925
13726
-305
-24425
-17481
29845
152
24440
31381
-19068
-31615
11392
3206
-25219
13600
3436
-4994
-8323
-23598
2649
2873
-31352
27196
-17525
11915
1798
-11384
28034
-32384
-12409
32642
14975
14719
11657
11310
5159
23183
-18045
-9226
-13588
13803
-527
-12624
-15248
-10258
29059
32112
28372
5092
11490
-9172
24737
-23609
27795
7864
14234
14745
-21906
20372
27012
-21375
-7041
27781
-21891
-1777
29535
23923
1394
4818
-18348
-21198
-28537
-22739
21645
1933
-1021
26504
24706
13696
-633
14466
27007
25727
5258
4903
11811
27270
17539
11767
-17681
-17171
-10514
4531
-11409
20460
-14978
-7574
2005
-13596
10210
10284
-15201
-6462
29329
-6991
30102
25494
-12963
148
32132
14721
3712
12933
-20099
-25589
-27814
-5777
-19602
7637
27218
-14287
-16760
-28890
28556
-23668
6915
1416
-2943
4992
2184
19330
25983
-642
18315
17187
-30172
25985
-30589
-10507
29680
22510
27117
9909
-12946
29163
3197
14692
-31788
-31260
-8223
14639
-18787
-26431
18577
-1365
1429
18069
-8622
-18797
5764
8065
17536
20613
-22403
17929
343
5741
30059
18647
20048
5419
1414
-8160
-7282
-372
-7934
20615
5250
12160
29832
10626
22911
14719
2948
-10465
3365
-16520
31104
-7692
-28432
-3604
-32534
-30795
13423
10729
-16004
-9121
-3118
6115
-13345
-25807
-24421
-26439
15501
12967
22934
-10349
-28593
6291
13700
16001
-22144
18309
-28035
22791
14416
2405
12647
-15911
-22451
-5592
7047
-14822
-1397
23434
27906
14727
-895
6528
-23160
20098
31615
19583
24969
25117
-15320
10359
2691
25843
20719
-10005
-29975
-29771
-660
-11033
25469
30808
-25137
-2337
12765
-31436
22937
29879
5776
13470
24725
-29292
-18619
7315
8836
9857
-4736
29317
-21891
-19193
10316
13665
-12959
32479
-21429
-19416
17798
-21224
9352
2184
19458
-25466
-4223
11392
-20088
-13183
-25985
24191
16777
7451
-30928
-19339
-5246
19186
-531
21228
-20761
-8527
21611
-15386
-9601
23383
20173
-18210
-4901
18236
29590
-5195
5520
21145
-24685
-25197
21313
3730
5764
16513
897
10373
-4739
-15610
-1209
-3493
-16291
-18974
30281
18721
-4991
-5610
-28792
-8060
12802
-11387
-3711
31616
-7800
6018
-25473
-16257
23429
21017
-9675
29297
27008
16113
17389
5098
-18459
32431
12138
-8221
4736
25170
-18999
21723
28888
22849
-18028
-9300
4494
661
-30573
11153
-13763
-18799
16260
-28287
23681
18309
-1923
-5115
26180
17751
28249
-23324
-29625
24353
18308
-28140
-9337
-12410
5378
-30843
-6271
9856
-4728
-4735
-13697
-25473
17291
1303
-15561
-657
16259
21231
23531
28137
24291
-28499
21608
19682
9343
23374
10951
-7720
-15914
-16828
-24686
10925
-14448
-30578
-27759
15506
-2504
25489
9348
11649
21121
22661
1662
-23803
8770
12629
-27306
-21274
-22715
7200
18564
14611
9352
-14969
1282
2181
-6527
15232
11913
32385
-13953
-11649
-20602
-32235
-24518
-10900
1922
-1043
-21270
-9497
-26399
-22102
-27546
-1313
7040
-20916
-19260
6359
-12332
-28088
-4464
30121
-2419
24970
24209
-112
19765
-7792
18820
17537
-15999
-8316
2174
-25084
11324
-32177
-29871
-792
23875
11546
4226
19985
12679
5253
-2815
-8060
-4479
13696
-29303
-21887
26239
-24449
-25213
-20973
10815
2409
-25216
1516
-11033
-23325
-18211
-18522
-13726
-28965
-32642
20550
-25922
-24366
-10800
20301
-1395
6815
-10357
-27260
29071
28046
19248
1169
21124
22401
6530
11909
-27011
5904
-11703
-22437
-14759
26861
1607
801
-9853
-30177
32129
-1151
18434
-9596
-1151
16256
-7287
-18047
-12929
-13441
23183
-25324
-17330
29301
-6521
10989
-1827
4316
-29984
26269
-27041
-28197
17540
20564
20155
-16945
-17204
6488
29067
-6233
-20077
16017
-30321
-8047
-28356
2193
-31612
27265
-29822
7557
8574
28951
23628
-29091
-13733
-4369
31047
10784
-25216
-12508
12417
15488
25346
1156
1410
21632
-28279
28289
-11905
-19841
-13175
5140
18006
-27531
-8828
-17943
-30504
20693
-10530
-29544
-24226
-30761
17030
4693
-26443
-20023
-22331
27999
-8825
31651
-32112
-18031
-21617
400
-16322
23696
-29564
-27519
25474
-9596
17534
-16363
-5047
-16295
-14760
21489
22854
31772
14463
22309
-3712
12160
23298
-125
-17535
13696
-11127
-23679
-5761
-17281
3209
-6382
-22694
8307
12164
23528
-23082
25812
30684
26518
30044
27605
12678
26706
-15949
-30521
32196
-11165
32646
4254
-625
6800
10127
-18289
7485
-24432
17284
23937
-23934
7557
21374
5654
27467
26717
-16807
-1039
4933
-17889
-9343
-17117
30335
-25472
17410
-17021
-15999
4736
-14455
29569
-7297
384
-5749
24593
-28070
-8335
-27002
17383
24021
-19501
32476
-13932
-26532
-27180
31619
-10671
-26446
13255
-5437
6758
19845
2209
-2928
-6772
-1139
-9586
-29382
32144
24708
18817
-20094
2693
16254
-10475
27974
19286
9812
-11789
-8381
8219
-10370
31266
9344
5503
11266
5763
28545
12672
5002
7041
-20609
-17281
-23676
28176
-18590
24430
3971
28390
23252
-19249
-15912
-29293
92
-560
-10874
26192
9647
20675
-7745
-10644
-23165
-13929
-3188
-4213
14479
17038
-8394
6288
132
30081
2435
-19580
3198
-16621
-2494
12115
-27311
-9996
29506
-30184
9597
-23776
-9091
-5252
6914
14211
-24703
15232
7818
30081
2432
10880
19336
6415
8039
31596
-23932
21732
-21295
28367
-11051
32402
-11943
25295
-17019
-16307
-21588
-15167
-8771
-2960
22146
-620
25742
20616
19597
-18803
-8141
14480
18052
-28799
9859
15493
14718
-14061
-25790
2130
-11185
-10251
-29887
-3815
30078
-17890
31869
20862
1794
-23934
-32127
-11137
11402
14465
-21889
3200
30089
-6131
5738
4715
-30075
-20254
20176
-14387
23764
11408
18009
24269
32645
-11188
13483
-2113
1980
26997
-7808
-18027
31630
12676
2188
-29300
-25809
-17521
6532
3201
16515
-10876
4734
-4846
30014
11853
27212
22263
-17601
-24044
21881
-20707
19069
-17286
-255
19330
6529
11648
-25206
-18048
-10369
384
-32638
6157
-26254
15208
130
-18719
-2610
-3638
9680
-31090
600
32457
-635
10571
-12377
23483
19127
-12420
2175
21643
25994
2690
5772
8073
14893
32399
-20349
31617
-20605
31876
9598
-237
15424
-22451
-7861
8439
-7105
19222
-17538
1056
25729
-8834
-2047
-9599
-5248
-15745
-28534
-9856
4736
19328
-4473
13068
-16787
-13468
21381
27102
-21045
-29496
7888
24460
23381
-31288
-16509
-19639
27302
-19782
25783
-11653
-31363
26253
22157
16769
-31605
-20598
20267
19855
-20349
4481
-20349
-17532
29310
-7662
6719
-13493
-2486
-22537
12095
-19946
-3202
-32226
-1920
384
-3327
2434
-3968
-21633
-20854
-8320
-3969
10112
-28024
11019
-30865
26722
4486
477
-19766
-25658
16590
-10102
4950
-4666
23684
-16825
-17500
-11592
-13131
-20354
125
2957
20621
4224
8844
-24692
27689
17039
-12669
-384
2436
-23420
18814
-24814
28219
-19129
21574
-21512
16190
11794
10619
-14051
2945
-28803
-4863
-28287
12161
-18561
-10358
-12416
9600
7552
-22651
-24822
-21642
13408
-31612
9948
-22583
15813
-13623
-16503
-18348
-17213
8581
10822
1442
10678
-8014
-24188
-11653
4484
31371
6782
8076
26506
11815
3471
-2685
10625
132
-12924
32126
-22000
-1223
-16057
-188
-11784
18748
-8430
13694
-28389
-32384
-7810
-6143
18049
14465
-6017
-1654
-6272
30080
10624
-19572
27913
-7818
-16292
15496
-22567
22727
-13883
-1080
2185
-24493
-3133
-19324
-16573
22689
-17482
-24142
31365
-1159
-2170
-8561
635
-3189
-29555
16164
-11890
7300
12929
25476
-4988
-7810
24848
-1993
11077
8003
-30471
25403
4882
-15235
-24807
-129
31614
-6911
9345
-10880
-12161
5771
-17792
17024
16256
32648
-7416
20603
-26022
-2938
2009
29638
-6462
-16955
12680
26452
23744
-22651
32579
-23394
22195
-21329
22410
-26248
-28286
-11380
26489
-23412
32652
18210
-15730
-27517
12417
15492
-20348
-26754
8208
3640
13380
-25279
5114
-10438
-9457
-14468
25627
-31359
16510
-7167
-18816
-6528
-11137
2187
-31872
19328
27008
-25210
27144
7294
-28586
-25466
-14377
-25403
-27454
12738
18821
-31919
-28226
-2174
-5055
31644
25520
-23380
24974
31095
-16004
-8309
-13960
-23412
-31605
-6367
-28786
-17277
13953
-30588
30852
-25986
13326
12084
-17856
14399
20218
32313
-6640
-20353
-23529
-1666
32639
-8447
8320
-19584
-17281
26763
-28800
24960
22144
15757
-19961
28032
-27051
19082
-10795
-15165
450
-5439
6022
16723
1470
-22651
5696
-25957
-21584
19373
9360
-26762
26239
23951
-32140
-17525
28046
18718
2702
-20349
9857
-10876
23940
-25218
-29426
-26830
63
2877
-6918
20536
-15602
-12676
2583
-17537
12926
-8191
-8321
-26752
29823
1419
10624
25216
21376
-26232
18183
1670
-29870
4744
18390
32708
16321
-66
12934
6997
-17220
31112
21568
-29798
13999
-29013
9365
12661
16761
-11380
-13965
-25971
3725
6173
-23155
-30589
-12928
-22140
8068
-20610
-21491
-14032
24892
571
19963
21559
-10740
-12165
30230
10368
-22403
-8703
-30337
31616
-31617
14219
25984
13184
-27264
9864
-8954
16522
14927
-27513
-4652
31427
-4927
1212
-28795
-19116
13755
6537
27454
-6760
22957
8106
2201
-24972
-20365
-23924
30066
-25459
-26740
-31717
-20339
25731
-11904
-9852
27012
-29570
7435
-25298
32570
-9160
30971
-12236
-29171
18559
-30445
18816
1154
-8959
29055
-18304
-19073
-29045
21632
28544
-32128
6283
15110
-8311
2123
-15479
32211
-15166
15553
-30279
-14204
-8108
-15688
19337
7996
-4970
9899
13479
-14182
-3470
24693
10126
16494
8590
-23666
6937
-29555
-28541
3201
14213
20356
-20354
1547
-20949
13878
-8138
1020
16180
11275
1660
-30190
25215
31869
-8959
-1922
25216
-30081
-20085
-3201
-24192
-6272
-13181
774
-22127
19528
-32122
-16942
21954
15806
-11853
-9086
-22189
28596
12426
-30917
7828
21415
2212
3745
-31374
-2197
-15735
-12181
-17523
25483
29975
16525
21379
-7552
20357
6788
-15746
-16373
-10197
11574
7732
8956
28468
17163
13180
-16365
21632
-25986
-8959
-15490
24448
-12929
-29045
-4225
32128
-22144
-19064
-19195
-30829
-697
26504
-30257
21695
4030
-29262
30849
-26286
-28237
-4471
-16838
-30574
-32346
20386
-28510
-29072
-26516
13196
11115
-372
6284
-19434
1165
30851
7553
18565
11396
-10626
-27893
-16597
9782
27700
18684
23604
780
20094
-4846
16769
24449
-8959
21118
27264
-28545
-24693
-26241
-30336
-22400
-15478
25093
24468
19526
2186
-6196
17341
-16452
-25422
-5504
-174
-18253
18570
21305
25745
20389
-4190
-24412
27247
-3731
3725
28777
9102
12942
-30699
-20852
29059
-4992
11397
-11389
-7298
-1013
-15832
-1230
5682
-22788
-18894
6921
31097
-12015
28033
26238
-8959
-3715
31616
-21633
-15989
-28545
-21632
-2432
-26236
8965
668
4163
15495
20172
31932
-18757
2222
27519
28498
14000
-12661
-8392
-19826
23715
29600
15530
-17043
13411
26505
-11929
-10098
17292
20756
24460
-28029
4225
-21627
-10621
-9346
-4088
7974
10544
18222
-17668
-10448
4617
14460
-22257
-26240
-25730
-8959
-12163
-20608
-29569
-18293
-27265
-15744
-12416
-14199
-13564
7580
-10689
-19830
6602
-7750
-14149
8618
21374
-10159
23982
9867
-6348
-3188
-10847
-19042
-32085
25196
9571
24716
28515
29582
30094
1810
18572
-21373
-13440
-22395
-11901
3455
-3063
12072
-22222
3632
-3844
-208
-22775
-26499
-4593
2177
-1665
-8959
9597
4992
-31105
-15989
-21121
2177
12929
-3447
-29692
-9827
6461
-12406
200
16825
-19528
24486
11388
20048
25258
-32374
6709
-22390
8350
-30566
-22609
-17046
-10909
-12405
10850
-6771
26509
10769
-32117
7299
-128
-7547
644
28287
-31480
-19678
18220
-4565
6653
-31954
16391
25720
-5363
27007
22395
-8959
-10628
16512
-18817
4236
-19841
-16512
-17792
5511
28420
4005
-30149
15241
1478
12216
14519
22692
-1669
-5039
8360
-8564
-25806
904
-1636
10906
-5198
7273
-13479
-24694
-16546
30095
-8307
7184
14987
22915
5249
16262
-8573
7039
15368
-6623
20778
18730
14333
-13523
-2041
32379
29453
-15746
-25475
-8959
-25988
640
24959
-2933
15487
-7552
-8576
9358
18948
32423
24890
-372
-317
11958
13240
1443
10875
-6576
-1626
8332
-24015
-378
11675
-23912
-18251
11624
12382
-6770
10588
30094
-16497
-10738
2955
7043
-20608
4742
29571
10879
-8185
22816
-27607
32552
25853
30765
15367
-21126
-19700
-5251
-12932
-8959
32636
-2945
23423
8844
3967
-3200
9345
-24439
6660
-23124
25656
-630
-10560
19380
-2892
-12643
12153
-30128
-3678
11917
10032
-12157
-30568
7574
3003
-26522
10328
27019
-12967
-29554
-11634
-22771
-6518
1667
-21120
22918
14467
12927
26119
-6371
2086
-24795
-32515
5164
262
-17544
-10485
9341
24441
-8959
1148
384
20351
3724
-4738
-27264
-4224
11144
-3069
18865
14389
-23414
-3907
-16719
10929
-11370
25974
-28849
17821
-17779
14381
-31617
6803
8337
191
-30108
-8368
32394
-16554
-9331
-3956
-1781
27786
2435
-26496
-29050
7811
-898
30726
-27875
24613
10789
-29443
-6870
-12538
17020
8715
4476
-18564
-8959
-23685
-17793
16511
22156
-386
3969
7041
30862
-9981
-11087
-205
-11378
-23622
25007
1457
18581
11126
-16561
28060
-5235
1836
-10882
30609
-10355
-5440
20323
-5804
-1651
-8621
31117
-11633
13067
11146
-16254
-23680
-9594
12163
24447
3335
-3046
18978
-10463
-22531
-26326
-24315
-14472
27914
4219
-29831
-8703
12667
-13441
9599
18572
-14210
-9856
-1152
7048
-13821
17593
-21966
26251
22456
-4179
17582
-113
10356
-18353
-24937
-23922
-31189
-19078
9614
1164
30406
-23199
-24756
-1911
-16303
-29299
23693
30730
-24439
-10878
-21120
647
-2174
2687
-4603
-29416
-23264
-20960
-18947
17704
-11260
-13706
-32247
14458
15480
-8703
-24454
29311
14207
21388
-22658
129
13697
-22393
-19709
4798
-10193
-3446
-32587
21164
-3668
-26230
1394
31821
26515
32143
5417
26999
20875
-14457
15818
24415
15943
-25463
15181
24972
14987
-6648
13449
-22654
-30592
11399
-6782
24191
-23803
17175
25886
3357
-16899
-2777
13829
31353
4104
27256
6009
-8703
21370
-28289
22911
-6516
-20866
6017
7553
-8311
-23549
13505
27438
-20340
27057
12201
-28501
-31352
13680
-32691
-14448
-5234
-18905
7285
-12664
-7547
26573
26205
73
-887
-6585
-27510
19852
-5369
-13688
-10366
-22144
-13945
-6270
29055
26117
12564
26651
10523
-13571
27686
-7933
32629
28167
632
19830
-8703
-6279
-24705
19839
-15732
31358
15489
-3968
2689
-26109
-24374
-30932
-5497
9134
5799
-11097
-18304
1389
16203
-29046
-7282
-23002
29551
32387
12162
9428
-14502
-17092
8836
-2493
2953
22150
-9466
-24184
-18046
-27264
-13945
-21630
29823
-20987
-2539
-21219
5916
-13315
9254
1028
-3466
24328
-14214
-15495
-8703
-29831
-32641
3455
-11124
26750
14977
20353
-20091
-28157
15818
19240
-9334
32682
-7005
29862
-13187
-3990
5193
19080
5773
-27867
-12178
-19070
-17024
-20779
23897
1342
-23930
-17339
7049
-21623
-506
17032
-19582
-30848
-17017
-20862
-30849
-6908
-26095
536
23575
-12291
-21212
-9213
3958
-24570
4471
15991
-8703
-3720
19327
19071
5517
29822
13953
18561
27013
-29437
-17199
-6871
7051
18596
-20833
1698
16247
-18328
4936
-20351
12172
16675
-30616
4476
-31623
-2854
-13482
23355
-24187
21565
18822
20102
25861
-31097
27778
-29056
17288
-18558
26751
4869
-10993
15381
-15084
-11779
-23773
5123
1905
16902
-3210
6515
-8703
29048
-9090
6527
14477
-6019
11137
16257
-30850
-30205
-297
-31961
-8058
6304
9885
5533
29807
-16027
17989
23674
14732
9506
5988
-23178
23924
26079
-18092
-32719
-32383
-26566
-32378
-11389
-14844
18567
6786
19072
31112
25730
26495
4356
270
31251
-23278
-11779
-20959
1283
29811
-18683
30838
20084
-8703
-1161
-9090
3199
-884
-5763
18049
-22143
21123
-30973
-26407
-25564
-3191
18586
26009
5019
-5270
21347
26436
-26251
28811
31518
-5025
-5774
24176
10721
-26286
30512
8580
28214
902
25733
11524
-5754
5506
21376
30344
22914
-19073
-18173
-27636
-15343
-28655
-11523
13856
-6910
23411
-1020
-29836
22131
-8703
-19593
-642
-9858
9357
-11395
31361
27777
28547
-31485
24029
9250
22666
23445
30358
23704
-5531
13409
-13245
28785
24203
-19940
14172
-13714
-11667
-30748
-28592
-16851
11139
-976
19844
8836
-23293
-24186
10114
7040
-26488
9346
-17025
31747
-3318
-12018
3087
-11523
-14562
-27390
-18833
-10492
11124
13168
-8703
13943
-18818
-5762
25485
-17539
12161
-15487
-24705
-31485
-11296
-26592
23944
-17774
15508
-6252
30302
14175
4930
-20630
-5749
24602
-22185
5993
29032
4839
-29362
28967
25217
11567
11396
30082
21507
2950
-5759
13440
-5752
14722
-31873
18691
24586
28430
25101
-11523
16414
-21758
32370
-26620
16243
10609
-8447
7287
-26498
-12930
-29555
-23171
27521
32385
-2682
-31741
6882
-25826
20876
-17269
-16753
-16493
-29349
27997
-14784
-14488
32395
30488
32085
9831
21092
-8216
-28084
-3544
-2172
-9429
7811
-4476
-3582
-6011
-14463
8576
30857
9602
-20609
-19709
32521
9229
16652
-11523
8990
-32510
-4751
23556
25202
29296
-8703
-29066
-31618
-10370
13965
-32131
-24191
-18047
13698
-31741
8422
3613
-30326
21640
23181
30095
-5291
10587
-19648
-5277
-17013
-5096
-27823
24162
-12705
-2069
331
31524
-22399
-3032
-21630
18305
-20734
-32123
-9343
13696
1417
-11647
-4225
22531
-20728
-13045
-9717
-11523
-4836
24066
-8081
17412
23410
19823
-8703
5238
30078
-6530
14477
25469
-26239
-2175
23424
-31741
-27928
27
-12663
27012
23434
11660
-6320
-7592
9023
21855
11916
23830
-32178
20318
-5284
-16147
-3000
800
-28544
6951
8834
-15744
-32254
-4988
-15999
11648
29577
-20351
-12161
18435
5128
-16117
3595
-11523
-18916
29698
-23949
4100
-28816
-8848
-8703
-22667
6270
-12162
15245
30333
-9343
-9599
646
-31741
22761
3865
25741
2686
7302
32650
8526
10327
-450
-1188
-15733
-10476
-28085
-2724
-15526
12015
-3514
14370
-6270
-4061
-9344
28547
21506
27268
23937
9088
-16759
-13951
-1409
24324
-504
-32244
-9974
-11523
8734
24322
23154
15876
-10381
8818
-8959
-30859
15230
-16002
20109
2941
-12671
-23167
3201
-31997
25579
8727
-14965
22908
-14716
6790
-4793
18006
29761
-166
-1908
-3818
13644
-6053
21592
19441
-31162
27422
14208
18469
-28798
3969
24578
3972
30593
3456
-8567
22401
-1153
-7421
-9978
-2807
1033
-11267
-24805
18178
3695
-4861
13680
3949
-8447
-4236
8318
-20098
30605
2173
-3967
-28031
10367
-31997
19438
-4074
-9591
-30088
23937
-16252
32582
22099
-32194
-27564
29579
25876
-8635
-31402
9300
-20238
2884
-8678
-17794
-1504
14976
9342
12290
-20861
27009
1664
3210
27009
14720
1028
-19194
-14071
11273
-11523
19483
20482
18545
-10493
12911
6000
-8703
32116
10878
-19074
31373
18813
-4735
-4991
-11647
-31997
-12049
-27882
-9333
1908
-30594
-13694
16964
-3246
-32707
-5294
21643
-19180
31300
18004
-8367
11508
1859
2332
-18817
-19682
-6530
-5762
6914
14211
28545
640
23690
-19583
15744
7172
-21243
-19193
24327
-11523
795
13570
-7571
-16125
-22418
-17558
-8447
-15245
-5251
31870
9869
-18052
7810
3202
-11911
-32253
25586
13588
22152
26991
-17029
-6019
-17604
-15281
-32196
9547
8844
-14062
-21185
19789
27212
-1803
-18368
20245
14458
-2276
9854
377
770
31874
8577
-11649
14730
5249
28800
-509
27653
31239
10759
-11523
13082
14082
-7059
-18941
26991
4461
-8703
-19853
-3715
-18306
24717
-132
-6527
-14463
-15234
-32253
-9486
-1774
18826
-9622
24696
16508
-3271
-9395
1852
-3000
-30325
21776
-18883
12619
-25014
-28682
-1474
28949
-29828
27163
-11651
4476
-1791
23938
13441
1152
28554
27521
18560
-19196
-2044
16391
29190
-11267
-27622
14338
-14481
-21757
-17041
5743
-8703
-7309
-12419
-29826
22413
-18820
-9599
2178
-16001
-32253
756
21010
6027
-2714
31605
-13703
28470
27724
15931
-7099
21387
-9712
-8390
-19383
8263
-25865
2110
10261
6525
-27623
-17540
17787
-4095
30594
8833
-14721
-22134
11649
7040
-12284
32516
22022
-6395
-11267
-30951
12034
4203
-24573
-30097
-27798
-8703
-12942
-21379
-30594
25997
18556
4226
8066
-23431
-32253
-24843
30480
-14457
-20892
-11149
15478
-29646
-3255
7994
-22207
-14453
527
-12489
23365
-22716
-24840
17724
-7664
-31879
3096
-12932
-20872
-5631
-29055
385
-16513
-14710
-20864
29824
4869
24580
27142
24326
-11523
-12519
12290
-6035
-26365
-4753
-21139
-8447
-13198
-23939
-25218
10381
28028
7298
8578
-28546
-32253
1014
6928
30602
24927
112
-18060
19761
7753
-19142
-11712
-15222
-30962
32054
23108
-12221
-8
4923
-3567
-28293
-9450
32635
-30855
-6399
32129
4225
-5249
-15734
-10368
27776
1286
7684
-12027
2821
-11267
8218
11266
-22674
-28925
-10641
11630
-8703
-24974
-18051
-30850
4493
22140
21890
-4223
126
-32509
16887
22287
-13174
-9892
-13203
-8079
-24275
22599
-32710
15165
-7542
-14066
21812
-25791
11327
-1799
-12743
-12784
21627
23829
2427
5497
-7423
2177
8065
-16257
-6518
-28544
-25216
13830
-24317
13317
13829
-11267
4121
9986
8555
-29949
8560
25707
-8703
8562
-25731
-24194
14733
21116
-7295
7554
20603
-32509
1016
-16627
30345
12378
5995
-32658
30250
-29115
15417
-5320
6027
-18420
-11472
-24003
-11971
-30982
-4809
-19955
16761
16660
9339
32120
-7935
-31104
-2432
-10881
4747
-19840
23424
-22010
28164
-23290
-20987
-11523
-24806
11266
-5520
-23805
26996
23923
-8959
-19599
-11907
23166
4749
5500
-10111
13186
2692
-32509
20215
18956
10639
-7084
-26009
7534
-4311
5703
-3781
12093
10380
30733
21812
-24510
7743
-27142
22328
19728
10879
32021
-23428
3198
-8191
4736
-1152
-22401
5259
31872
25216
-9722
26883
-5116
-25596
-11267
-20711
10242
12142
-30461
31344
-18578
-8703
-18319
-29571
22910
7821
18556
1666
22658
29821
-32509
21753
-16372
-31605
-10414
5734
-20630
-29658
6979
15672
-7883
6027
-21236
14126
-9926
-8135
-30981
24886
5645
-19591
-9967
-3207
7288
-8447
4224
-8832
-24193
21387
32384
31104
-1530
7683
24068
-1533
-11523
-26855
9730
-25748
-31229
13168
21357
-8703
16497
23165
20094
-6772
-5509
2946
15490
-15493
-32509
-12551
32011
-27766
32591
-157
8040
8995
6721
12855
31794
4747
16395
-26069
21559
-24010
-10757
12085
29963
-14728
4113
2938
18040
-8703
-23425
-22400
-25473
7819
8832
-29056
-26361
19715
-12540
25604
-11523
24601
9986
18033
-32253
-27024
-18320
-8703
22641
20349
22398
-2420
-11141
22146
32386
1154
-32765
-12039
12811
4495
27724
-21152
-29593
16164
8769
-8905
-9421
-20854
22795
1324
22840
14391
508
25908
-14068
-901
24848
18810
12667
-8703
-25217
-20352
-26753
28811
2432
-18560
25352
7939
19972
2820
-11267
-18151
9218
13422
-31741
-5776
6510
-8703
-23952
22141
31870
-19316
-25989
-4735
22402
22909
-32765
-29702
14858
-20596
-4277
15200
-2973
6688
20288
-21449
-6609
-1397
-22005
-12247
-26060
-461
29692
31795
26890
27513
18448
-7301
-30087
-8703
-11906
-26752
-17793
2699
-19329
25472
6920
5379
10500
-31997
-11523
-16359
9218
-24211
-31997
17265
8047
-8703
-18832
26237
28030
-1652
32123
-1407
10114
-2947
-32765
-28166
-18935
9101
27721
-30370
30307
14111
-7873
16185
-466
-17524
-10742
24105
-205
25137
-30724
22323
20746
7290
-29168
14972
-17543
-8959
-14466
-26752
32639
-12661
-3201
32640
-24825
-254
3844
-27901
-11267
-12264
10242
27248
32515
27247
25199
-8703
3184
21373
28286
-19316
-6533
-3967
-31870
6531
-32765
-17415
-7929
-12401
-26039
2911
-7831
23328
12867
-7106
7218
-31598
-13302
-10967
30260
-14286
13564
-1742
-18933
-17283
1553
-23169
-11650
-8959
11902
-29824
-31361
-28533
-1665
-32640
-23544
-18942
-27133
9475
-11267
3864
9730
-32148
31491
9839
8556
-8703
-21905
14205
22398
-23412
30331
13186
20098
11386
32515
-20998
-23033
18315
12104
-9635
-25755
-5860
16705
1085
12077
29586
-23030
-1242
-20944
28463
-24324
3889
-8440
10872
2576
27774
28794
-8959
-18307
28544
29567
-26741
-28033
-14464
-11768
-31998
23811
11267
-11523
-8937
10498
-14228
30467
-1426
28524
-8703
-4753
7549
-31618
-19060
21115
11138
18818
-14211
-32509
-2310
-26873
13709
24899
-19111
18531
3612
-3779
17978
-21205
-1393
-19192
-27612
-24274
3631
-13828
-32209
-19960
-14983
4622
14204
7035
-8703
-9347
15488
-19841
-12405
-27009
-14464
-6904
27138
6403
-15870
-11267
18968
10754
-14483
29443
-11411
-3989
-8703
-21905
125
19582
-19572
15483
21634
-28030
10623
-32765
25595
-31993
12686
-28864
20311
23648
1050
20541
-1991
-19672
-18289
-8440
11555
-18389
-27861
2045
32559
-15608
14458
-18676
-20614
10617
-8703
28797
11904
28799
1676
23423
-12416
24842
-22526
-22781
12547
-11523
22553
10498
5995
-32765
28529
21101
-8703
-402
-5764
18814
-21364
14715
1410
10114
26746
-32765
31227
-16890
7564
11071
-3754
14685
24
-18628
23867
13608
13200
5385
-28124
25134
-1236
6909
-10962
21255
-22921
19470
-26499
28026
-8959
-13956
19328
27007
1676
30335
-32640
3338
13826
-12798
28418
-11523
23320
10242
-14229
29699
-14483
-3734
-8703
12143
-8068
28542
-18804
20091
20866
-32638
10110
-32765
-1541
-3578
31629
8762
32081
4699
-10730
-1479
-26056
7715
-4210
19719
16927
23079
31270
19965
5165
-29945
21113
29707
13435
-13447
-8703
-9604
640
32383
19852
32383
-3200
-2294
8450
-16126
22018
-11523
20760
9730
13932
29443
16237
-26773
-8703
-23442
-21892
3198
25228
12411
22146
-26494
21885
-32765
17404
-21242
-28275
-19657
19279
-21672
8725
-9928
14649
-8415
-19570
22535
-23267
13606
2853
30973
-4053
-14842
31352
5131
-5766
10362
-8703
15996
384
10111
5004
18815
-3200
-13045
1282
-26622
11010
-11267
20760
8706
-8600
29443
32621
11880
-8447
-21138
-22404
17534
31884
2683
20354
25986
-27270
-32765
-32260
20742
-22901
23349
26957
15700
-10734
6199
22583
5406
-13170
-27642
31003
-3037
21026
-27651
1323
-26619
-28298
24842
13178
-20106
-8703
17020
-18049
31615
16780
10879
-384
-6901
-1279
31746
7426
-11267
22296
8450
22891
28675
-8084
4715
-8447
-30610
-25732
10110
-32372
-7046
18306
29314
386
-32765
-29444
4614
-1393
21808
16456
-21677
-11246
-13771
-25034
21277
-4467
19462
17178
4386
13857
-24579
8234
14086
-26246
17417
3193
31353
-8703
-15237
-19329
18303
31628
-9858
-6016
6669
-6399
28674
514
-11523
-21736
7682
8810
27907
2155
-6041
-8447
-3219
-28036
23166
19084
-5510
21122
-21886
3452
32515
-16132
-17915
-13939
13358
-9402
12880
6416
-28876
-18122
19995
-19059
7686
21784
-3296
-32481
-19459
-10968
6149
-25226
-14328
-392
-13194
-8959
7291
-16257
20863
31116
-1410
-1920
-6131
-9983
18690
-1279
-11267
-4585
7170
30056
27395
-9110
29287
-8447
-17811
-31364
15742
20620
-23430
-22910
28546
-13190
32515
-7172
28165
24972
22571
-26812
1612
27662
-31950
13366
-4328
5262
22021
-30698
13854
-3043
-16643
17447
32004
-28299
-3321
16504
8310
-8703
-9094
-17281
20863
-25716
-28290
21889
9742
-11775
16386
-5119
-11523
31512
7682
25452
27395
3946
9578
-8447
29549
-19844
12670
908
-12166
-25982
-13694
-12929
32515
-4868
21765
-14705
29736
3905
24651
-499
-18383
3638
-24040
-5491
9477
32021
8989
9501
-15107
-10970
-13564
-9865
20231
7799
24951
-8703
21626
-7297
16255
-32628
-24194
22145
-14065
-15103
8194
-14335
-11523
-3560
7426
-19096
28419
-25239
-32154
-8447
7021
29052
14718
-117
-2950
-28030
-18558
10617
-32765
3837
13061
13196
14887
32575
-14267
25356
8496
-5578
10261
19597
4101
22035
6426
-15079
-13059
15910
-13565
-20109
8967
27766
6004
-8703
-9607
-27521
16767
-16756
-23170
14209
-10225
-16383
4610
-21503
-11523
-11240
7938
25960
30211
-12182
10345
-8447
-660
21628
5246
-7797
-22662
31874
-4990
7545
32515
5373
-7676
1676
-10716
6205
11332
22283
-20946
6452
-8173
11405
5893
21522
-15848
3607
-12547
2085
-15869
-8077
-31226
-3468
-15246
-8703
-16263
26495
2687
-23668
28798
7553
-12017
-13311
13058
-17151
-11523
-16615
8706
-29331
31491
10093
22639
-8703
-12436
13948
-131
-23413
-27014
17538
-1662
11645
32515
1021
27908
25743
30497
10810
21571
-15606
-15057
15928
-18923
-8050
-22268
-23021
-30182
32536
-12803
-5084
5892
-22154
-10234
-16266
-18569
-8703
21881
17023
639
-22132
22142
-3712
14098
-19199
-1535
-24831
-11523
-17383
8194
-16281
31491
-10902
10600
-8447
-20884
6524
-1155
-20341
7546
30594
-15998
-32397
32515
9469
32260
-28279
21536
22328
-24770
24329
-16341
-8652
-20208
14989
-13820
32527
10261
29204
-11779
19235
8195
-28817
-8187
3444
-32401
-8703
-2696
9087
-3714
-372
-7811
9857
20755
-19711
-3071
-26111
-11523
10778
8194
17001
32259
16236
19817
-8703
15980
19068
10110
-21365
13946
-25214
-28542
-32648
32515
9469
22532
22412
-22755
14390
-22467
-9720
2859
27700
23824
7308
7940
-1010
7444
-23277
-11779
-16350
13059
-8590
-12027
-17037
12145
-8703
32120
19071
10879
-884
-5763
20609
-26347
-19711
-3583
-28415
-11523
-1510
7682
18282
32515
5227
-1176
-8447
21100
10876
21886
-26741
10362
-30590
-3454
-15239
32515
10493
14340
-10612
-18661
17715
22587
4104
26922
25397
-6898
11404
29700
11790
-32237
2066
-11523
7458
7171
-22670
16133
19314
14448
-8703
32376
7807
12415
3725
-15491
24449
4117
-20991
-8191
-31231
-11523
-4071
7170
4710
-31485
20332
10086
-8447
20331
-3461
14718
18571
5754
30082
-16766
24692
32515
11005
-11261
8330
-19176
22320
9270
-9978
-1754
-20430
19724
-3188
771
-19189
-4081
-754
-11523
22303
-25854
-15761
-1788
7540
-6545
-8703
18551
-1666
8831
-12404
-18307
16257
5909
-21247
-8703
-31743
-11523
28697
8450
2921
-29437
-29077
19560
-8703
7275
-3461
8574
24715
9338
-26750
-11134
21114
-32765
11517
-18429
-32115
-25835
-14293
13365
-26618
-3547
26673
-7669
26764
-20478
-13814
-4338
-25330
-11267
4382
-19198
-28046
-25340
18291
21361
-8703
10871
-6786
-898
15757
-14211
-31871
11544
-21247
-9471
-32511
-11523
-29927
8450
28521
-26621
-14997
-32662
-8447
26474
-19589
-5507
-32629
-13191
-16766
-5758
-25735
-32765
12285
-26621
-10099
-22765
7977
2097
-17403
-30684
23601
-7415
-2932
7171
26633
5901
21772
-11523
16669
-32254
-10127
24324
-25742
-30608
-8703
31094
-27010
-13698
-26227
28541
-22655
-10216
-20991
-9983
-32767
-11523
6170
7682
-5531
-25341
30315
28775
-7679
-31639
32635
126
16523
-13959
-31102
8067
26230
-32765
12797
-31741
8332
-32238
22311
29742
16645
-25565
26417
-19704
-15476
-4350
-27640
-15349
20491
-11523
29980
23554
1904
23044
-9870
-10384
-8703
-6027
-31618
-3970
25997
22653
28801
17434
-20223
-9983
-32767
-11523
-32742
7426
32616
-22525
-30870
19560
-6143
-24728
16251
-16003
31115
22649
26754
18307
-9090
-32765
12797
29699
1169
-5873
-2782
-1236
-19708
-17374
8498
-23801
-25972
3843
-15353
-21494
6666
-11523
-25829
24066
2676
1540
19314
10866
-8447
18037
28286
-22146
-4723
4477
29313
21276
-19455
-9983
-32767
-11523
-5093
6914
22631
-17917
30570
-13209
-4607
3176
27515
28797
22411
22137
-24190
-2942
12921
-32765
13053
27907
-30322
3855
-4063
4394
21764
-6111
-24781
-15866
-23923
19715
519
-3831
21257
-11267
27675
17154
24944
1284
-10382
22640
-8703
-31884
23678
28542
-10867
-388
-30591
27161
-21247
-10239
32513
-11523
29722
6658
-19867
-25341
-17559
3687
-8703
19047
-1670
-17539
22155
9593
-16766
2179
13945
32515
12797
21251
-22642
32525
-28129
-23511
5892
15138
-21965
-25338
-8048
-22014
-22266
-27383
3337
-11523
10522
15618
15473
2820
-17035
18805
-8959
-18829
-5507
-30594
16270
-17028
-21887
799
-18431
-9471
-32767
-11779
13853
7682
-10901
-12285
19052
7276
-1279
2919
2683
32125
4491
27001
-22654
-9598
6272
32515
12797
19715
25491
14094
28960
10799
11524
23845
-2248
14599
-6255
-1277
28423
-25847
-4088
-11523
32027
18946
117
6148
-6538
10103
-8703
20339
4222
24446
9614
-13188
-21119
31008
-17151
-9727
-32767
-11523
-28387
7426
-1433
-8189
-26516
-26518
1282
30310
-2438
26493
-1910
889
-21118
7811
-28550
32515
13053
18691
-7025
24333
-13537
19243
-9213
-990
14904
13830
-8046
7940
30726
-29176
26376
-11523
-4838
13314
-6032
1284
22902
-26253
-8703
32114
-14211
15230
14990
23932
-21375
-7135
-15871
-9727
-32767
-11779
-10979
8194
27239
4
-6549
11881
7938
-5787
-10374
-19587
-21622
5497
29058
19843
-3462
-32765
13053
18179
9104
-17141
12317
-31192
-25341
7458
16952
-26619
-25198
5636
-13307
-15609
18951
-11267
6682
13570
-23183
-6397
11382
1651
-8703
-12175
-16003
-23938
11150
24956
-23167
10788
-12031
-9215
-32255
-11779
26143
8706
-1176
5124
-23191
-14231
17154
-5275
28538
-19843
-20598
-5256
-27774
643
637
32515
13053
18435
-27247
10507
21276
-18650
-32509
-30174
9531
13573
-26478
-7164
-32763
-250
4614
-11523
-230
13570
6770
-13309
-21643
8052
-8959
-16783
11133
-24962
13198
8060
-16255
-16346
-9983
-8959
-32255
-11523
-27874
8962
13925
15620
3177
-26523
-28414
28773
-1926
-30851
-29046
-24968
-17022
1923
20853
-32765
13565
18179
25741
5898
18458
-4318
18179
29472
16954
20228
-32109
11781
-18940
-507
-31995
-11267
7449
12290
27245
-15869
13429
30831
-8703
1649
-15491
21886
12686
-1925
-9855
-10201
-8447
-8959
-31231
-11779
17952
8194
-8347
21508
-9880
-30107
-23806
12901
-28294
17021
-24950
-10632
-16254
12931
15226
32515
13309
18179
-2417
18185
-30440
-18141
19715
-23264
-12742
-30716
-5998
-31995
-22780
2822
-29435
-11523
-15079
11522
24432
-18941
-31372
1138
-8703
-32144
-30851
2174
27022
-3973
-639
-22232
-3327
-7935
-29695
-11779
30495
8194
10342
26628
19558
18532
-12542
29285
-11398
21629
25994
-9608
-17790
1155
5243
32515
13309
18179
-24689
22792
-19178
-1248
10243
-17376
12349
-765
30867
-16379
10500
29701
-28156
-11267
-6376
9986
20592
-23549
-26765
-7823
-8703
23152
-29315
6270
30862
1404
642
-12247
-3327
-8703
-31231
-11779
-14049
6914
15969
-29436
-24217
20834
-3838
16229
-24198
31101
3978
28792
-24190
9859
-22411
32259
13565
18435
25996
-5625
-21227
-13538
4355
-20450
-15813
-28157
2708
6
-21757
-10748
-20732
-11267
-4841
8450
10093
-24573
-8333
-32658
-8703
-7313
21629
6270
11662
-30085
-6783
10793
2050
-7423
-28159
-11779
14112
7426
15716
-21500
5222
-3229
13571
357
29050
-32131
-887
-2440
-17022
5763
-30343
32515
13565
18947
-31858
-23034
-3310
-1251
3075
25628
-27849
-32509
4754
26373
30467
-13052
27140
-11267
-31978
8194
2671
-29437
-657
-19091
-8447
29551
5245
10878
9102
2428
-2687
30507
6402
-6399
-25599
-11779
-21472
8450
12644
-16380
12390
1125
30979
-19868
31098
30077
-5239
-7560
-126
3203
-13705
32515
13565
19715
-3955
-18427
31760
-31974
-2046
31258
14389
-12798
13713
-11259
-20222
-19453
-29181
-11267
-14315
7170
-9364
-32253
20591
-11412
-8447
-16786
1405
8062
19854
-26245
18562
7469
8706
-6911
-25599
-11779
13089
7426
18017
11013
-12699
15713
6404
-31388
17018
22653
30089
-27016
-6526
18307
7029
32515
13821
20227
1164
-17403
16656
-3561
-4094
-22759
-32201
-10494
21393
7430
-14334
-16381
25347
-11011
-9708
7170
-30101
-30973
-9874
-12438
-8447
21870
-19076
2686
-1395
21371
12418
