-17561
889
6408
7699
-1262
-19701
-10933
23950
15373
-28807
26766
9768
-17129
31770
26587
11612
-22487
-10653
7232
-29079
6244
-22903
-26010
-12934
-6531
2945
9849
-2431
14722
5735
10021
11005
23322
30846
-26110
13059
-509
-8958
-28896
-5281
3842
1922
-13250
-25853
24066
10498
-12291
29225
-19454
-13218
26984
31867
15112
2836
6166
-24308
-10419
5520
-25586
-13703
-23921
-15318
-4583
2077
6361
-11427
-10452
-11673
31809
-11159
9832
2701
103
-28038
-19587
-13696
22649
30338
16258
23149
17958
10237
27418
-21375
-25854
17411
13316
-8702
-18143
10080
6914
-2176
-9665
8196
-24574
-25854
-12291
-23254
-2814
20322
-13975
-17028
-27128
-11756
-15338
25357
-32689
-31342
31247
-26758
-16239
-10197
-29414
-13796
4823
18527
-18384
-3992
16195
-24982
9322
10383
12135
-23686
7038
-13696
16249
17538
21378
13933
20007
9981
-18918
-3967
-26110
21507
15108
-8958
19745
-21151
7682
-29823
23105
16644
-27902
22530
-12547
-25557
10243
2402
3690
14713
7177
-31467
-32233
-28403
26448
30610
-18417
-1670
-2414
557
21275
-18658
-22314
-29601
16686
26214
-18876
5739
25191
-14702
4711
-25734
8062
-31872
21625
3970
20610
-20630
-19159
9469
-14310
20096
-26110
25347
19716
-8958
18466
1889
9986
-23679
-9663
-28668
-18174
-22014
-12803
-22485
4099
2913
-6805
16252
10505
-24811
-21224
18958
6482
-11372
-29936
10362
-4462
29486
-25572
-2274
-25133
-11936
21298
10346
15686
8299
-16022
12181
10599
-2438
15998
27264
-28039
-7039
27778
-27278
-7894
8445
-6629
-29308
-26110
24323
31236
-8958
27427
-28573
11778
-4736
10306
-12540
-11774
-26366
-13315
-21204
20227
-5019
8302
-7301
-18167
-24298
-7144
12815
22611
-5995
29713
-6790
-17515
-23505
22813
-9952
-3887
1634
-204
617
-15034
-27542
-4504
-31082
26471
8571
10110
32128
22393
12162
20610
29805
-18644
7421
15132
-9343
-25854
30211
31236
-8958
-26332
-5788
13826
6530
-5052
-1276
-5630
-3070
-13827
24621
28419
-25246
879
30586
-247
16919
13593
17935
1364
11158
27409
31099
-13162
24880
-3555
-23520
25040
-1182
29491
19560
-26039
-31125
-25495
13467
26471
-11398
17278
21120
-31623
12674
26242
29292
20527
6909
4637
24193
-25854
-31997
-28668
-8958
-31196
-11932
15106
-15486
326
11269
-2558
-7166
-14339
-11475
28675
18530
-12945
7296
-2294
-9448
-3045
-17648
25942
5273
-15341
30076
-28779
9523
-7648
-23518
28107
15205
18490
-15506
-12726
-11155
-3474
-24165
-15513
-25734
13694
-6785
-7559
-1663
386
31859
-8657
4605
3613
-23675
-25342
-25341
-4860
-8958
31528
-4502
20226
4741
20295
-20219
16387
259
-17155
-10705
7684
-27546
-8080
-4996
-14325
-17895
8221
-17391
21592
31899
21013
-7299
30872
-7884
31266
23078
-24374
-20123
29754
-17301
-7858
23407
-21138
18849
-31129
-7814
-32130
-17793
28281
-5247
7810
17262
7986
4093
-2020
-20606
-25342
-21245
-4604
-8958
20009
-13205
23554
31878
-4279
6
29187
-26365
-17667
23088
-1277
-10141
12146
25468
30476
-12774
-12515
-5615
-1704
-15717
23061
-11907
-22375
11830
-15838
32293
-6200
-8858
-11207
17515
11088
1391
622
23971
-19353
-8838
20606
-14721
-21127
6274
16002
27247
-18636
3069
-17891
-7806
-24830
-14845
12805
-8958
-9431
1900
24578
-14971
-10422
25606
30467
18691
-18947
-9168
3844
22116
2677
23166
11789
3100
21536
6419
-32677
-7524
23
20861
-26725
20280
28964
-27866
-15163
3176
21056
3950
16209
-6546
9841
25765
10088
7803
13694
25215
890
-1663
4482
-29070
28214
1021
25118
28548
-23806
-4093
-24827
-8702
18475
878
29698
4230
20556
5639
-14333
-20477
-22019
13874
-30460
-18586
32631
-21126
-21491
10269
-29153
30996
-19621
18589
-16105
7294
-11363
21049
13605
21544
197
-1688
21055
21610
-943
18798
-15764
2728
-4249
-2182
15230
32127
-28807
-18815
-2175
-31382
-15815
765
-738
-1921
-23038
5892
16133
-8446
31275
-12434
31234
8583
-14003
15879
-8701
-6141
-22787
-5326
26116
-1951
-25479
-134
25870
-7395
29728
-6636
-21668
-6755
-10473
-31107
3998
2106
10278
-23256
-319
-6039
7744
-9877
8020
10350
17005
2219
17000
9083
23678
6783
-16007
10882
15746
13680
23100
-1284
21024
-12158
-22782
11012
-23547
-8446
-13013
-22673
32514
13190
24653
-30457
3332
-1789
-26371
25139
-20220
-32155
-17284
24699
-11506
-22242
-31199
26134
-7075
9631
-30440
-9604
-27232
-23493
27686
-21463
-6979
3435
9542
-16020
-10668
29037
30317
32429
20072
7035
18814
1407
-16007
-13439
13698
-19599
319
-6148
-18399
9859
-22526
21764
-3323
-8190
-13524
-18063
-31998
-22394
8271
-4089
772
8452
-32515
-26060
7429
17510
-26497
5751
272
29984
-29663
-22249
-18594
5279
-28391
2173
12195
-7108
31783
-11990
30652
-32660
26435
30568
31319
-16531
11370
-22863
-16024
8315
21374
-8834
32377
-21119
-3967
-23444
2116
-6660
1827
-29569
-20478
-29948
-251
-7934
-16339
8818
-28670
-6522
10577
22536
13316
10244
30973
-1484
-15612
3940
7298
-31879
-23537
5664
15139
-18408
-7074
4254
-16102
-25733
-9822
-1731
31529
25901
28856
7021
26439
26987
31575
3948
-150
-11854
-1688
19323
17022
-19842
-19591
-2175
642
29042
-20667
-12036
-26332
26754
-21246
-26876
-25082
-7422
-5074
-25741
-24318
-28794
1618
-14072
-32252
-17660
22781
-2251
20485
19303
13701
-31111
2576
23072
12067
19226
-4513
-11874
6940
-28294
-29020
-22977
2859
12591
12725
15470
-30644
24427
16473
-3989
-1429
-8011
6505
17787
23422
29054
4474
130
10370
-21904
16713
-17924
-28378
11137
-21502
-26108
-32506
-7166
-8145
6516
-22270
3207
14932
10249
-20476
6149
14845
8503
-15355
-15259
7816
9334
-1520
-17888
9761
32539
28510
4509
-229
-9352
-32348
-32705
7979
20271
949
-16530
26696
-23704
-30887
19563
17768
21941
15465
13435
-27778
10366
1914
-18303
-17535
-2708
17229
-13572
24360
10623
-21502
30724
-18683
-6654
-32209
-22667
-20222
-15226
9300
-16888
-28412
-10748
14589
-18378
-28411
-4253
17033
-8583
-4335
29217
-29661
15646
28513
32416
-14818
-20872
28071
13635
-19411
-19664
5806
-14224
-2736
-23188
-23715
15980
26988
12477
-19863
29563
-31874
9598
9338
-6271
12674
-13452
32335
-32260
-28374
-12670
-19710
-32252
22278
-5118
-15056
21623
-16638
-28283
8278
-27895
-9724
-13564
-5892
5688
-18938
20328
20876
25209
-1518
13859
27428
24096
-3486
17824
-16864
-17032
18602
15429
8752
13364
-12886
-29582
-14508
-9621
21343
-1173
29291
-25409
-22679
23163
27774
2174
15482
-9087
1410
2927
18259
24572
2860
-14465
-17662
-12028
8454
-3326
29489
-11401
-9982
-29819
-424
266
13061
18181
-17412
-29895
-2298
-1436
-23410
-23945
-30701
18724
20261
31265
28259
-32609
12066
28792
-27221
11079
-28623
-20427
-3928
-21645
2643
-24470
-24734
28012
26475
11715
-9367
18811
19838
-22147
12154
-13183
-2431
8557
-25257
21756
26157
-21378
-18686
-2044
5382
-2302
-2000
-22922
-2046
23684
-26791
-25590
-30459
-9979
-25092
-10183
-762
-20637
-1135
-28549
-18924
-13020
25127
25636
15717
-18528
-4060
26999
22188
-25271
-12749
-457
5539
28533
-27300
-20625
-23197
-9109
11886
-32059
22634
20091
-31106
-29571
13946
6274
-15743
-18831
3162
2044
-29905
31105
-15870
2565
28422
515
-1743
-30857
7683
22403
14171
27659
-6139
10246
14332
11067
32008
19302
20628
27768
19478
-30426
-26841
-15835
18790
-16479
15141
-9865
-27473
-9142
-29132
-13513
-11360
24438
-29604
14956
14950
-24212
5484
201
12138
17019
22398
31613
10618
-4991
-15487
-14229
-30626
-5893
-4816
-3459
-12030
18693
25094
2051
1586
3448
8707
-18045
16733
-17909
3078
29190
3580
-21445
18952
-18590
-11883
-16521
22039
-16345
-28120
21030
-13209
-6751
5158
-16009
8368
-3765
-28363
7993
2718
28791
22876
19820
-19096
26477
13420
-11830
21866
-21893
29054
11389
17274
32129
-5247
2925
6754
-13829
13618
15230
-9982
-30715
-25338
3075
-24526
-20361
12291
-30590
28765
13836
20998
-27130
-11781
22844
-32248
-1437
2713
-11142
23832
-24536
-23254
5161
25193
-9310
-26840
15991
-847
30798
-24009
-27333
-5992
3961
-30107
-9106
-21144
23403
-21909
15820
5739
-29573
26750
17277
26490
-19071
-10367
-6290
-4764
27387
-20429
15231
-8190
-22523
7175
7683
-9677
6521
27395
130
-17313
5133
-11002
-32761
22779
24381
-8439
-1692
-22118
6263
-8167
6698
13866
14635
-4247
12196
-16599
-21641
11188
-12465
-17863
-26563
30870
-391
16996
21867
-14484
-23187
-16532
15824
-11670
27515
31614
1661
32378
-28287
-24447
-154
21609
17659
565
-3206
-2814
-1275
-12538
10243
-7629
23161
27395
31874
2402
16653
4103
-21497
6651
3646
25353
12384
-32612
28791
-22246
3371
4140
-31699
24171
-4445
-8661
-13962
-5709
-30383
-15301
11072
25234
-9350
-13723
-8084
30318
20589
8301
-21550
-27029
30075
-28802
-21124
-27782
-1407
-18303
9069
-24468
-1286
-27338
-27011
-2814
9478
17159
13571
-25548
-11912
-28925
10369
-9631
782
27655
-8953
-23302
-8386
19722
-12957
-27486
-22154
4892
16940
-32723
20272
-18582
19362
27947
30835
14772
13649
11068
-30912
-22384
-21381
-14742
-20628
4461
-10134
16234
-49
-10389
-25221
-32642
-30852
-28806
-28543
-10367
8558
-16272
1787
-28616
-18563
3843
27142
-17145
18947
-31179
18810
-17661
-29056
-19869
-25842
-8697
14344
28922
11072
13579
-20892
-2400
-3213
-27107
11821
20781
-208
-21908
-11099
7470
23926
11961
8021
-22211
9283
15759
-13699
-28823
-27287
13427
7277
-31383
8919
-27285
26491
-24962
-27780
24442
-29055
-23679
-9624
-11661
-21510
-12743
-22918
4867
-27898
-17145
22275
20277
19834
-12285
24192
-13979
26639
8
7433
18170
-16064
-17398
-21663
-18014
-17546
8222
6702
559
-12237
-11923
5030
-22480
-17035
17849
-1450
-21952
6470
6026
-27522
-26514
14445
20597
-14996
-22421
16345
-149
-14213
-31618
28796
-12934
-28543
-12159
7023
7798
9210
-27845
-21635
7939
-10746
-6649
27907
31030
-4230
4
-21377
-20378
-4849
-23544
20233
-26887
8258
7948
8037
-10844
26231
12319
10799
-12497
-29131
-4242
-16985
18994
8565
3259
-7848
-14527
327
-28793
-1665
11636
-14739
25205
-27540
31852
-17959
7788
-25221
32382
25468
-17286
-27775
-22911
4205
17272
-15111
317
15485
12035
6663
7432
32515
10039
-14468
9732
21119
-28056
-21744
-11512
27145
14841
2627
5389
2148
7590
11892
3615
30255
-29649
-29387
22126
-4186
8242
-20876
-30277
15705
-30655
15944
-19834
-3712
-27793
-32150
-7049
-1685
8042
15068
11884
26235
-21634
14460
-25734
-23167
-24191
11114
-31364
-22023
-22722
23931
1795
8711
-32248
31747
-14537
-8837
4868
-5762
-31895
-18160
-13304
-29174
6905
8259
12556
23138
21415
-13194
-13280
17455
-12496
-1735
-4240
15015
7477
10867
-13379
12636
24900
8265
6529
-17535
-8841
-23698
19066
-10389
-13205
-17187
-18580
-12677
-22146
-15237
-3462
-25471
-19839
9330
-21890
-11016
27968
-26498
9475
6151
-6648
-20477
-22728
13437
23556
-22147
19818
-11247
-28407
28170
13560
12868
-16626
-15002
-32089
3704
-5342
30257
-25295
32316
-32398
16041
-31944
-6796
9408
16479
31047
-23476
3964
2436
-25731
21359
16255
-18578
23662
27872
-15252
-28293
-8578
-17541
-1670
22401
-14719
29547
-32639
-13065
9538
-19589
11523
16903
5896
-16125
16440
-25220
28164
-20868
16237
-4335
-32503
4106
19703
9797
15375
-22942
3497
-15498
-22748
-29390
12850
7997
-3469
16298
-2504
-652
32705
7264
10567
-17332
27770
-1148
17275
-25746
16514
4976
2671
25570
-9108
-17797
-15234
-11909
8315
-28287
-19839
31082
-5243
-19209
28483
6523
15363
31239
25352
-11005
3129
-6788
32516
-22916
-10131
23570
-25847
16395
-1034
-26299
13071
27746
16042
23931
-30171
31539
-17612
1857
-11403
-20566
-11716
31860
3522
5475
-15799
-31410
10613
15494
-12156
20083
28546
-20881
-9359
-3870
10349
-23429
-21890
-21893
5499
-31359
-30079
-24721
-7802
-26890
5189
21886
22787
-14329
-20216
260
26682
-11394
-8956
-645
-25489
30483
-7415
-32502
-6667
5447
-6127
2917
8363
-18056
-29401
-204
9013
3139
118
1195
-11203
29813
-11581
-9373
-8630
29520
15988
4487
25475
29552
7812
31856
17008
3812
7021
-6533
-11138
25211
-1158
27521
11137
-21655
-10616
27126
25669
27515
30467
3592
-18936
9476
14906
22399
1541
-17284
10096
-16621
-29942
-15093
-19723
-29369
22545
354
-29012
21623
16169
2871
12855
-27836
2424
1454
14142
1399
17858
7269
13133
-29870
16241
4744
-14208
-7312
19590
23410
-10639
-11292
-23955
-15237
-15234
6011
16507
-17535
22401
-25491
18571
29430
27204
-4228
-21501
-13560
-31735
18180
-18885
23169
-27899
4731
-28559
-27370
-13044
26381
-12
24137
-11247
24165
-8788
-21894
-14295
4664
11066
10824
2938
-16210
11075
24950
11974
-17048
-22705
29013
12909
15753
13964
25971
4489
-22415
14451
7655
-3731
-14981
-18306
3451
22139
24449
20353
-29585
7821
-13324
12870
-9347
-16637
18441
-4854
-26620
11837
13953
-4859
16253
17524
-18922
19980
-1523
2292
4682
13588
-10139
3501
-22409
-22741
-5831
-28615
31559
7546
30382
-1214
-31881
-24633
24937
-5041
30293
-8084
6026
15752
-10897
-22390
13938
13681
-27417
-20115
-10885
-10626
18299
-646
-29055
28545
-16537
400
-10252
-32186
-1159
-6909
-8695
-13558
31236
-12484
21890
-14075
-2691
373
-8426
19212
-3315
-2317
25162
25362
7009
31149
15480
-16597
-12999
4667
-26551
4474
27054
29764
-2954
15302
26986
-13743
-22441
13162
-7031
1673
-11151
22411
-29839
-26512
-30233
12910
380
-18818
18299
14203
-25471
13441
23150
6800
23540
9799
-23940
-12797
-16375
22539
-19708
-22979
-13950
17414
24445
-28045
-11753
26893
-26353
16371
25674
-11501
13669
14255
-29575
-10964
19002
-11974
-19894
26492
-17232
3141
-32394
22215
32619
-13230
1623
12903
26251
-18290
-13198
-23156
25970
-1166
-280
26222
-1669
-18818
3707
21371
23169
14209
-25745
-16751
22259
-25528
25469
-765
5386
32267
-19196
23871
-9340
2822
-30851
-11403
7704
10509
14862
28146
-10421
19221
-3227
-13905
2421
-31186
-11717
7227
-10423
22140
-2641
-6076
32631
11464
-9109
-9391
-9386
-3993
-19061
30345
-7826
17806
28531
-11920
26601
-26002
7804
3455
18043
26235
-31615
22401
13419
24468
-14349
-440
28026
2308
28938
-17909
-18940
21055
-7293
15878
32126
18806
24344
23053
-18674
-23566
-8373
-17133
-13725
-9552
-4745
16943
14908
8253
13645
20349
-24656
25672
3447
-31801
-6291
-7596
17497
-24221
-4212
-3186
25202
14224
12403
-23950
-28182
-10642
-14469
-8578
-2182
28283
15489
22145
8817
-363
-21006
16202
10109
8964
-18422
-27124
-4604
20544
-23420
-26618
-3203
-11402
-20455
8206
16143
24817
-30387
-235
23655
2994
-24456
-28880
21565
2366
-21681
24190
5809
1099
-2186
-3640
13423
-7339
19803
-30623
-16243
-4973
9331
-4721
-25229
7284
-18966
6767
-6789
-5762
-6278
-30085
17793
12673
29295
23703
-8207
25675
-7556
16900
6411
-31220
8965
-1983
17799
-1530
14975
-11144
-2535
19214
-5617
-17680
-3251
32279
-24986
2739
-6539
23346
-8642
-29889
-23984
8319
32432
31563
28023
15562
-13201
5719
18524
-9888
31630
-1138
4209
-14702
4724
3186
-11285
15471
-5765
-2178
-19846
30331
8321
22145
-17811
-22630
13298
-4789
-17285
20996
-29173
24077
20485
-28861
30342
22279
27775
-15750
-12518
15119
-19184
-32528
-27826
-28138
-20123
-18252
-25736
-29390
-23746
-3776
2387
26496
24754
19021
-30602
-567
-17039
26969
-21155
-13988
-5745
12694
-23180
-30829
-22925
25972
25836
-22161
6524
-12418
-22150
-18309
-30335
18305
-30859
-4197
-15888
-13235
23167
22020
26123
29966
-30715
25667
17288
-22009
24702
-6279
284
3600
-11759
10223
-17073
4890
-25495
-31049
24952
-10188
17473
-13503
9301
-7808
-26190
32589
22135
-14391
19826
30553
-7842
8283
-7536
21654
24948
3474
13684
8820
-16149
-12433
17532
-1154
29306
-26757
7809
4993
21105
31390
-19728
26957
-13443
-20732
31500
7950
-20987
-9915
12429
5384
-6528
28540
-7651
-32239
-29678
-28690
24401
-30183
30568
-4681
12150
-15820
6977
22848
23636
-29568
-27983
-30642
12918
21963
23923
-12454
-3233
-29094
-4976
22419
-12942
-12908
30323
-12942
-15123
-9873
-901
-13442
-19334
-28037
-4992
4737
-14995
10401
23024
15696
23931
-20732
15116
-26355
-26875
-17341
-16504
-17657
-30082
1660
-25060
6160
-27887
24302
-3248
-15848
16742
28094
889
-3533
27456
-25025
-6314
8575
-29010
18255
8562
-29237
-7821
13916
-9120
16217
-29039
-29797
-17036
3729
2670
-16272
28909
-10129
23420
-4482
29050
-11397
26241
9857
-12176
-26716
6640
-1196
-7556
-20732
17164
30221
-16635
1859
16264
31239
7292
20604
26908
2064
6673
-6163
-15535
29467
-5530
-13889
-22411
21814
-1471
-961
12888
3712
12975
14159
24434
3533
-10892
25436
29537
-2472
-28014
-21606
28785
11924
-15762
-2194
-26386
4464
-32132
127
13434
-11141
19329
21377
25450
10664
8176
-3499
18809
-8444
-2292
28429
2822
-6077
20872
-10745
-25988
-18562
10781
-11760
-28398
-13075
-431
4123
22115
7359
30581
-16073
-6078
-28608
-15783
-21888
-25937
-2480
6514
27597
16758
862
16482
19540
-3182
5274
-18575
-30313
20081
12657
-31249
11888
21116
-10626
-12935
-24965
641
15233
-16277
-599
23022
12887
-26759
-14332
5389
-12531
7174
-9405
-23928
8
-29061
12671
29981
2065
17426
-21
27986
4635
20324
18624
23161
27961
-9405
7235
19297
-14973
-14159
28759
3187
-27441
31866
-15775
-6041
29518
-2156
-18780
14965
1435
115
-4748
-20240
-23952
30588
19839
-4743
636
11649
5249
18798
-9045
26347
9817
8315
-4092
-14068
-29427
775
1605
-5496
-16376
15994
-25215
-30946
-32751
-26861
32233
15443
-738
16485
-18751
1654
-5572
3142
-22207
-21665
16772
-3150
-27818
2420
27601
18810
-29087
-17307
-7347
17814
-3680
5490
-6243
-14477
14451
-27663
-31888
21884
8831
890
-13445
1921
-3456
-26522
-24657
20459
12122
-15498
16645
-32755
10509
-17658
13381
-15736
20488
-14214
9859
14878
-3312
-26862
16617
30804
-27108
8033
6339
-14218
16958
12103
1861
32356
4229
-5454
8795
32627
-3631
-12931
-13724
-28054
25674
2455
24740
-3469
7839
24179
-23694
15090
-9616
6524
12927
-32647
1404
-19072
12161
-27540
-20046
4330
11612
-11655
17925
-17139
1038
24327
13638
-26742
19977
-647
16003
8992
27154
2068
-28697
19029
-19169
-16284
-22843
24184
24129
-28855
15688
-19863
648
-29003
-19105
31092
-28460
2434
19560
-27794
-2491
30105
-6484
9846
24994
24948
6517
-24589
14193
21372
10879
-30087
-6277
-22144
4225
-25490
-31563
-7193
-9635
5755
-11003
-25842
-13810
11016
26183
-24949
29194
15482
24198
3106
-10989
18966
16357
-31913
-6621
23398
-30010
5492
22597
-1973
12617
30313
12425
-16714
-31905
-24459
26838
-2686
26729
-23698
-20667
-18278
27048
15474
13221
17269
-13711
23540
-28303
-32644
24959
20089
6268
-5504
-6784
-29078
16825
12264
5982
24440
16390
31759
20240
19464
11849
-17780
-20726
-16006
-4729
-28381
1301
-28138
6117
32344
16418
-28828
17863
1399
19014
-17588
-18868
-26256
-28534
1718
-8604
7285
470
-25211
-32659
-11405
26944
-6502
4014
-19339
18086
15221
29813
-12044
-9871
23420
-2946
28281
32636
-8576
2433
15473
25530
6885
-20129
32635
-30202
-1777
-21231
25097
29770
12429
-1781
9082
-16248
10533
-27626
24600
2786
26457
-10971
5224
-2358
-26761
-2745
2128
-30129
28785
-30069
17336
25189
-2955
28117
19591
17518
8565
30526
14748
7857
-29834
-10076
-11148
3446
32501
8818
-23684
24703
-648
-30596
-16768
8577
21618
-26180
-18716
-27553
381
-21497
22803
-7147
-11255
12111
-1132
-31475
-26240
22411
10793
-29672
5403
-13600
7772
7720
-6039
13260
-11148
4171
-29103
-23472
-18831
-17524
-14665
2918
5750
23510
-19320
-7313
-16267
-30148
13469
28077
-3724
-13913
21365
29811
4342
13682
-14212
24959
-20616
-30852
-20608
-4224
23152
31680
21732
15713
14971
3336
-8685
1047
-8183
-1200
9109
-12275
-29824
-10868
27178
-20455
15643
-31521
-11684
13351
3945
6095
30327
-13494
-27567
-9135
31606
29069
-26443
-9880
12404
-15915
17034
15218
-16520
16952
27038
-16204
-31880
-21337
30836
3958
16886
11379
-20868
8575
-27272
-18820
28288
-4736
23670
2499
-17951
32101
12158
-30457
22803
-2794
-13302
-2224
12436
22798
-30594
-3444
-23510
2842
18716
31452
-21411
27436
-31380
-30512
22646
1614
-28589
-32686
-20615
11918
11702
-26518
-3725
-13098
9867
32372
9594
3638
11935
-22091
2679
20393
13430
4471
-1802
-17805
-7300
25215
-15752
28284
-19328
-640
-6033
31173
13024
29287
-30342
14344
-15853
18454
26123
24913
30611
-6386
6781
-10866
8747
6683
-26339
-12838
10078
-2517
-26776
-31791
1653
-27568
14421
-25261
378
12175
-32331
-10902
-7309
-27690
-28532
13173
-19078
-13773
-7009
3763
-27786
-27732
-18314
8567
-24585
-15756
23421
23423
-25992
-16516
31360
-2944
21359
13000
10975
16489
2682
-13048
-12524
22294
-24309
-14000
23442
-22001
-23940
19598
-18132
11036
13087
-3624
-5026
-6869
-28312
-16172
377
6995
12119
-20138
28289
13713
-24138
16240
17523
-22057
6800
-8072
6015
-18129
9634
18621
25979
8365
12149
20089
5112
-31115
25981
24447
-28296
-644
-24192
-17792
22644
-26421
-19493
11117
30588
-23543
-9451
18968
13325
-10158
-30573
12305
2940
28305
22831
-4835
4384
24789
23649
-17358
12395
728
-7820
-32170
-7336
29781
24196
2449
-30026
-18574
-23438
-25637
-7278
16764
-5503
21296
21411
-25155
17783
20145
-4493
-25228
-21768
-17035
-29827
-22657
25720
4989
-26752
-24960
-25747
-16945
-6948
-21137
-23688
-19959
-16618
-29162
-9715
-1711
8340
23313
-1669
-110
24367
16414
-4832
-4139
-20639
16434
17511
-22558
4980
1376
-6824
-23726
-1650
10899
-1608
-11142
-14223
-11546
-5988
-22397
-12151
9006
-26201
1990
2679
31937
13428
16244
5882
-20106
-28291
-22145
10616
10877
-16256
1409
24177
12757
19930
-9355
15481
27912
-13294
19731
-17649
-11698
21905
-15856
29309
19605
-23252
-13542
-8675
3796
32094
10550
5481
-5143
27510
1132
-32424
-25517
30105
18581
-17476
-6274
3186
-12305
24486
-32115
-8302
-25556
29610
13773
-12423
29388
24179
-28811
-2054
26743
-23427
32127
25208
32637
-25984
-1920
23158
18391
-24870
-14214
-31620
-27640
-12274
20753
26642
-2996
-1646
4371
31872
14488
-22741
-25062
-24803
-20014
-15521
23612
-13459
29677
-10127
4729
10589
-15533
24734
-617
32703
8065
-9102
-21004
31147
-16752
406
28203
18093
6093
10358
-22061
20595
4212
-26373
-20873
32637
-9089
-1161
29821
15232
-11392
-32145
-30756
-10278
12417
9849
28170
-18418
-19952
-3309
-15029
-28011
31251
-18046
30113
-31444
-18662
20254
-27183
-17054
29243
-4246
8688
-10383
11908
18785
24408
-26715
4508
11202
-7035
881
-25609
21683
-24936
-26211
14377
-27984
12497
-24713
-30498
-25485
-11149
2556
15992
5758
-5761
11640
-13443
22144
-9344
-6795
4832
-10023
-20601
23932
26636
-31218
29713
-32234
-4021
14743
-23787
21890
23465
-4305
11293
-19936
13775
-5020
28481
19311
16113
30578
13447
4452
-20645
-31062
3232
32707
-24949
25201
26360
-12874
-31331
-32607
-3547
-8014
23766
15993
-28703
-4237
32373
11516
-25736
-1923
-21889
3960
-16515
26496
-23424
14455
-32286
-555
21900
-12676
9741
-1521
12051
-7400
20301
15769
-12265
-1919
22446
12595
4128
-3549
28107
-4505
10311
-23953
-17424
-9618
-13426
27242
-6050
23468
21667
199
30351
-21645
-27656
18618
18335
-32607
-29663
-9804
28117
7287
-27420
10104
31862
19708
13945
-16003
-1409
-7817
-643
16256
-22912
-26253
19173
-27952
15245
6779
18959
32017
-4077
-7911
-26288
27802
19737
-25984
-21072
15926
-30431
-8668
-22587
8810
-4026
-20627
22513
-12687
-8815
-18323
23397
21172
-22107
-1849
22934
20595
-20488
-22082
24229
-14425
23069
-32586
15322
-26758
-5914
29560
28026
25596
-6023
4734
-6273
-27017
126
24960
-21120
-19590
-19994
-13110
31887
-17026
15376
-27886
26390
4382
-31150
-30821
-15588
-24449
28338
7994
-26843
-8920
17855
24428
-31154
-1935
31218
31089
31894
-12688
4711
27830
22696
1226
18073
26995
-23047
24513
1960
27050
-15845
-18504
26078
26491
30952
-3977
-32135
28924
-3719
-387
-24961
25719
2430
23168
-13440
-6536
-14360
13256
31891
-20867
-18927
-8941
-24042
22559
20820
21661
-16611
16512
7352
31292
4391
-727
-25924
23406
11347
-10896
11507
30318
18076
9589
-16792
6329
10666
4042
23706
-18317
-12039
21955
12202
-29268
-11495
-23623
28892
-23431
-30230
32120
-9865
32508
9594
-643
-4225
11639
6526
-32640
-21632
-6538
-24598
11462
-10091
6012
-21485
-6124
-11753
8737
10070
10398
19999
24192
18873
-26050
-18136
26156
7609
-21905
-22703
12400
-16909
4210
22686
22903
-26770
7870
11949
-28725
-864
-22157
506
-24122
28334
17585
-11754
-15429
4066
13438
-23829
-3208
24187
-30724
-23942
17534
7552
6263
20350
9088
21632
19840
-29717
32191
-1897
15233
-18156
-1514
14108
-14044
-2214
-22111
24099
31361
23740
23363
-2005
-26577
9651
28786
-32421
10358
24298
-32395
8584
-9355
30320
14007
-25177
-30269
20641
-27276
-5139
20666
-14427
-25685
18450
15800
1248
-32641
25561
25213
-8066
22012
123
-30082
2176
-2954
14718
10880
8320
-26251
-5910
-18513
-3956
17019
-238
24610
-10204
-27102
18788
-14174
25892
-16261
25517
20039
-17360
7221
12456
-1932
-30887
-5522
-15898
20852
11654
-20873
13939
31413
-32345
-8256
-2145
31092
-10776
-29513
-5470
-32344
528
-13898
-1061
-17026
29140
14718
15743
19708
11899
-22914
13696
-21898
11134
9856
-10113
-12172
-15125
30635
24971
10362
-8939
3879
31785
-6366
31335
31138
-986
123
25259
1867
-26059
17466
-17759
30326
32599
-8850
-11289
28280
-6008
-19335
-21386
26041
-4695
193
26789
20340
-24
-2117
5543
26282
-2291
-16968
1763
31363
-10539
-10114
-28029
21756
-12165
32638
384
31862
17534
-641
-2689
-13959
16877
-12125
15758
-7044
-28393
-32728
26155
17701
-11671
-29276
4649
-18310
-26707
18510
-31433
-24006
25499
9593
-31647
-21647
9961
17525
-9844
10620
-3209
8125
22442
-25151
-29018
-20365
-7958
-1092
15273
-4946
-28147
-2631
-4383
-24704
-15145
30847
16769
28412
-7557
-26754
3456
24694
25982
1664
5248
18803
-10770
22691
31888
-27271
-2024
-30934
2347
-20185
16490
13989
-26839
-31878
-7761
8783
4921
-25540
2970
13178
29023
2414
-23063
10101
21392
31358
3962
24511
26540
23233
12202
-12172
6635
-25153
-29525
-1104
6156
16571
4323
10625
32473
6016
-20352
29948
16508
-21378
-9601
7286
-32642
-17793
4480
15990
-5137
-19298
13458
-29062
23578
27691
-18643
-17111
24940
-29787
13101
-19590
1969
31570
-1733
2112
-17260
-20357
24931
-28816
19435
10360
21139
-21888
24445
3268
10415
-11069
-14417
-2188
6124
-7742
-7505
31157
-28918
21693
-18457
16004
9179
-14207
10117
32508
-29828
31614
14464
-15499
383
-11137
-14209
-8584
-3344
26519
29333
-4997
6940
15149
20271
26669
14447
31144
-21713
17530
-30285
14165
-28355
-192
-23666
-8323
-6550
3442
-21269
-11404
-26217
-4221
-30594
-22587
8880
30148
-23120
21110
27373
-5181
-17231
-22602
6666
9918
11749
21121
-9508
-22142
3715
-32004
-7556
-28802
1152
-4747
-24450
-20865
-26241
-25487
24050
-2666
-6251
8568
-12259
1071
-21968
-722
-25489
-29272
-16335
10875
27317
-3498
-32448
-12987
-22900
-12674
-14746
-28562
5101
17525
-15206
-21115
28801
-2872
-27983
26308
21940
-16523
-23827
-9018
7859
10169
-17400
-32577
-3609
24451
-20258
-7038
-24956
-30980
18045
-10370
23168
-2955
-14210
-21633
-14465
8312
23027
-28528
31641
-22662
3359
20528
-31694
-22991
2929
681
-16589
-28038
25782
-28327
8513
28229
16262
-31872
-17555
24946
-6161
11636
-13415
-29818
-16511
-8247
-19024
-10303
-21838
13171
-22291
23238
21170
-15689
-30712
26559
-3351
9858
-14117
-15234
-19840
-30468
-29315
-25986
13184
-14987
-1410
-24705
-14977
7801
5620
20882
31645
-17798
21281
19507
-10955
19251
11891
-13653
17718
13692
11447
348
9028
-17080
4741
-15743
8562
-7566
3312
-9105
-32610
-6264
25729
-28214
2225
-16447
21938
-20621
26606
30918
3508
-20552
21768
25792
24551
26494
3550
16255
-28291
-29956
-15491
-11650
-385
-32139
383
31615
-8065
-18316
4341
-7278
-29794
2424
9763
31796
-20937
-10188
-7053
-21333
26935
17788
-27976
-6820
30789
25417
2180
-25726
-29074
-11920
24561
-654
29087
12682
4229
-17202
16306
15809
-20042
-8334
-18707
17097
26807
-69
16903
-24639
-23318
-1919
14815
9855
-28800
-29444
13182
-4226
10624
30581
18815
-27265
-24961
-14214
-28683
-8821
4002
-21126
-1501
9013
12602
11833
-31115
-27733
-29638
19067
12729
2656
14408
-19636
7038
-10365
-26250
-21644
23794
28019
24226
-7797
20614
-13103
25779
-30015
-31559
-30862
-1810
8395
-29255
-28225
-19450
-24638
-1556
-8318
-10529
29567
-25727
-28932
-30082
7039
9088
17781
8831
-8577
30079
15992
27126
-633
1189
-27015
-11483
-5066
5434
-1477
16246
-30036
-8389
17531
2235
9313
18762
4431
-13446
-8828
-135
8307
-14606
-7056
4518
6031
2439
1746
-25932
3778
-15943
-9102
-6673
-32053
-28486
16832
18950
-32317
-27925
-384
-11806
24704
5504
-28164
-12930
-5762
20352
629
28031
-18305
25727
29046
13303
-20346
-25434
-26760
11047
-31688
-3014
-22212
-29321
3756
2877
21115
-13892
14690
1611
25935
6264
-635
8568
15730
4340
24179
-23640
-14960
-10357
-26665
25013
705
-26948
-30353
18159
21966
19646
28867
17413
27588
14319
-23932
7650
-641
3203
-27140
-27777
-4994
28032
-908
32639
-27777
-23425
-29571
-16905
8319
29610
6012
17448
16441
-6083
12355
-21896
-8788
22848
-1672
-3140
26469
15950
-17326
-20112
19591
19329
19830
-26124
-8334
-21589
-24430
-1909
21208
-19785
-17726
-5184
29041
13810
-24623
18368
-15163
10245
-25658
-273
-8317
22501
-23424
15234
-26884
16255
21119
15744
-31628
20351
-22145
30079
-17546
-28424
6781
10669
23672
-29144
6201
-8389
14660
16761
12204
24385
-15241
1729
2919
-24754
31572
-6289
-31352
-20607
10610
13301
-29071
-31058
32660
-24948
-26407
13240
-21055
-318
31089
-16655
7890
-24894
-11831
-17660
28103
28399
-12670
-27675
29312
-24191
-27140
-15233
383
384
23668
-31617
27263
29055
-7563
5625
-19846
-31057
-16009
-29398
17210
27707
25157
23418
-22100
-12735
-22153
-31552
-30617
-23985
21845
23404
-15479
32385
13426
31734
-29068
15024
-28011
-20338
-18724
7866
13763
-16187
23920
-6414
-8492
16069
-26423
13828
-13880
-3086
-9338
24551
128
24708
-27396
128
18047
19328
21108
-10625
22655
-19329
-18055
-30215
-28300
7860
-31367
-4053
-10438
-20932
-2999
-23686
23980
-3004
30326
-2366
-26774
-10926
-9896
-24985
-12662
12939
11636
25591
19569
25270
-23143
-2929
-23585
8123
-5181
-32055
-7056
21493
-12585
-16952
6863
2820
10443
8691
-12925
-14615
-8064
22657
-27652
19072
27775
-32640
28532
-16513
32639
25215
-14221
12538
6515
18871
17014
-19410
22844
-24262
13389
11387
6573
2630
31863
24774
-4501
23123
-13991
1126
22924
4490
-25488
-18953
19312
31928
30107
-11118
28897
-8517
-3390
-12853
368
17653
-21799
24266
6353
-24573
-32565
-27149
-27773
-16662
3712
14977
-27652
-10112
18047
2944
4980
-23169
22911
-28545
-25482
-31238
-31889
16825
-650
-14289
4413
5694
-19376
9596
10157
5449
29814
21702
-8594
14422
-31907
28001
7565
398
-8078
-16905
-27534
1208
924
13460
-6687
-20036
-574
-20276
-18065
-21260
30425
13515
31697
21763
-25653
20469
-27771
22505
384
3204
-27908
7809
-27777
15488
-397
14976
28543
16511
24440
-14598
13931
-31046
-5513
-8911
-18625
1088
22866
-30082
15790
-19382
-17547
-30265
24688
-6569
25182
-15267
13199
23700
-653
6648
-12690
11452
-17250
-1646
3042
-29252
-8766
460
111
18933
-15655
-14390
-17456
20739
3276
-19725
28289
-4630
17023
-31361
-28164
3713
-24961
13952
9332
-5505
21119
15231
20336
13307
25709
-32580
-9870
-14028
-20415
2881
16467
-17538
11182
-1717
12661
-10552
-23439
29017
352
32093
-12913
1167
-24721
-19464
11120
-22850
19617
6806
-22812
-6211
15298
-25905
25966
-9739
25052
-9778
-18477
-4862
-18227
30709
-25469
-14612
-23681
-16512
-28420
-15999
-15745
-17792
-16013
12416
18559
18303
2934
31739
16487
6336
-13451
-28874
-19902
-28606
-8361
23424
22190
22863
-23948
27594
-18828
-29348
8546
5464
-21615
19862
17011
22265
25713
8898
31395
-29288
31719
-23361
-29501
-30253
-8083
13047
-1570
-21806
-30505
-16382
28367
10743
3205
10990
24959
-2432
-28932
386
-15233
-14208
-24461
13184
25471
29055
13943
-20229
20835
28355
32118
20792
25155
-14526
-28580
-23679
-24913
7506
-29324
20173
24695
863
-29340
26709
8595
7581
-27789
-24071
18283
-26428
-3931
30105
-6681
-8774
-25925
-25394
-28058
23541
18395
-31028
-556
-20734
-21555
-16396
-26498
-8981
-20355
9340
-27652
-6783
31871
-15744
-15501
-31872
24703
28287
25201
-6661
-2458
29893
16241
-15814
-32443
-21692
30558
25470
-4950
-3505
-6290
-3639
3701
-9636
6501
2388
-8047
-14956
31855
-18951
5233
-30777
27817
16796
7146
13250
5060
1239
-11923
8440
16354
12758
-7207
20994
14033
-7433
24453
-18448
-19327
-18814
-27396
-22910
-9345
-4224
-30605
-12160
21631
15487
29305
5884
13915
-3898
28022
-15300
-6586
13639
6500
-29820
-15440
-15272
8819
6864
13693
-14236
31338
-8884
-20331
16291
-27787
21242
8817
-821
19884
-16993
2284
28100
-26939
-807
20333
21241
-15388
-29223
-24612
13826
-27437
-7176
7814
-13582
-28798
20612
-28676
-4478
2688
-24448
-27277
-24448
-1666
10879
-30346
24060
11096
23755
28021
-4288
1865
-22456
-25240
8582
-2127
-20133
883
15828
29056
13672
-5524
26186
8600
-8794
-16269
6138
9327
29644
7854
-5217
6892
5572
13508
29402
-915
8696
20452
-13864
-8739
5890
-2350
4344
30596
-23822
4227
-11901
-29700
13955
384
26240
-26509
21632
-6018
17279
15477
28156
14165
25546
19060
-6334
19531
-16568
-16792
-5498
-6479
6748
19315
-2863
-14976
-12185
-29586
-8634
-2408
4260
-22669
13818
-28814
-25396
11182
-2397
23278
8901
25539
-18723
27757
28919
3302
-3365
-3873
-6655
15571
-20231
-8056
21490
22659
-22651
-29700
-5757
9856
-30336
31091
-26496
17279
12671
-388
31484
-9908
-13877
20600
18756
-15028
-4532
-4241
-31352
26545
8802
-28558
-22575
-22652
6509
-10894
13888
-18535
31917
13432
30458
-25231
-23344
-335
12197
-16402
17095
30405
32478
28526
-31240
27111
6621
15841
-8959
-3116
-19207
-23673
13300
31876
11143
-29700
18308
7808
-20096
-23437
-10624
19839
-3202
10103
-23556
-28341
3790
19829
24136
32591
26700
11121
-1911
21426
-12190
-20366
-18732
-30330
6254
7540
-13762
2716
-32595
21877
-21510
-14224
-12589
-9548
-8025
4592
5832
-828
25312
-8082
-25352
-1049
-18723
-10014
-14079
4566
-27655
10887
31988
-25468
-9083
-29700
-30332
20864
-11136
28275
-10880
-11906
-1154
-22922
-17412
-20153
-817
32628
-8117
16977
-11697
-17035
-20597
24755
-25242
18802
-16427
-28536
-25232
19064
30778
3229
-23379
16245
-13830
21621
-25387
-16458
-17748
-22287
2507
3270
29923
13167
-11528
-28950
3554
30693
-19711
8919
5115
-31604
-12555
26758
-11125
-29956
-8828
18816
-14720
28275
10625
26751
-9602
-7302
-13316
32575
-12591
-31369
30286
-13998
-12976
6523
398
-845
21354
-26511
-5162
-20084
23669
15739
1077
20383
-13641
15736
-2822
1906
-10279
-14405
-9810
-23566
18124
-10810
19685
22896
-19975
-3093
14563
-21786
-21247
-32040
-1286
-18807
7927
135
31880
-29956
12677
-17792
641
31347
6529
6527
-1666
3701
-8452
-23491
-26669
22132
596
18774
-4783
-3970
-20082
-30797
-1683
11122
-11815
-26225
25464
23423
-17358
-6240
18358
1141
2043
-31887
-6948
-1858
-25678
-12045
-2611
9159
11752
1649
-12039
-4371
-26651
-19736
-24319
28377
25083
3978
-17673
-24185
20873
-29700
-16251
-20608
-8064
11123
23169
-18562
-20354
-2951
-6148
-25546
-9260
-21131
-10665
25432
-23724
14723
-2927
-9547
-18574
27762
21466
12180
-12677
-10879
-4564
-31581
32699
-29832
30715
-18318
28638
-13888
-11339
-8460
7117
31940
-22041
31087
-32519
9197
-18972
6376
-25599
-15655
1532
-13430
-12298
-24444
15751
-28420
30086
-25216
-9856
-2958
-28031
-5506
-19330
18811
-3588
9268
20185
28022
16987
-11173
8024
-24951
22930
-21067
-30092
24688
-22054
-3436
5758
1412
-21975
4517
-18239
-28295
22267
5745
25314
-13115
-14409
5366
17617
-22327
-15125
12658
-11270
26096
32745
-23316
-25855
-16933
-3589
9609
32505
4745
-14967
-28420
4230
-21888
-1152
25459
-22655
-13698
-31106
6774
-2052
26159
-4649
29043
-16543
-32673
-9637
19343
1175
19386
-15492
-28556
-17953
-12133
-892
-24180
13094
-18009
-14143
11127
32507
-30862
-24860
-24120
1980
7671
4307
458
2030
-25743
-23046
-4367
-7957
6638
-26623
-6180
-29700
-5237
15098
-3703
-30837
-28676
-4986
-11392
2689
-2958
-6015
-19586
-12930
1404
-1284
28713
4058
24438
25958
23138
-28832
-13931
1690
-25413
21379
19572
-28192
-14432
27786
-29040
14113
-10071
4041
26491
-17925
-20109
231
-17204
19904
-2825
14549
24011
25072
-14223
15611
-21773
-3859
13040
-26623
-15394
-2820
32653
-13830
-10102
-10356
-28676
27783
-6784
897
-4238
-8319
-29826
-28802
-29571
-772
20262
28125
-7050
-30613
15206
25955
-15205
-6757
-324
8329
1141
4324
-27483
-27762
13205
-18658
-24916
-11058
2940
-9221
23919
26346
6609
-31293
-24584
7126
32715
-28431
23154
-25093
-11532
19439
-20495
-26879
17888
-6404
6282
-24837
6028
-6774
-28420
8072
11905
-3456
-14990
-1151
-29570
23422
7802
-4
8228
29919
13172
-11407
-19095
-5787
21920
-3427
9150
2445
17013
-27
-29271
-3439
17561
5404
-31314
-26930
-4230
-3333
-9870
5611
25810
14536
-29447
-1833
-25653
26099
-911
28923
-16139
5617
15859
-26879
-13344
17661
3470
-13061
-14452
19854
-28420
30344
-3712
-4480
-12942
16258
-27010
31870
-2432
-4
-32481
23521
14711
-7309
-3990
28266
-31065
26016
-28482
18835
31860
19686
21677
9879
15518
-25832
9648
214
29311
3324
17267
17645
27349
-14902
-3335
-10279
-17973
23540
2674
-28933
32758
28914
-2061
-26879
4578
23805
-27250
9212
-5235
-4465
-27908
-6264
2689
-10624
-8590
23170
16254
17790
8574
253
541
-21533
7798
11642
-3218
14700
-7253
-28510
-31297
-19562
-18572
-17944
31152
-18534
20897
30486
14514
-14377
-24707
5884
-24719
-3346
28888
-1846
11770
30937
7882
-9484
-23438
29435
-4106
15347
26356
-26623
-20254
22269
19853
19964
19342
6031
-27652
24201
14721
3457
-16526
-31102
-17026
29822
-1412
253
14875
-25372
20597
-130
20850
-11667
10414
-21085
19903
25753
5237
5353
-4686
-20067
20131
23828
6580
-20265
-20867
11004
-6284
-29201
26585
-13362
-19206
-28453
-19509
-31242
13170
13819
-10249
-29452
-18187
-27135
-28957
-26115
26770
28924
-8819
31377
-27396
-5751
23937
22145
-25998
-18814
31358
-30594
10116
253
9495
-538
-7304
-12927
24692
27249
15796
-18266
-28736
15775
30580
10729
-2122
16801
-25690
27153
-20555
21471
-31102
13564
21875
-7696
21723
-13104
-1798
30940
19403
-2570
-29838
9979
12792
9205
-28938
-26879
-17437
-27395
-14449
-15108
-8050
-18287
-26884
6026
16001
23937
-21390
-11390
28030
30590
-11138
253
-13035
4840
-30603
27782
-5513
26995
-32073
-9561
32704
-3935
-22156
-14614
12217
2980
-29782
7440
6071
-21282
639
17916
26480
9970
28637
10962
14843
7130
23748
-5899
20592
26362
-32009
-22541
-23563
-27135
-11806
-28675
-14195
31484
-19061
20876
-25348
651
-27775
25729
18802
2179
-29058
31358
-23427
509
14101
-23318
-7053
14731
-16518
-27018
17339
-11864
-25666
-11872
-24205
26089
184
-14686
-16982
30222
13496
-7458
8575
18172
-18570
5619
12255
26070
-32005
25823
-12341
-21512
-8078
6907
-29703
29943
-19465
-26879
-31003
-17411
32404
-2820
-2161
16788
-25604
2443
-26751
14465
-22414
7555
20094
3710
-3198
253
27153
9707
-21385
-2930
20861
27769
-23617
-15956
-24381
-1366
28276
-28947
-1088
-1108
-10064
-15604
-20037
15590
-20862
19452
-13197
-25612
-6431
10711
-24069
5088
30668
-10760
31091
15867
-16647
-22793
27896
-27135
-5659
-19971
26001
10493
23440
-18287
-26116
11659
-4991
18049
-21134
20867
31358
11134
2940
509
10257
13804
11892
11157
20097
15226
-25407
-28499
-573
13996
5493
25071
-19518
13998
17332
7436
-11844
-6429
127
20476
20083
4853
29155
473
-9989
-17440
-23605
-32263
23155
-16134
6394
21240
-1032
-27135
-5147
-17155
32657
22013
30609
915
-26372
-27509
-19583
19073
21362
-20093
-26242
17278
20864
509
-27634
7661
22133
-10345
-22653
-10627
-5179
-21329
30659
-29264
-32396
11246
-17211
-7503
31927
2314
23486
10983
-127
21500
25717
-28171
24548
-31525
1532
-32031
21195
16634
-19853
-22278
32250
1529
20217
-27135
-5914
-14595
-31853
21245
19344
26259
-26372
12428
-8319
22657
-27022
-32125
21886
-13443
31362
253
21005
-8467
-15498
30106
-21115
8577
8906
14257
31940
-15947
-13964
-31505
-12600
-23883
11195
6665
-12609
-27926
18307
23292
-17295
-17674
-10522
-21541
8188
5858
-31541
25338
-30092
-25862
-26118
12537
-12295
-27391
-1306
-15875
-32625
29693
-30064
-15216
-26116
-26484
-9087
7553
-25742
-24701
15742
4222
-3205
509
-15604
18927
24946
5024
32137
-9342
-9780
-25166
30148
20407
29557
10225
10442
12471
22206
25608
23489
-9752
-5505
23804
7027
17399
-1817
6366
16124
4067
5323
-10758
-2189
11002
-6918
-13319
-7175
-27391
28903
-13827
32658
32509
-112
-32366
-26116
-11636
9346
-32383
29810
25731
17022
-6787
-12159
509
5643
29168
14709
-1886
-16757
1414
-26416
-16972
16581
17595
-23692
-28688
-4404
-2374
-8769
9991
-1086
-29972
-4733
24572
27763
-9993
16873
992
21244
5348
-14390
19195
-20621
10234
12027
17914
11258
-27391
-14361
-13059
-3438
-29443
17296
8850
-25860
15245
18562
26497
30578
-125
1150
126
-11902
509
11530
-4111
32629
17575
-6514
6025
-16429
-22090
-7739
16575
-6796
26354
-7473
-3907
1218
29446
-28476
-24594
-16252
23804
30575
-29704
8171
27872
24060
-12318
15306
23035
-1165
-7175
13051
-24070
-2310
-27391
-16921
-13571
7823
-26883
-21360
23184
-25860
-28787
28546
24193
-32654
-15997
16254
-387
-22657
765
-15351
6130
11123
2988
24210
-26487
12245
11447
23237
-22081
13173
28402
-30000
20160
10182
-4859
-6203
-28435
17539
23548
-2702
-30728
5355
-21790
30460
26340
10698
-6661
20595
4601
27643
5371
763
-27391
-18457
-12547
-622
-24835
32656
8850
-25860
1166
-29054
-11391
32626
-6269
18814
-12931
-25466
509
5384
-4878
-16522
5292
-13678
-27506
-17447
-5960
4550
32197
13940
-20495
13267
9924
3017
-11516
-21306
26097
-16505
24316
-14736
-1800
5356
18915
31228
19681
24514
25851
23408
28664
11515
27898
-14854
-27647
-30746
-13059
24464
-31235
6541
28558
-23812
4750
22914
-32127
-31630
-5501
-4995
1150
-12671
765
29192
-25868
25971
-9041
14742
-13169
17882
13752
-2367
-11583
28019
-19471
31441
-31295
-28473
-17404
3783
24560
24708
23036
-16528
-23303
9710
-28957
-31236
7397
-3641
7420
29043
-20488
-16133
31995
16123
-27135
-9753
-12547
26513
-19715
21904
-7536
-23812
18830
-16766
-27775
-29326
14980
-21891
-29315
-6015
765
20743
26868
12404
20149
7066
2962
-4644
-16708
12231
17608
29045
-7437
20951
-5945
11724
5380
-8247
27121
11910
23036
5748
-23303
31726
-18714
-28932
22757
-16953
-30468
-27790
13048
-3845
1788
-16901
-27391
30696
-12291
29845
-19459
29327
19347
-24068
4751
30338
-21631
22386
12420
12670
-14723
-10104
765
27398
7413
-12425
-29003
13211
7061
-21793
-3395
23240
-21300
6005
-5133
2778
1228
-23857
-26621
-1334
-17676
-11127
23292
15986
6394
6639
1253
-29188
-17692
-58
28924
-21903
4856
-6661
-16645
-29445
-27391
-14361
-12547
25234
-17411
30351
-5487
-24068
21391
-5502
-20095
-26510
10372
-6787
28541
-15742
765
29958
-17419
-1421
3770
-2659
-2668
27615
-1090
23753
8908
32629
-16652
8154
29642
-21042
-30973
22987
-17677
-29306
22780
-1936
16122
-23057
21221
-27652
25060
-25916
-29188
19057
-22537
-3845
-6149
-18181
-27135
13799
-12547
-17263
-17667
-8561
24465
-24324
16783
899
-23935
32370
19332
-13443
-21379
-23423
765
5382
22262
-24974
-20805
-97
32151
-14367
17087
2248
24014
3957
-1036
20955
-32308
24785
7683
2508
14836
16006
22268
373
12538
7151
9958
-27140
-12829
8131
-22532
5744
11255
-517
20988
-1285
-27135
-18201
-12547
-31083
-20739
-7794
-15469
-24580
-30065
-3454
-24447
-18574
-27004
-18307
-18819
-11133
765
8710
21751
-31628
12731
20126
4757
20450
-6468
-32316
-1842
-14223
13301
-15141
28111
-14894
8195
21196
-8459
14471
21244
-28814
25082
20720
-32284
-27140
20964
31428
26364
9328
25591
-5381
764
-15877
-27391
-31768
-12547
-24942
-18947
-13169
27537
-24836
-24433
-14462
-24191
-20366
-32380
-8067
-24963
-27525
1021
-16634
17144
-13713
3773
928
-3183
18914
-5957
30402
-12085
-4754
-26379
-22310
-9524
-25135
19459
-9268
-22797
32385
19452
13427
-26118
5361
-27161
-25860
-19739
8901
-18692
-6544
9974
4604
25852
5372
-27391
26856
-12291
-8814
-16387
-10097
22929
-24580
12176
8835
-13183
-1934
27780
-3971
-10627
28544
1021
-7163
29432
13426
17343
28065
-8043
22244
9151
22723
-27441
11887
-1547
4829
16336
15316
-7422
16078
-26891
1925
18940
6773
-5894
27634
31210
-24068
-24346
15045
2557
16753
-18954
15868
-25604
17148
-27647
7145
-12291
7829
-15107
25488
11923
-24836
-31600
-6526
-4735
-1166
31108
-14467
-25219
-23166
1021
20741
-12296
-29837
-28734
13477
-20070
1511
-22591
32709
-28460
-25488
19959
21984
-3630
10711
-25086
14288
21239
9863
17148
24689
11515
-27661
-6423
-23044
25318
25284
4349
-17295
30198
17148
-21252
20732
-27391
28392
-12291
3217
-14083
27537
28561
-24580
24720
3971
-29567
4211
32388
-26243
27005
-30596
1021
12293
-11272
31599
15814
28328
-19557
9704
-8511
-2619
21461
-11920
-28937
13281
15572
18392
31234
-31024
16374
-28797
17660
23409
18939
31987
-28180
-22532
14052
-2371
1021
-1426
19957
13052
-31236
22012
-27647
27111
-12291
31633
-15363
-22130
-9074
-23556
-16496
10371
-15743
6515
-9340
-15235
21117
8577
1021
-11260
30201
-13456
-13369
7337
-7777
22762
31938
-317
-12587
-13457
-17930
-23072
-6957
12249
13058
32464
-30985
-5755
11004
-140
31227
23028
-22548
-22532
26855
-11068
18685
-2447
-14859
26108
-1540
29948
-27391
-5912
-12291
-30315
-13827
28306
-20332
-23812
-22128
24963
-6527
-910
9861
-15747
27773
17283
1021
29444
23033
21875
18123
13996
-18783
1771
-31547
1992
-26406
-28559
-21768
13797
-16936
29659
6914
2515
-8712
30856
6396
-14736
-24069
-28683
-2836
-22276
24551
15556
20477
26226
15861
26364
5629
-26116
-27391
-16152
-12547
-7535
-13315
-31597
28562
-23812
4497
13699
-18815
-142
-20860
-11651
16253
-9856
1021
20740
-29703
-4752
23246
28080
29091
29932
17350
12744
-16677
9842
9720
-11803
30426
-10019
-767
7636
22776
-3194
1788
26484
-18181
-23563
-15121
-21764
21736
-18493
-32515
7538
32244
30972
20989
-13572
-27391
3817
-12291
-26731
-13059
-21357
22677
-24068
-10863
22659
-4735
2931
2949
-11139
31357
19335
765
-3581
-3335
-31372
16848
22961
-31319
-30737
-14136
-16696
13537
6257
-1800
-27160
-18466
11234
-11263
7637
22778
12683
-3589
-28811
-6405
-19466
15088
-22276
-4888
-21309
-32003
-27534
-27917
31740
24317
-13572
-27647
16361
-12291
662
-13059
13716
25237
-24068
-7535
18819
-12927
4211
-8572
-12419
29053
2948
1021
-7421
11002
19315
-26668
19125
-25431
-28945
10442
22985
14049
-4751
-16135
27881
28895
-18719
-13823
-18730
24826
24457
-11013
-29837
-261
22775
-27407
-22020
-28952
-7742
-28419
-22670
-16142
-32516
28925
-6404
-27391
18408
-12547
-23660
-13059
30101
-4459
-24324
914
19843
-3967
20595
8325
-32643
-31619
28034
1021
-14845
22778
4722
-6442
4280
-5204
-272
4811
3529
-28701
-22159
-23303
-16150
28897
2533
-17919
-5674
19962
-22392
-16389
11127
3580
-15113
18931
-22020
-9751
28866
-24835
-15758
-16911
-30468
-29699
-6404
-27647
-7448
-12291
-23655
-13315
-32619
20377
-24068
31378
-15741
-2687
29043
18053
-8067
17533
-3703
765
-25341
-21510
-8331
-28968
7610
-31312
21234
16333
-19767
13286
-25487
-20999
31980
-12573
7909
-21759
-19752
-24837
32653
-18693
886
9724
-24840
9972
-21508
29417
24256
-23043
-27533
-27407
-29444
-27395
-1284
-27647
30184
-12291
-3946
-13315
918
3736
-23812
28818
-17277
7042
22387
12933
-18051
-31363
19844
1021
-26877
-13062
883
-18981
1982
-22350
26867
-12595
-17975
-16665
2418
16890
32493
19429
6632
-22527
25817
16379
17802
-16645
19061
13308
16633
-18444
-21252
-11287
-28223
-22275
2933
29168
-28420
-23555
1021
-27391
28904
-12291
-19306
-13827
-6762
7319
-23556
-4206
-17533
-8063
-14221
31365
-22147
18813
8069
1021
-32253
-3846
-398
-7715
8897
-30027
20724
-1842
-32311
11753
-18574
-7
-22034
7143
-21527
-24575
19930
-22277
1931
-23557
-6024
15868
27129
13302
-20996
20202
-21055
-20227
-15244
-3858
-27396
-19459
3581
-27647
25832
-12547
20634
-14083
-30315
15003
-23300
27795
-12157
-383
-15757
32133
-29059
24701
7561
1021
29187
8187
-22923
21983
-8254
26297
-27403
-7728
18378
-29205
-8078
24826
13296
-25623
-7189
-25599
-25637
21500
-20083
-21509
-10893
19708
-9223
6902
-20740
-16667
5561
-22531
13426
21997
-27908
-28163
3069
-27647
27622
-12547
28820
-15363
11666
17810
-22020
-31341
-4477
-19327
-9101
14469
31101
-30851
2432
1021
29443
26619
13168
17634
-22075
26554
5878
-50
23237
-13079
21617
-7175
-13330
17382
21227
-26111
-20774
-17669
-6265
25083
-32651
21500
24058
-14858
-20740
-29718
26560
-19203
29045
-14099
-26116
-17155
5885
-27647
-26905
-12547
30615
-15363
26006
-19048
-22020
-29037
-18301
6274
-1677
29829
19837
22397
30086
1021
26115
25595
-21901
-2333
-30520
12733
2295
27091
20427
11758
4723
30714
12530
-19221
-3603
-26623
17629
-30724
9357
18171
-13962
23292
-18694
-28169
-20740
-5142
17343
-18691
-9356
-26899
-26116
-14851
6141
-27647
18151
-12291
-19048
-16131
-12140
12183
-22276
1172
-637
14722
-1677
19077
29309
17789
-28536
765
25347
-25605
18804
2278
26315
-22848
-15881
-29995
19660
-16401
-22925
6907
24819
-10003
-3346
-26367
-11810
-8196
-23666
9467
-32653
25340
8955
28151
-20484
29929
-23107
-18435
-30859
13036
-26884
-14851
6653
-27647
-14106
-12547
32148
-17923
-18028
7060
-22532
3732
-9597
3714
26228
29061
28029
13181
-7551
1021
24835
-21509
-16528
-18712
16590
-1344
10232
-1323
-9269
4080
1908
-1030
-14093
10734
12272
-26623
-16418
-19460
139
-11270
15221
26108
13563
-22536
-19460
6377
-8005
-18179
18549
-3607
-26628
-13827
7933
-27647
-14107
-12547
-32105
-19203
-28780
17558
-22276
3732
10372
8834
-2957
-23931
30845
9597
-6521
1021
24323
-15621
-28813
-15128
16335
13253
-15624
-1322
-16437
-8207
1908
-25606
-20492
-14865
-7183
-26879
-24353
9469
5775
-10758
4470
28924
-22789
9465
-18180
-10519
29116
-18179
-17036
-26647
-25092
-13059
9213
-27647
-23578
-12547
23704
-19971
30613
408
-20740
3477
13444
9602
22388
-9595
22653
2173
31880
1021
24067
2556
-23181
-20245
13779
-18489
-23047
9945
23500
32755
-14477
17147
-10251
-6928
7411
-26879
-28959
18685
-25457
-25350
-3727
30716
4860
-22791
-17156
17897
-2887
-18179
-15500
1769
-24836
-12291
9981
-27647
-16410
-12547
9621
-21251
31381
-2412
-19716
-8555
26500
-31614
28020
-123
24957
-2436
-12924
1021
24067
9980
1393
22510
30935
14026
8442
-23334
2765
-21516
5748
25851
-20234
-6414
27636
-26879
-12318
23037
24718
32506
-5772
31228
15868
-3846
-17156
30953
-584
-18179
-2189
-19225
-24836
-11779
9981
-27647
9447
-12291
1689
-22531
9365
-21865
-18948
-2666
27268
24194
11892
-26746
12157
-6532
140
1021
24067
18684
19828
-6929
-12839
-9776
-3846
-22052
-29235
-6154
-11662
30971
12280
17653
6902
-26623
-26908
-22531
12435
10746
-7051
31996
30972
-8454
-17156
17385
-29770
-17923
-8589
30694
-24836
-11779
9981
-27391
24550
-12547
26009
-27907
6805
-6760
-19460
12184
-28284
-4223
19572
-25210
10365
893
-13433
1021
24067
22012
-399
-5903
13533
-17455
15611
28893
-11828
-2825
27251
-24069
-17672
14838
26871
-26623
8421
-20995
-28272
-22279
14452
31740
-30212
11515
-17156
-25625
18356
-17923
7284
-9245
-26116
-11779
10237
-27391
4069
-12547
-11625
-32515
-19563
8087
-19972
21400
-12668
13186
-31372
-13434
5245
-2436
1158
1021
23811
23804
6513
-8462
-13346
20948
32507
-19747
-14901
-26888
-6286
14331
5881
-12298
-14345
-26623
12005
-20995
-17521
-27911
21878
32764
31996
4859
-16388
1253
32428
-18179
28785
-3361
-26372
-12291
11005
-27391
29411
-12547
11418
18429
14226
-30827
-20740
-6760
-27004
18306
-28044
-2938
5245
-5252
-13430
1021
24067
27388
10099
13299
-802
31957
-21509
-32037
-3388
11512
24943
26362
31224
32245
15607
-26623
-14108
-17155
-31087
-4360
-31371
32252
30204
-8711
-16132
10469
24496
-18179
-1168
-7712
-25604
-12035
11261
-27135
-14109
-12547
29592
28925
12691
-19562
-19972
16025
-14460
29826
-4748
647
13949
-3716
-22396
1021
24067
29692
-2961
26611
-13090
976
-25349
-20004
-26938
32504
31598
-2822
14585
2295
-4873
-26367
23781
-19715
-27762
20984
-21900
32508
-25860
6906
-15364
16101
-24914
-18179
-15759
23774
-26884
-12291
11517
-27391
5347
-12803
-9321
23037
-8044
29591
-22020
-17511
22149
15490
-15244
20103
25725
1405
-4476
1021
23811
30716
11119
19444
4321
11474
-6661
32477
20934
12025
-20370
-28678
-29703
-21513
23288
-26879
12006
-16387
-5746
-4873
-8840
-32516
-22532
-5638
-14596
-16156
-28755
-18179
19569
-31524
-27396
-12291
11773
-27391
-22814
-12803
11164
11517
-22380
26266
-24324
-359
9861
24194
12149
10375
2429
9853
17288
1021
23811
32508
-27023
9205
23266
32469
6140
-29474
3526
762
5998
29178
1274
-17672
29177
-26879
29158
-14083
5265
26871
-8074
-32260
-10500
5371
-14596
-19996
28844
-17923
22898
-20260
-29188
-12291
11773
-27647
-19998
-12803
26009
9213
18838
-8296
-28164
-19558
5765
-19838
27765
11143
2941
-11396
-27520
1277
24067
32508
5486
-19466
-4379
17367
17404
-2850
10182
-25862
13678
31994
23546
23801
-7
-26879
31463
-14595
10893
7671
10870
-30468
-4356
-21509
-12804
5349
-18004
-18179
3954
-16933
-28420
-12547
13053
-27391
-11294
-13059
-16231
2813
16535
23195
32508
-3430
32645
-27774
18549
16263
637
-13188
1925
1021
24067
-30212
-28817
-11785
-28952
7899
28924
-12832
-18234
24827
18541
30458
-6
17402
-28678
-26879
3817
-12803
3472
-26122
-15496
-31748
-3332
-4869
-14084
21221
-23893
-18179
28274
22490
-32004
-12803
11517
-27391
27106
-13059
-10853
-6404
-20842
5531
25852
155
-26235
26754
-24971
29831
9085
893
-4730
1021
23811
-32004
-31888
8440
15081
-6180
29180
-22815
710
-31749
21613
16890
9211
-22278
-19206
-26879
22249
-12547
26257
2294
-24971
-32516
765
-13573
-14340
-25628
-23637
-18179
3700
-14630
30972
-13059
10493
-27647
8930
-13571
3992
-12548
17048
-3944
17916
-14950
-31355
27522
-5003
29063
-2692
-900
-27776
1277
24067
32508
-916
-12808
23531
477
32764
9953
-4923
-17413
-14484
18682
17915
-14342
-2054
-26879
13801
-12803
-21363
25333
-9097
32252
1789
9980
-14340
-6172
28586
-18179
-30604
-16937
27644
-13315
10493
-27647
29409
-14339
1947
-26116
21912
19099
6652
28827
30341
28802
-395
-25977
3965
8573
-28026
1021
23811
31740
24944
2041
24556
21728
-27908
23522
-14140
14076
-8596
-30215
-32005
25083
17147
-27135
2282
-12547
-25199
-21516
18809
32252
3581
-28676
-14852
13286
13996
-18179
4214
-20009
24060
-13827
9213
-27647
17377
-14595
23452
31228
-19560
21660
-5637
16795
28549
23170
12406
-10105
-900
-18820
-2680
1021
23811
31228
7538
-26631
-9747
12259
-26628
-6172
25542
26620
12910
-18695
-18181
-12037
-27397
-26879
14059
-12291
16019
1269
-23439
32508
3581
-24324
-14852
29663
-20835
-18179
-23692
20944
-5637
-22531
3325
-27647
2525
-20483
-14444
-22533
-22125
23699
18426
28315
27269
-30334
-15754
30855
3453
-18308
14979
1277
23555
30460
22125
-8455
32238
26596
-25604
-15903
31933
11516
9582
-16905
26363
2043
22523
-27135
12777
-12291
31375
3571
14457
31996
5629
-7428
-14852
27365
-29526
-18179
-13962
-4397
15868
-16131
4349
-27647
25823
-17411
-16484
2812
-13159
28316
31739
-14181
-32635
-30846
7542
29063
9853
-8580
3214
765
23811
28668
31348
24570
-11280
15337
-23300
19175
-12345
-516
-14482
-10248
6396
-26628
13308
-27135
-28437
-12035
4503
