-20071
20608
-29799
22917
-20607
15231
-25722
-4739
28285
30614
-8227
26115
26599
-23679
2300
-2308
-2308
30716
-7715
-26978
-19203
12924
7104
3067
17149
-15620
-27391
8150
7165
25503
-29704
-16483
12193
758
-30819
-12923
19330
-1417
19847
21117
-17540
-7536
509
23299
-29701
20858
-22789
29944
13812
25340
-9323
-5762
24985
27781
-8319
24703
25222
-8579
-31875
30609
-18468
26371
24038
27518
1020
-3076
-7940
29692
17629
11678
-19971
-132
23487
-16902
9725
-18180
-27135
-11563
-15364
17821
16632
-27491
4254
-18955
26013
-5755
20866
10360
20359
17277
-9860
23694
509
23299
28411
-9352
-22021
-9224
25844
24316
5016
-15237
18585
29573
-15999
30335
-25978
126
-17795
11159
-19494
26627
16870
-32639
-5
-7940
-11268
28924
20701
1438
-19971
-19588
-18243
-26630
9213
-20996
-27135
-29483
-11012
9632
11767
-14948
3744
4597
25757
-10107
12162
25208
-27001
22653
10877
-1898
-4
23555
26107
-24195
-21765
-4872
29685
23548
23704
15225
22937
19845
-31615
-31105
14214
-6275
-20611
-2924
24281
26883
4838
9088
-1029
-14340
-12292
28156
-4388
9118
-19971
3965
25533
-30726
9469
-13316
-26623
-31788
-13060
-31074
26359
9629
1185
-27660
15517
-17531
7554
22136
11399
11901
2173
32401
-4
23299
25595
-25734
-19461
17401
3829
22780
-3179
-10121
409
15749
-8831
-21889
22662
-14723
-28035
-29550
10712
27651
-31771
-6274
-2053
-14596
-26628
27644
-18981
-18277
-21251
19581
-31301
5370
-9476
28412
-26111
-17197
-29700
28061
31734
10907
1181
14324
25501
-12411
23170
26744
21383
6525
637
31120
-260
23043
22011
-11399
-19461
28153
-22027
22524
-8809
18037
2713
22661
-10367
-13697
25222
-28291
-899
17562
-21035
27651
8933
-6270
-2821
-20228
-25092
27132
-12069
5788
-21507
-9860
-27718
7162
-3332
29180
-26111
31443
-26372
-19551
14838
-14950
-21856
-21517
-31331
-15995
28546
-26504
27271
-1412
15485
19861
-1028
23299
20731
2685
-18693
-29703
31734
22012
-12650
17521
2713
18053
-14207
-385
23942
-4739
-29827
-26477
-23085
28675
19940
-4481
-3845
-21252
30204
26620
-3878
26266
-22275
-11652
-17735
-8967
-12292
27132
-25087
16082
29948
-23139
32245
10138
-612
-20750
-28259
-22907
29314
-14728
20871
14461
-7044
-22385
-1540
23555
18171
-135
-16133
5882
-6667
21500
6037
17263
-32360
13701
-9087
-23681
23686
-4739
-26499
-4463
-30766
29955
21987
-19074
-4357
-25348
26108
26620
28118
-31857
-23299
29564
-4170
-29447
-22020
12284
-24063
15825
11004
7068
3317
6553
-16742
9714
14493
-10107
30594
32632
25735
12413
-9092
-18293
-1796
23299
11771
-12939
-24325
10744
1014
21500
12950
15724
-26728
645
-11391
16768
-13178
-17283
30077
-4716
-15409
30211
3556
17024
-5637
30716
15100
26108
21975
21396
-24579
-4744
-17738
15865
-24324
7420
-22783
5328
22012
-29027
-14093
30358
-15206
23025
-30051
-25467
28034
-11400
-18553
10109
-20868
18576
-3332
23555
15611
5241
-18437
-14855
-6412
20988
1938
-30615
18328
645
-10367
-31360
-30586
-1667
-26243
-10610
3534
32003
6883
-2436
-6149
26620
-261
25596
-9259
-622
-27651
-26503
4278
-14088
22780
-7429
-19711
29391
-7173
-7271
27635
-15978
13720
-28432
1949
-23931
29570
1145
-26233
6269
-12420
31112
-4356
23299
9723
-11148
-16901
1530
-8717
20220
-4974
5479
1944
13189
-12671
16000
9606
-20867
-29315
-32369
-12853
-31741
16610
-12419
-7173
20220
-8197
24828
7125
-13678
-29443
8825
12212
31480
10492
-20997
-18175
-19762
-27397
-16998
-27918
1942
24728
-13585
12445
-7547
23938
7545
27783
4221
-17796
-25203
-5892
23555
5883
-4745
-17157
1018
-31499
19708
27797
-12188
1176
16517
-18559
10112
21638
18046
-27267
7826
-2104
32259
-5151
-25474
-8453
12028
-24069
24572
-22316
-13935
-30979
28280
26291
13560
3324
-22533
-18687
-13107
-16645
-18021
23537
18837
-21608
3311
2461
-13947
21634
5753
29831
31101
-16004
-23666
-8452
23555
5115
-6537
-16389
16122
-24587
19196
-367
17504
27287
12677
-7295
-21376
8582
-7299
-23427
-25207
11463
-28413
-18976
19322
-8197
11260
4347
24060
-24365
11920
25085
21369
30642
31735
28155
-18438
-12031
17613
9979
6039
23793
23957
24212
-28691
6045
-9851
31362
8569
21127
7293
-18820
-19063
-10244
23299
-1798
-5516
-15109
-23046
-21515
19196
32147
22877
-29289
16517
-1407
4993
29830
7806
-6787
-8049
-6461
-25853
-27937
-19075
-9989
-4869
17915
24060
-9518
-5234
29437
-20872
14256
24055
-22789
12795
-9215
8396
2299
25498
-30224
-3948
9367
32748
16285
-1403
-31358
32121
-7545
12669
893
-32113
-14596
23555
-6918
-14729
-14853
-28678
7671
19196
-28012
-32166
9623
-124
-2687
9857
19078
-3203
-9347
28560
-30528
-24573
-15650
2942
-10757
-12293
4603
23804
-27182
-14706
27389
20088
9391
-2314
27899
-7174
-6399
8139
-262
-12646
24816
-12395
-2408
29419
-3172
-13947
-23422
-26759
-19577
5501
-10884
11150
-19460
23555
-10758
24439
-14341
-7686
-26890
18940
1168
8279
11927
10629
-13951
15233
-6523
-23939
-4227
-10357
12990
-16125
-8228
-12933
-11013
-17925
-25606
23548
15825
-23156
20221
25977
23981
19702
9467
25594
4610
23498
5882
-25960
-11026
-19819
-24171
-1047
18333
-3195
31618
-29831
19079
-18052
-132
-3445
-23556
23555
-23046
23670
-13573
6395
21239
19196
-8557
25940
6807
-10364
-28287
-12159
7814
8062
-8835
17298
5050
-15357
18395
16511
-12293
-30469
-24070
23548
-6448
-32373
22781
-24200
-21077
18678
18171
-24582
6658
-23351
16890
-16741
6639
-30827
-29288
-1560
24733
-18811
18818
9850
-22393
16765
-4484
-10605
-32260
23555
-30982
-30342
-13061
11515
-777
19196
148
-24753
-20842
3205
-20863
-26495
-1915
3966
-13443
-4976
-23114
-9213
-17959
30847
-12293
32507
-23814
23292
-23857
-9078
22013
-1928
-30038
18166
9467
-29958
17666
32712
6906
-15974
8686
18326
-4969
-17178
8861
-2171
25474
-9351
24455
12413
-8580
-18035
24828
23811
21242
-16521
-12549
23803
29431
19452
-11631
-9139
32150
2181
-27775
-10879
-7291
2686
6782
8847
13492
4100
12759
-9346
-13061
-27397
5883
22780
-9777
14474
14845
-2951
24233
3574
-7430
16122
-31742
-5177
17145
25754
14574
18584
-10087
-2587
5533
-7547
22146
10362
24711
15229
2685
11148
18172
23555
-4615
3959
-12037
-32005
-9225
19708
-24940
-22711
32406
-8828
27777
386
14726
4990
-16515
17559
-19281
4100
18646
17283
-15365
16123
5371
22268
-31025
-6006
13053
-4743
30887
-20235
-14854
-19719
-29694
-27449
-28679
-10338
14061
-9065
-17252
-17693
15517
-13435
12930
28026
-2169
15485
-17540
15249
3580
23555
-11271
18298
-11781
-25861
25080
19452
5524
14662
-1387
-10108
30593
130
-16507
20606
-3971
29329
1964
16900
26836
-28800
-16133
15355
-12038
21500
-31538
27529
8445
-18310
20646
7157
-28934
-5639
-9726
26566
-8712
24987
-30228
3224
-10598
-8223
-11620
-8059
16770
15482
25991
26749
-5764
23179
-9477
23811
-31239
26231
-11269
-5893
-30985
19452
-21869
8772
-12651
-14972
-26239
32386
-13947
14974
2942
14993
-23640
32004
19410
20864
-18437
3579
30202
19964
13262
-24439
509
-389
7333
-28684
7162
25849
8451
31173
504
32667
-22293
17049
13467
-26400
-5476
-12411
29570
-22150
30855
12157
-7556
-9843
-23557
23811
7161
32376
-11013
-6917
-21512
19452
-1387
-11457
-20331
-6268
32385
28546
-15483
17278
5502
-14443
-28253
-32764
6609
17795
-20485
-10502
-24838
18940
-1331
30089
-2052
18812
4260
22260
7162
16889
13827
-15932
28408
-3939
-3351
-24936
-2148
-12835
-5988
-3963
23170
-24710
30855
21629
10621
144
18171
23555
-5640
-6535
-10757
2812
10489
18940
-25709
9021
4501
-18556
21889
-9598
-25467
27006
12926
-18545
5281
-14076
-28721
12928
-21253
-19974
15610
17404
4557
22152
-11780
5757
25762
-32525
-20743
-3848
-23549
-3133
20727
20122
-17687
-18535
-17766
-805
28060
-12155
14978
-7558
22919
28541
9085
20104
5371
23811
-25096
-26763
-10245
15612
-15368
19196
11155
-29638
-10092
-1916
-28287
-6526
-30075
25726
1918
-15983
-18019
5381
-14387
8065
-24581
32762
-12295
15100
-25140
-7290
-19204
-10627
-24672
-11278
21753
23288
-4349
-18750
28918
2204
17128
16281
-18534
8666
-20580
8070
24194
-23686
-32121
24189
-1924
-1650
-14086
23811
23544
25209
-9989
16636
-9223
19196
3476
-28874
-21868
-10876
21377
6019
-24187
-30082
638
-11373
20889
3845
-32564
-25470
-26885
17402
-22023
12796
-21044
-21369
-25860
-5507
-1121
28658
-9224
-12553
4356
25794
-21258
-16228
-9498
21912
-8038
-6442
-25956
-5243
12674
12411
-31609
29565
-10628
-6001
23546
23811
5880
-4231
-9477
20732
-263
19196
26514
24629
29844
-27772
12673
17283
30597
19582
19838
23436
30614
-25851
-24118
10366
-27653
4346
-7432
11004
-25910
-31354
19964
-21122
20382
4593
11000
-14345
-16380
-2112
-24588
22424
9702
32409
13976
-8491
32156
-7035
9346
16763
29575
11901
19069
-13429
4090
23811
-16393
5239
-8965
29948
-22279
19196
29075
-27854
19860
27524
-18303
19843
-24955
-26754
20862
-4207
14994
-11771
4553
-8575
-31237
-18695
9209
7420
23755
-1403
22268
1407
29084
1777
22264
14583
261
1728
-22028
-16229
-15899
-9063
5788
-27949
-28516
-16507
-32638
13691
-24441
-32387
7293
14994
-28423
23811
32759
-134
-8453
30460
-22278
19196
19092
2097
7828
-24956
18817
26755
24453
22398
25214
10643
-17266
-8955
-14137
-14974
-32517
-30215
-23048
4860
-17974
-21626
12028
29055
17820
31728
-6665
-20746
16389
-7745
-13580
-31588
2021
-14439
-1125
3538
29852
-6523
13698
28539
17799
24701
13693
6801
8185
23811
12279
10619
-7685
-27652
-11270
19708
-2161
19246
-12653
25732
-30335
-5757
22149
28286
-21890
-20850
19341
-30970
-11579
-2689
30203
20473
23544
1020
-13623
-17787
252
10112
-10854
-27153
19447
-8459
-1787
-17474
-10510
-359
-32540
-17254
28058
-30257
22940
-19579
30850
-7301
24199
27005
28797
24207
-4360
23811
-16394
-17799
-7429
-19460
4603
19964
-10350
16172
-12653
27268
6529
-4477
31365
-4482
21118
-14444
-28535
30470
-21308
7555
26875
5113
11256
-2309
27081
-32635
-7941
28799
15768
27887
5367
-27403
-2043
5822
6643
31133
-28445
-10343
25500
25293
29852
-16507
9090
-12677
-18297
-6275
15997
21655
25592
24067
-28426
-387
-7429
-18436
30203
19452
-8045
14122
-28013
10116
23169
13444
18053
-21634
31102
-15982
-21883
-14074
6083
-894
23035
-11016
18936
-4101
-30776
15492
-9477
14720
19864
6895
5623
-12299
30982
-324
-8206
-14949
32226
-11367
16028
7371
18076
31109
18306
10108
27527
-25475
13437
22161
-13577
24067
7926
29563
-7429
-9476
29947
19708
12435
-19416
15251
7300
17537
14468
-15996
-14210
23678
-624
-9341
-23033
-16192
9858
23291
-24328
-3081
-9733
18888
-31356
-21253
4481
-29290
31214
32502
-4620
18695
18876
18929
-24933
7906
12699
-30565
23753
-1893
32133
3458
-2181
-2170
-25731
3453
30608
-32521
24067
-26379
379
-7173
-7172
9212
19964
15764
13606
6803
11908
14465
24452
6277
-24450
-29058
23194
12928
-32248
7615
391
27131
-11784
19193
-12293
-1335
1413
-12037
6787
4501
4335
1527
28405
-8953
9404
-8463
19361
8930
-4452
30882
31942
1436
-25211
7554
12412
15239
31101
22653
-10602
-9738
24067
-15628
26751
-6661
-3844
16124
19964
32402
17189
-23918
-10109
12929
20356
-5500
-22146
29566
5780
17791
9481
20414
4484
23547
-15112
32504
-16389
-3384
-17019
-24837
-20605
13716
-3603
-30986
-32523
-22008
-838
-15120
27293
-12064
-21092
13726
15813
-22117
13957
4482
15484
5255
31613
17021
-12144
-21002
24067
31220
26236
-6405
-516
6908
19964
29071
29731
-30062
-17277
13185
10372
-2172
25214
14462
19603
-8836
-2039
27068
24707
17659
-29192
32760
-21253
14280
-21117
-32005
-14205
-17262
-21779
28918
-29195
31753
2746
8943
-15716
-3873
-10852
-27490
-8766
-24933
12165
16002
6524
17287
9085
1917
-10350
14582
24323
-9485
-7812
-6661
-260
31740
19708
-17007
23840
914
-11645
16257
24708
-6780
29054
19582
9879
12152
-17143
-19013
9350
5371
11512
17912
-32261
-16441
9603
5371
31363
26513
-23828
-24331
4340
-27127
25017
-21009
-11362
15069
-6501
18592
31678
16539
17285
18306
18556
12167
24189
8061
10133
18165
24323
18163
14718
-6405
253
32764
19452
-9330
1055
14226
4484
2945
-18812
-15740
-25730
19070
3984
-5770
-8438
24507
31874
-2566
-18185
-9482
29947
8390
-16766
-11270
28036
7056
-30997
3573
-12557
-21494
15032
-7187
-25446
25307
-32102
-101
10940
-24421
-31099
5506
-32132
10631
26237
-2180
-25971
501
24067
2803
23930
-5893
1789
30460
19452
-18034
28446
18834
-4221
3457
-24444
-10620
-21890
19582
-3183
6261
30219
1723
-10366
-8198
9463
-22794
16123
1733
14208
-28678
32643
-6258
-23574
-28684
-24589
12811
15799
22764
31899
18394
11673
6811
7099
-8037
20613
3458
23932
14727
-29315
3709
6036
-26380
24323
5875
-27779
-5125
1789
-15876
19964
26767
-21476
2962
-5757
1153
389
-10620
639
29566
31379
25970
32011
17850
900
-9990
-6922
3830
13563
-21564
27520
17914
9347
14734
-11799
-18189
17394
28171
-20554
21485
4252
27097
-4200
-7781
19384
-23141
27013
130
-17284
10887
-16771
8061
3221
-1549
24579
-8206
21886
-4613
3069
-17668
19708
398
8476
-23151
2180
11905
-10364
-32636
1407
27774
-26741
15985
-30196
-21320
-16513
-12038
-15114
-6924
4347
707
31615
-775
-17021
13709
-18712
-14862
-30735
-28148
-9291
12522
-18793
-16680
-3944
23959
13239
32155
-30843
10114
-17796
2439
-5251
9853
29072
-19469
24323
24818
7803
-4357
3837
-19460
19964
25740
-27366
26257
11652
1153
1669
-22140
-8322
-23170
7569
31341
-8692
19639
-31102
-22790
-5899
4853
-5126
-25150
-16002
-14087
19331
-22390
7656
-18190
-28175
-10740
-20044
-30998
-870
-17449
24984
-27750
-32588
20123
-15995
1410
-10116
10887
-23427
31357
6806
-16910
24579
-1551
12926
-3589
2301
-12804
20476
-626
2586
27793
-9853
3713
16261
-9340
7295
-26242
4754
17259
2317
9399
5763
-26630
-13067
16628
-4614
-21311
27261
-17671
-4990
23434
-22297
-24590
6897
21517
-21069
-18454
-31590
-12331
11160
12442
21683
13467
22149
3202
-5252
26503
-4739
20605
18068
10482
24579
11250
31869
-2565
2813
-18436
20732
25738
28697
-18544
-25725
16001
30085
-14972
-386
28542
25485
2667
27406
26294
10368
-29702
31221
-3085
-20742
-2624
31356
8441
-21630
-17271
-5658
-10255
13040
-26610
24243
-9753
32152
-4395
-25193
2712
14002
-25446
14469
18306
11901
17287
-25731
9853
-6767
5618
24579
-5647
-12677
-1797
3325
-15876
21756
19084
26392
-1392
-17789
2945
21637
-26492
-17538
21630
-28013
-4761
12814
-23115
19843
31482
1781
-3853
-23302
20160
20091
2297
23170
1160
-29210
-5135
32240
-29938
22962
-28696
-23909
-16685
7575
-6504
3504
-8038
22661
6018
3709
16775
-31363
-6020
-22119
13297
24579
-8975
384
-1285
2557
-10756
22268
-15220
279
-20592
-25725
7041
30341
-24700
-5250
-21378
18320
8037
4367
9396
-32638
21498
-24332
-18190
-31238
-15938
19578
-21768
5250
-122
31717
-12304
14831
-26097
14769
12264
-9831
7379
22167
32409
19117
-25702
17285
9602
17021
3719
-12163
24957
-32622
24304
24835
19697
26748
-517
3325
-17412
23036
-7031
-4075
23696
-10877
-13696
23429
24964
-2946
-31106
-25970
8036
23312
-1870
29313
10746
23284
-21262
19962
2238
-13447
22776
10370
-13947
28644
28144
22766
-20208
20144
27621
-26728
-24622
-28521
21657
6059
28826
27269
-10623
7037
-4218
-23427
8061
-30319
3824
25091
-5136
-1157
-5
3069
-12036
23548
29836
-7660
31376
-23165
-2688
-30843
28548
-9090
-22402
-31082
-28320
23312
-7503
-11643
-22023
-18957
8435
27642
-12356
-7048
6905
-24959
18308
-28
30449
-28177
-14832
27055
5095
26268
-4912
2455
-8805
28072
-21094
23429
2690
20349
7047
-20867
17789
18326
-6162
24835
-21264
-4482
764
2813
-11524
24060
17291
29972
8592
26243
385
-16251
23428
-21122
-25730
4752
-26274
28433
-26960
-9086
-6151
-27917
-8719
-2311
-3653
-31369
-1545
1666
-1149
25571
-27665
10734
24338
-14162
8677
14233
-17201
-30570
-26472
25255
30362
8837
-895
-32387
-11386
22653
12413
-11890
15342
25091
496
14971
2044
3325
-19204
25084
-3698
25621
14224
-18301
-8832
-17275
28292
-7298
-16002
-16495
-26532
-25585
29613
-32380
-7431
-16909
17394
-4359
-25411
31610
18936
31875
-5756
15076
-29457
7149
18193
28847
-21532
19610
-17454
9370
-31590
27561
-15462
24965
-2687
-25731
2951
-30851
17021
7826
-30483
24835
31983
-3204
2556
2045
-21252
25596
-25709
19988
1424
-19837
-7808
-23163
26756
13951
-26498
6038
-7592
23311
-11605
-20857
-11271
19699
-19214
3322
-22595
1914
27128
-3453
-2429
1508
-23057
24301
9745
20398
30438
-15460
-31791
-13670
-12131
-7258
-19558
-28283
-6783
25469
-2170
-6019
10109
3476
9708
25347
-3346
24190
3068
2301
-18692
25852
7312
-14318
-28273
-13181
-10112
13446
16260
-898
-10114
-16753
-22186
29969
-7511
24964
-20999
7155
-23567
-18951
-15941
-136
-9737
10885
1154
-22558
10991
13805
20499
7341
-17949
5785
-28720
4507
31388
15779
20122
-27515
-6015
5758
903
-27779
24445
-28276
17131
25091
-6931
30074
3836
3069
-29956
26108
-19571
-29935
-28017
-21117
-4992
16262
7300
2175
-11138
27283
-19117
-29421
24999
-25723
-9223
8179
22002
20217
-6725
-8328
-18697
-14971
-14977
-29470
1519
-10516
-15852
-14932
-24351
-29285
-25649
15260
-21603
-1121
-31590
26757
1666
2942
-10106
-24451
30077
27283
746
25091
-11284
-2947
4604
2557
-10756
26876
14221
26896
23439
-28029
7041
21894
29828
-7298
24958
7829
2385
25364
6055
-28026
-10247
-7438
-8718
12537
-13893
9849
25335
15750
13951
-8735
28910
21228
-2283
-4181
31458
25244
-5939
27291
-28515
-16996
18330
24197
21890
5246
14727
-29571
3709
-9068
-10776
25347
4332
3967
5628
2813
-7684
27388
23947
-21489
-626
13699
-2176
26246
-5245
14719
-25986
-5492
31311
30742
421
15490
-16135
-9486
-27407
-23816
-2886
14200
31734
-14714
28030
23008
6381
20458
15896
-17238
32733
-3945
4557
21660
24987
-32614
20634
3973
4226
6014
-4986
-16515
16765
28560
7400
25603
10987
7036
6140
3069
-8708
28156
10635
3343
-19058
29571
-128
-5754
21636
14463
1407
-17518
-19892
19735
-31837
20357
24825
-6415
11762
-22536
31674
-19338
-17930
-20346
4477
23776
-25875
31723
-3560
-11863
-4387
-14950
14795
-27749
-3684
32408
11930
23429
8066
-29314
14727
-8323
-31619
-31338
-14618
25347
-28950
-31873
6396
1533
-3076
28412
-885
28173
-17010
11651
3201
-13690
1156
13183
-13954
-14191
-24247
-32744
3236
2437
-11016
8177
-22032
6904
-1096
-1419
12277
1158
11900
-5667
-32533
8425
-15078
21672
6109
19354
-12346
-3432
-17766
-10862
13978
5253
16002
-14978
4743
-19843
12413
5269
13541
25603
10986
10623
6908
1789
-2564
28412
-17786
26636
13966
30339
-6016
-4474
-381
-6786
-16514
-1651
-25273
1820
-11871
1154
-27656
25584
21487
25591
8119
23668
13044
-12922
23417
-37
-24855
1768
-2275
11943
-19753
-4713
16581
-17512
20632
7567
-2663
26757
4482
-18306
-2426
-30339
30077
19603
6884
25603
5865
-10115
7164
509
-4868
28668
21130
-18420
-7027
-30077
-1408
-5498
14212
-23681
22143
9104
28228
-26600
-19549
27779
11255
-28948
3049
-17930
27568
-12692
6386
-4737
-8332
28630
5349
28387
-16100
-15964
5593
-18281
-10817
-16752
29840
2703
-14439
-24699
12930
-12930
16007
10878
-14979
20116
19682
25603
5613
19325
7676
-14596
24060
29180
-7799
25355
-18035
6275
-1664
11655
-6269
8831
14975
28302
22593
31516
-5472
25731
-7178
-29716
21737
1527
-6480
-7572
-2318
22400
-17035
-9001
28391
-9499
-29664
30627
2008
5526
-22080
-7021
-17003
-32630
-25959
-380
11394
-13698
-6522
-21123
-25987
-16753
27104
25859
7659
-23173
8188
-12804
14588
29436
10632
-17910
20365
6787
-4480
27527
-21117
127
4991
-26995
-5570
-25569
-29796
22659
13559
-25108
-23062
16118
-28496
-12180
-14606
-6015
-2701
-15913
14823
-13595
18723
-9822
5332
-13162
28609
-5994
-29289
-3449
29081
17541
-3199
15487
-19578
-21123
-25731
-15986
-13090
26115
-1304
-22917
8956
-14340
3836
29948
4235
-5623
24972
9347
-24192
24455
-10621
5247
16255
-6508
4923
-8930
30875
-10361
23030
-17173
-3863
-19979
10416
13933
-9743
-19071
2162
28374
6118
8931
-19933
14754
31446
18586
-23362
30869
-10343
16772
14232
9605
-11903
13439
-14714
-20867
-24707
-24686
8412
26371
-22296
-23426
9468
-17668
9980
30204
14217
3849
22155
-23678
22912
-15737
17027
19071
8831
30351
-11721
-20960
-9833
-8060
502
-1558
5609
3829
-5458
31598
-26128
-19837
6257
29396
11492
-19998
28198
24992
1490
-17258
15292
-29803
-4970
-2433
11927
-23420
-29055
-18817
19590
-6275
-25987
-23155
-24871
26371
15846
9084
10236
-18436
-12805
30716
6024
-20728
12427
-15486
-29568
25479
4227
5503
11903
13966
-30666
15395
-32362
-32636
32245
22250
-2329
23540
-21586
-10899
21231
644
-19088
2771
-25630
-33
-15320
17055
-29746
23958
14523
-22891
9622
638
-14186
-21116
-14207
30079
4486
-22147
-29827
-11377
-27944
26883
28133
25725
10748
-20484
7164
31484
-9079
7944
-22390
-20862
22400
32135
11651
-23425
7551
23185
14388
7715
-25707
-6778
3061
20457
13544
244
32174
-4755
23278
29571
25200
-8495
-11808
-1571
-25815
-4706
9681
-19561
-17992
-1132
-6505
-11654
16278
-22652
-32383
-15233
19846
5246
28285
30865
-24106
26883
-8220
20350
10492
-24836
22524
30972
-20343
-6906
-10359
-21886
-30336
-9593
9603
10367
15487
24716
-10706
-1755
-15729
10117
28661
-535
-11801
-22542
-3155
-10898
1006
7814
31853
25297
-11551
-18978
16684
-32611
-27446
13717
-3400
-14696
-21607
-3981
24213
-24956
-27519
8832
13446
-27267
29821
29067
-21039
26883
27619
18299
10748
-20228
25084
30460
31884
-2300
-16504
27010
19072
-8825
20866
15231
22655
-29814
13867
26660
-25205
12420
-28425
-2834
-30227
23792
2227
-22927
-16403
-16257
14959
-13099
-12315
226
14379
-5982
-9276
18323
-20555
-10600
25753
4199
9108
28548
24705
-129
22661
-31619
-31619
1419
32718
26371
20203
23163
11004
-1540
-5636
30972
-22644
-29181
11912
12930
18816
22152
-26750
30591
26751
-19061
-9947
-16349
-17787
-28284
-20490
-23824
20462
-21522
26293
4975
14572
6270
-3991
-32043
12517
-8735
-27859
-30561
-16444
3474
-19026
-23915
-29035
4185
-22381
17028
12673
-25472
30341
-21891
-27267
30602
23752
26115
-8981
-1928
12284
2813
-3332
31996
7302
27394
25223
10114
22144
-19320
12674
20351
11903
-29315
-20444
-4568
9094
-18311
-14860
-16147
-14613
-13846
-28246
-7083
-22813
-18309
21083
-5177
-27689
28888
10292
4248
12470
5765
22690
-9590
-10621
12100
2451
16004
17793
-6784
25989
-22915
27773
-12673
-3386
27139
-18451
-14226
13820
-1796
-8196
-31748
-5748
-29438
-29817
23170
13952
-28536
11394
-31361
19327
22665
-18146
22310
-31112
7299
4084
11760
7917
-18198
3765
-7060
-4376
125
603
24273
-31519
13023
9522
-18022
30137
28047
-13152
-5484
660
-13240
29843
31108
25729
-19328
17797
-18307
31101
-13686
10686
26883
28649
-22153
14844
2813
-5892
-30724
-20598
26370
391
-1407
11904
-29304
9602
31615
21119
1162
-26596
28715
23927
29571
-2830
-20754
11499
32489
28851
-12181
18407
10622
-4264
-14642
27359
-17700
-10441
27288
31928
20112
15517
-18284
32660
-8892
-15470
16004
15489
-11648
21893
-13699
-24963
-17273
28602
28163
-14873
-14475
15612
253
-12804
-30212
-29052
14850
6278
-127
21632
-4472
-4479
-29825
-31617
10629
-17638
6964
17012
17536
4594
-9491
-7446
15078
32176
28522
10725
-4481
-32427
15819
19932
-21798
-27073
26517
-25682
-12147
9367
-29805
31376
11583
-16751
22404
28545
13697
14725
-9347
-14467
134
-4426
-32509
10725
-3212
16124
-1028
-12804
-29700
19847
7938
-13179
9346
-3713
4489
1922
22911
29311
-21622
8728
-28363
-2447
-2174
9712
9964
-30998
-8476
23214
9833
-26909
20351
7248
-56
13019
-22568
322
-28525
-1362
30352
15249
-17007
23186
-20678
-29551
25988
2689
31105
24709
-18307
-24963
14734
-25935
-30717
-6941
-23943
16892
-4100
-10500
-29444
-27515
4098
30085
-1407
-3713
17289
1154
-31617
14719
-13946
-31210
10297
-10130
-15999
-6674
4587
4329
20451
30892
24679
-17695
29823
-26546
13254
6105
-2346
-30650
-26479
-6229
1678
5773
-23407
15506
-15817
19089
17540
-128
-24191
19333
-14211
-32643
25991
3502
-27133
19426
-12427
17916
-5124
-15620
-29188
-29052
-511
12165
-16511
21632
19337
32385
-12929
-27777
8069
-9452
-28868
3690
-3456
-22291
23530
5095
6112
-10583
16485
-11042
9344
-18103
-15166
-17707
18900
17482
-15985
22179
10381
-20600
-17264
31887
-25293
21137
900
-24703
-14719
-9084
1406
-15235
-22650
938
-22525
-29728
-30347
18684
-6916
-23300
-29444
-25467
4098
19845
-14463
3456
22153
-12671
-27009
-23425
-18804
23828
10307
-16274
30853
32749
-12059
8163
2783
-24668
-7071
-20004
32639
21325
1728
11731
-29232
9039
17550
-31578
10129
21132
-8818
-18799
11062
13201
-381
10369
-3711
6277
-14979
-23683
-3700
-32600
-11005
-26657
25210
19452
-27908
15868
-29956
-19329
23810
-18300
3970
-2689
-17271
30849
-7809
-13185
23178
1045
21332
-10122
4485
-15637
-19494
12249
-28449
14490
22111
-8999
-11899
86
24504
31180
-31799
30557
-12407
27301
-15984
-13423
30095
27023
-30146
-10864
-28796
18305
-30334
-2940
11902
-10627
-14197
8617
-24060
20947
-23940
11004
507
-22022
-31748
28799
26114
24452
-10879
-385
31369
21377
-6785
-14209
6281
-15853
-26281
7540
-31356
12777
-41
-18732
13022
21399
32093
-42
30598
18771
11701
-23352
-30011
-21664
28551
5536
15248
-11375
-8561
31888
-15298
657
17284
20609
24194
-4988
20094
-6019
-24691
-16219
-9724
17872
15997
3068
30458
22009
31484
-7296
17666
16516
-20607
-897
-8311
-22143
-11137
-15489
-29044
10514
-8872
4723
-11386
-8729
-11563
13267
11484
32406
29277
31700
-3963
-7599
5811
-5434
22978
-30109
16006
-28766
-23663
-28786
1679
-2416
-12742
-19824
8580
17281
-18046
14725
16510
-4483
-4978
19361
-3580
24783
9854
1532
3834
19193
29180
-16514
13570
-23933
-18303
6528
-12151
16513
384
1408
9094
14353
-5537
11632
32387
12775
12501
-28976
16346
-31084
30300
-22830
-26746
16977
-21584
29892
2242
16234
-24188
2714
-28275
19340
-14962
2446
-31176
24976
13700
27265
-17534
-4220
19582
12670
-28025
32414
32517
-15668
-12167
252
-4103
27384
27388
-7811
8706
24195
-30079
-1665
-16503
11905
-20353
11136
-3704
-19441
-9373
26221
1157
7397
13011
27344
12504
-15214
30299
24017
-31866
24910
-7250
28099
-31296
-31379
4995
12183
8335
-21367
-26482
-882
6197
14736
8580
17025
-21886
-13948
2686
19582
-22899
-25447
-9723
3787
-16515
-7429
-32007
27896
25596
-32387
3842
-126
-25983
23168
4234
29057
-18049
128
19850
-32242
-27033
30828
31621
21219
13009
8655
214
16017
2394
976
-26235
-180
-5204
29121
7615
-24974
24961
-4969
3983
15238
18573
13454
-26063
-6257
16516
-29311
3715
10629
15998
6526
12430
28821
15622
9418
-8579
-12293
8185
-521
23292
20347
1026
-1407
-640
-5761
18314
-3712
-9345
-385
1666
-14835
-31632
-16279
30081
31458
7632
-3381
-15663
8847
-24232
-27445
-12667
18764
-22615
15806
10683
16506
-6529
-32627
21898
27267
14220
-18039
-4818
12687
-23165
21377
23427
-15228
13694
19070
27273
-22382
19207
16072
-29573
-16133
-11528
9463
15868
-7814
-1791
16770
23681
15744
31114
-8064
-8833
4992
25223
-25844
6001
22631
-12668
-26400
-17459
-17202
-5423
-1650
-12202
29900
3461
29770
13481
-15939
-9285
-22149
7038
28557
8589
-12160
-29300
-18804
3116
-28529
132
30081
-28797
-17532
13694
16766
15503
-627
24583
28102
-27778
-22533
12536
22008
19708
23680
-2303
4994
2689
-3201
-15478
4225
-4737
-1409
-25208
-11253
3693
-1949
10374
13277
12491
24264
2256
-19828
6230
-312
-13949
74
27814
22202
-5450
15996
-12931
30095
18829
32385
-19060
-11635
-15830
18319
-19325
16001
3972
-12412
10878
12158
16267
-23158
-5626
20679
-3716
20219
-27145
-13835
10492
-4739
-3839
-17023
-13440
-10369
27530
-2432
1920
7040
-10620
1547
24692
353
-24189
21980
30410
-25658
15565
29066
-27564
-17722
-11388
30023
-18525
-27208
-12874
898
-6533
134
8587
-4225
-19572
31371
-26584
11151
-24701
9089
-18813
-2684
24446
18302
28297
-5754
-9465
28101
-16261
15611
29431
6133
4860
-6274
-5631
16513
19585
-23169
-18806
5761
20352
23168
32395
-2807
-9356
-12706
30599
-27686
22728
9414
25290
-24951
28244
-9532
21636
-4284
6306
15031
-12622
32131
-17542
15752
-5234
14204
26252
-9331
-13275
-15474
3716
2945
4740
1669
-22402
-26754
9873
30593
-4601
32708
29056
3323
-17930
19957
-2821
-22658
-6655
14977
3713
-28801
-2934
23168
32640
15232
25224
19209
-20615
15196
5511
-16167
10183
14276
13768
-12408
-31404
30402
11653
19524
7584
-17484
11442
31368
-32391
29572
-9076
-8583
-23412
5772
22819
-17010
-13181
-3712
20356
25988
-18562
21886
-7030
-14723
-22264
24002
25725
2043
18934
-14861
-9477
-32387
-7167
-15488
-18816
-14465
6283
-29824
19584
30336
-23930
-14584
-16514
-17320
-13435
-24872
-26682
-18750
-30524
5255
-16302
-21825
-17531
5698
10654
-8014
-14417
-31860
2168
-1412
3724
-9609
-31604
2956
-11743
29070
-25469
4993
29572
-26492
-28802
-25218
8074
-20614
31753
27072
8061
-4358
11766
22515
-23045
14207
-7935
-1920
-14976
-17793
11915
28288
14208
19584
1166
-1785
14718
18263
32138
-7466
-22332
5058
-12350
-15226
17491
-18498
-14971
-1472
-8292
11441
2477
-4979
9335
-2432
16272
-4748
-11893
-27762
-3042
-15730
-22141
3457
-14460
26756
-28290
-30594
10894
27765
26377
23743
13696
-9734
-27915
5107
-29189
30846
-8191
15744
-9344
-14721
-7286
29568
-31616
32384
-10616
-29689
30339
-6829
-16249
12247
12229
-30014
28353
10631
-22955
-17986
2440
-13504
-16485
-17232
25773
-9326
-20874
-16005
3981
-22667
-19059
10638
-31458
6286
-24445
9089
-31868
20100
-6274
-19330
905
22386
24586
-32325
-387
-1286
-13323
-13327
-29701
-27780
-8447
-16769
-25216
-24961
14219
3968
18816
29056
5512
7687
19336
-14512
-24441
-13355
6852
17091
-4419
15750
-2988
1981
-10360
-26817
666
-12370
-7252
22422
1653
-5771
-22644
28787
-21875
-14452
-1508
-7027
-32381
-3200
-21884
6532
32638
-20610
32140
3183
23051
12985
-9857
-8454
-26379
27123
23291
21376
-8959
-26497
-14208
-19329
20363
17536
17536
-23680
-9589
-30458
16263
-24755
-4983
-4653
2755
194
-13636
14469
-3500
-27205
-6776
-28867
29080
-3155
25002
-21609
1396
4729
18318
-14992
-1651
28558
-29414
-15731
-20605
7297
-4476
22660
-30594
-20610
-23922
9834
9739
-13129
-7552
-7686
28661
-18189
15611
-22914
-8703
3455
-21632
-27265
-15733
-3201
29824
-18048
-12412
10502
-21362
-1976
-14202
-17453
18371
18368
32182
-21629
20308
28086
-17271
-22213
-31851
-8535
-3419
20894
28786
-1171
16778
5741
28302
-24692
29464
15501
-27517
-12672
24197
1156
-24194
-21122
6023
-17050
-10996
1718
-1924
3323
-14091
-15629
-8198
-11394
-8959
1919
-28800
-21377
-21877
-19329
25216
-17536
26248
-8187
-1648
1096
27528
-1072
-29760
4032
10676
24450
-11438
-2123
-1655
-31685
16276
26024
10661
16544
17265
14445
13708
-16788
23693
-14709
11799
27533
31619
2177
21637
-11389
-16514
-15234
17293
-23197
26381
-15181
-26752
-26886
-16908
-26381
-20742
-1153
-8959
-24962
18560
-25729
-23157
-6529
-30848
-17024
8074
-28923
9875
10568
-11895
-12850
17598
-3140
-2893
-3968
18515
23732
-10103
-4550
-32622
-90
18083
13475
-16017
-22929
3469
-10647
-8052
-24436
32021
5261
16515
2689
27525
4484
-3970
-10370
25742
-1697
-499
-16207
15489
15866
-11789
-6927
-29446
17022
-8959
2942
23168
28799
-29557
-30337
-15232
-12928
-28285
22533
1434
20293
2438
19149
15549
22971
-4691
11392
-26541
-4945
13451
-1991
-31857
-24925
-27489
-31064
25710
13157
905
24938
-14962
27019
14101
-30068
20611
-9344
23173
-22909
2175
-386
2443
24669
-4849
9903
27263
-3335
25075
22513
1274
895
-8959
-14979
27008
-14209
-12405
15999
-7040
-22912
-17271
-4092
-18022
-31167
22666
15051
-9541
-14917
-19028
-4482
15698
3759
17547
-17866
23182
-19294
16543
-24407
8045
-30363
22924
-24731
-15218
-26482
-8430
31372
28803
9601
-7035
29571
6271
-20098
-29807
-10153
7696
2477
27779
-9479
-8206
4338
506
-8067
-8959
-27267
-3201
21375
-16501
-22913
-13696
-11648
6026
-18684
18590
-7873
-15222
-7480
12986
-1350
18090
6014
-431
28333
12171
-26827
-20596
5793
-2915
-22867
-4245
-3740
29068
24929
-13171
-21363
23825
2444
3459
-15744
-14971
-13181
3711
-7810
12686
21844
15633
26539
20610
-13575
25074
24817
-16391
26749
-8959
5501
13696
21887
1420
-31361
-16000
6017
-32122
29188
24226
-1734
-14968
-12858
14520
-24137
-20829
-32388
16209
-25176
32652
-22990
-14456
-7268
-2663
15281
19561
-23206
-21366
-22944
6287
23437
23568
-21621
11139
-13952
3718
-19581
2175
9087
-13428
26191
-23534
-30297
-13695
-29191
-20239
-29457
-1800
-31364
-8959
-1668
7040
-25473
7308
-27777
-13440
-3712
22413
24324
-2908
-17861
6284
-1340
-20809
-2888
-25437
7292
11345
-26456
-5237
9010
11912
925
-2663
4531
19305
12127
13710
3934
-30066
24208
14607
-30069
2947
-2688
17286
-13437
-1410
3199
21140
-5299
-31981
-26457
5254
17401
-22799
-3601
1529
2173
-8959
-21636
-2689
19327
13708
25983
-13696
-1664
-30583
14084
-17238
-11719
21131
1987
-20043
16822
-8288
30842
11601
-12124
-18804
562
12677
-26983
27031
3513
-31897
-30630
29579
-1446
29582
-24690
-31986
11915
-638
-19840
-30330
-26237
-4226
1407
5006
21834
-10987
-21596
14979
17657
-18448
24047
-25352
-16773
-8959
12156
-19841
19839
14220
1151
-19584
-2176
-13689
3076
-30546
-13770
13450
-16961
6067
32434
-17767
-24200
27728
-20833
-30067
21807
-2431
-10092
15250
31420
14437
24403
-21878
-17831
13455
-8818
4365
-14454
-8062
-25472
-24698
23427
-8834
3199
24973
-10939
31255
10913
-2686
24312
25071
1261
29175
24956
-8959
4732
-9601
14975
10636
-4738
-13184
30081
11151
-6141
24495
-31435
-7282
956
13233
-5198
-8553
9591
-29617
9119
-28787
-16084
26752
-26220
913
17854
9060
-8874
25998
7509
-24691
-19057
-18677
29066
-5246
-22656
-22138
10627
383
31103
-17519
11329
-9705
-20834
3206
504
-26386
-13332
14327
3705
-8959
28539
-17281
29567
26508
-18818
-2176
-1664
13449
-10749
-11338
-7373
-18805
-20294
13231
18352
-29549
25205
-5810
-23654
21902
-1492
6525
-28527
-8562
8132
-11422
-24753
24714
-19374
31885
24972
-22518
-12919
-12158
-14720
-4218
-6782
9599
9087
5771
30014
-30949
26268
-4222
-13065
-12051
-21782
-28682
2937
-8703
15483
-21889
13695
22924
-26498
-8064
-2176
15496
-16125
1979
14641
19339
17847
-852
-5972
-9844
-16526
-4275
32661
-11378
-9686
24953
397
-16758
1480
-30112
-9143
-9079
6736
141
-24693
-31991
-24951
-8318
31104
5255
643
14207
5503
-3955
-14022
-7651
-31847
21380
1271
-30228
-14103
9973
-25989
-8959
-16518
-25729
27263
-21620
-20866
-3968
16257
4235
-21501
189
-1489
8077
-1614
-26198
-26196
-19573
32625
8782
14996
-27250
552
11127
8075
29832
27850
10847
-30645
-7286
-28084
1420
2446
-18936
14729
-18302
-21120
30855
-8574
16255
18815
29328
-5067
3103
-16234
-2427
-20234
-31253
19433
2549
-394
-8703
-12679
-24449
17023
-24436
19326
21633
17281
28291
-24317
30149
24365
30601
19633
20137
14761
3461
18543
32588
16526
-28273
-6105
3955
7047
7045
-21040
31324
-5312
-10107
-29881
20618
26248
-25337
27272
-15486
-26496
-23673
-28542
-27009
17535
23433
-15054
-21468
-29806
21890
-28938
-12310
6120
-25613
-26251
-8447
-11399
24959
13439
-11380
-28802
11905
-896
27269
-27133
-17974
-26581
10378
27308
-24667
28839
28542
-32660
10315
7816
30350
-10204
24174
18305
-11394
18132
10586
-9667
-11642
30530
31112
7560
-25850
28552
-31870
31872
-14201
-8830
30847
3455
-3442
-20178
-17624
-27249
15237
-12299
-23831
-14616
23026
-1673
-8703
25465
1407
-6018
-10868
22654
897
-3968
-1146
-28669
-28979
21290
29067
9896
-30046
-29787
29563
21868
-16053
-26234
23438
24101
-9620
-5762
-28292
32727
-17832
-450
5767
-29888
29064
31624
3590
9352
14722
12928
3464
-18558
24703
2687
-14705
-1238
15403
11149
29830
7669
30184
29415
-31759
17523
-8703
-6536
-9858
-2178
-1140
9342
15233
18561
22654
-29693
-18219
-28888
-14970
16803
-23138
22687
115
7015
15686
-16259
29580
-13022
-7835
20345
14967
-20771
-13995
-21709
-7551
3900
-26234
-14718
5893
-30073
6786
15232
10376
-27774
-28033
22911
29834
32296
-27597
5515
-19582
-7437
15079
24038
23791
-7052
-8703
-27016
-1410
-11138
-8564
1150
5505
10369
31875
-30461
23511
-5082
14986
-19811
16027
1438
-27025
2917
22853
-32390
2956
-19424
32611
9334
-28300
21983
-2477
-11981
-31100
-27848
-14715
-21116
-31484
24711
12930
7552
26760
23938
32639
20863
-25200
-3292
-32715
-4728
32390
26610
1509
-31258
29934
26483
-8703
632
14207
-10626
21645
-13187
28801
-31103
-25213
-30973
-30501
-14813
-25718
-7272
18072
-4711
-23960
22370
-17341
11123
-30581
-20451
-5282
-30607
-9362
6627
82
18480
-20605
-21454
-29052
-15997
-5373
-14202
31362
6272
-13688
14978
-20097
-28801
-30325
-16351
-15558
27526
25220
-4111
28643
-2846
7660
-11152
-8447
28023
383
-12674
18317
-2947
18817
-21375
-12417
-31485
-27169
-17632
-32376
14228
-11627
29078
-13728
-14753
21826
3693
3724
11036
-6567
23403
8810
5094
-24497
297
22401
-8913
14724
12674
28675
24198
20354
6784
-3192
19074
32639
-17537
-28279
-4578
-32192
-16766
-25213
-23312
29410
32736
9193
-24719
-8703
-22153
-29058
-3970
17549
-27011
24449
-20863
-24954
-31741
-10272
-17633
-885
-25202
-15471
-11372
-29091
8798
-2495
21354
19595
26905
-10666
18792
-5275
-21785
-10163
26154
-13180
-24276
-3710
24963
4099
23174
-12927
16768
3465
-3711
-23169
-15745
-32624
-8933
30786
-20608
-20857
28143
-2849
-31522
-15129
30577
-8703
-15754
21374
3199
21133
-31107
28801
31617
-127
-31485
-24860
-15075
-30838
-13686
-19314
-17519
-13223
3676
14656
871
-12149
3865
4436
-3740
19299
-18710
-11957
2086
-14975
17706
-29822
29313
-12030
-32635
-24959
13184
20617
-12159
-20097
-28289
7818
31257
-1208
8061
-25980
19182
19934
24539
-27419
26735
-8447
10358
24702
-19842
24717
28285
-19839
-7551
6016
-31741
1767
-18661
26505
-31098
-12917
12686
-4781
12378
-9153
-15263
-18037
-10474
-689
-23967
-10657
-26132
-29879
-4064
22400
29481
-2686
8066
-21502
-2940
-17791
1664
23689
-15487
3456
1408
23945
14615
-21683
-9095
-3965
-10004
-32292
-9767
-26398
625
-8703
23414
26494
-5762
23437
20093
-23423
-4735
-23674
-31997
17896
-22246
-1907
18304
12424
-10101
16976
-9640
-15041
13663
-3189
-19179
28493
1886
-30884
1774
20552
28963
-18301
21285
23937
30082
29186
645
-20607
13952
-26231
-25215
-7809
-2433
-22132
-2028
20560
31095
-14714
13291
-22054
26584
-20768
-21394
-8703
-29323
22142
-19074
19597
28541
-24447
-24959
-27776
-31997
17899
11033
22666
18557
-18811
-6521
23627
17750
-24001
-18343
-1909
-8940
-21175
-5799
15705
25328
-24762
-11747
-30337
-477
22145
17024
22018
12932
-32639
-641
-19063
-18559
3200
-18561
20101
19987
11095
10612
-7550
9962
8153
16597
-18467
-8595
-8703
16245
14718
-15746
11149
29821
-22911
-10111
5248
-31997
-1556
-28393
10634
-13446
30595
-21626
-26809
6485
575
26711
-29300
22292
-8889
-1449
-29098
-28431
1093
-16613
7807
3618
-5248
23167
16130
-3197
29569
4480
-16247
-11903
-1665
-9857
3209
-17647
-32677
15473
-10364
-32024
11735
16853
30171
-1938
-8703
-1164
18558
-9346
32141
-7044
-20351
-6783
-28542
-31997
-20498
27415
-20597
20853
-1153
-2173
-31419
3155
2878
-12460
24715
29460
-2235
3158
-12717
27635
-18621
5149
17792
32287
-7810
-21378
8194
-24957
-28799
11648
10378
24705
-2433
1664
-31094
20496
28768
-913
-28539
-5146
16341
-4654
-5415
-15253
-8447
16500
8062
-26242
-27251
-13700
-8063
-3967
-11142
-32253
30961
-1516
-10616
-1678
21117
32127
23615
-11184
-30403
10318
-117
-9197
20289
11601
9552
20213
24385
-24554
24187
29214
-9346
11131
3842
-6782
32129
-6529
-29814
6785
13184
8576
12419
-3058
18793
25707
11138
31973
-23853
15056
7637
-23187
-8447
-21645
-131
-17026
22413
1405
-5503
12418
-17282
-32253
-2831
22547
-21622
6253
-29318
3453
23100
-19122
11324
1355
-20341
-21744
-2754
-8371
8525
-12043
-6081
16918
23677
6940
-8834
11389
2
29058
19329
9088
22410
27009
21888
24192
-25464
8461
-918
16744
25989
-1310
-29231
15823
-17198
-13970
-8447
-27533
-8835
32382
32397
-30596
12162
1666
-6017
-32253
22771
-14062
26251
-2712
-1418
-32134
-29640
21325
10556
-17337
21899
-240
30780
25162
19784
6135
-5826
25878
-16515
7706
18557
-19844
-3071
25986
11649
-13185
-27510
-4992
28032
9344
-4472
12556
19312
-26010
-4987
-30751
-31281
27853
-12849
-22932
-8447
19315
-24707
-30338
20621
-10372
-17535
-2943
11129
-32253
8693
14097
11143
-18330
14965
17527
-13004
-28597
-23749
-26301
-9333
32528
21817
3911
-25786
14072
-23491
-23791
16249
6170
-2692
-17032
-3839
-3967
-2688
-15489
-18806
11137
16256
11648
23941
-30197
-9609
7011
22147
224
27598
-4406
11212
-29075
-8703
-20878
-24451
-32130
19341
31356
-3199
7298
24958
-32509
25333
19984
-26742
-26783
-22415
-27018
-28365
-9143
13882
22595
4491
30478
-22729
-27834
-699
-30216
-26565
29458
-3717
-31721
26236
-11398
-5887
25729
-2432
-11905
-13430
-9088
22656
25984
15244
18442
2937
-928
14215
23005
-17717
-23606
-12598
6510
-8703
-20878
-11395
-32642
6541
19836
-7807
4482
21886
-32253
-27402
10256
-8310
-28321
-25745
-27277
48
-20152
-11206
-27841
-15990
-23026
-15307
4164
-13758
-29447
-2246
-28399
31355
12054
20091
-32646
-6655
20097
8833
-14721
-18550
-24448
8576
22400
-15481
-21495
10879
-19361
-20347
17884
30922
-8761
-9018
13932
-8703
2418
-22147
30590
22925
16764
-1663
16002
-29830
-32509
-28169
18958
-17784
-12709
-6036
-17552
-8404
-26298
14905
6204
5515
-16883
7987
19008
16448
8442
2617
20238
-904
-13291
11900
1914
-7423
-6784
9089
-11137
-14966
-25984
24192
-29824
7814
-12280
-23164
5979
-20860
-32550
-31288
-21307
-30525
-23699
-8703
11122
-16771
-24962
11149
30332
12162
22146
-20863
-32509
-25353
-25075
-25204
19798
27753
-5009
12331
23621
-16328
-15302
-26998
27660
-20175
25662
10045
24570
824
-21489
6269
-26349
-29318
10876
-8191
-24960
3969
-5505
13707
-12928
-27264
-25728
30348
-7417
-3964
345
-632
9943
7366
-6716
30145
21871
-8703
-11919
28285
17278
-3700
-12677
-3455
17282
28541
-32509
-14856
525
11403
10580
17511
5484
-27096
21316
-27847
-22985
16267
-4596
-31697
12092
-3781
11515
-11722
-10739
14458
-4590
-11398
4217
-8191
12672
-23936
-30849
10635
9856
19072
30336
16262
28423
-27764
-5034
-10875
-16427
-22588
962
23486
20077
-8703
24433
-30083
-32386
-2676
4988
-4479
21378
-22405
-32509
31737
-4341
29834
14417
4965
-29847
2341
24898
12088
-8141
-18294
-13557
-8148
-28360
-31944
-26117
24629
-22517
-9608
14354
22394
4728
-8447
-19841
-5760
-16513
17803
29056
30080
-32640
-27003
-3578
-10863
-28333
13957
-30765
-62
15808
1977
-16529
-8703
22385
23165
24702
-9844
-1925
5506
27522
-26750
-32253
-28423
30475
-370
9294
-5023
-27544
30500
13634
-20425
-4301
-28790
-29173
31788
11833
21815
-10757
-20428
7437
-13188
5137
-22150
17276
-8703
-26753
-23936
-30849
22155
16512
24704
-21376
-1145
30982
-24430
15954
31879
13777
-15936
-14914
-31048
368
-8959
-6544
20605
29054
-8820
-1669
-19071
-28542
-21123
-32765
19706
-15862
-18292
-31155
3425
32357
-21983
12609
21048
4657
-27509
7180
-3542
-26058
13365
20220
26164
9995
-7047
20241
6524
9338
-8703
1663
-22656
-24961
28043
3456
18560
-18560
-30080
19462
16793
16720
1412
32720
-21569
-4934
-3661
-1682
-8959
-7056
11133
15742
-15988
124
-3199
27010
-1155
-32765
23034
-19447
-12148
-30134
-13474
25189
-16864
320
-25800
4913
-23924
-20470
27945
-4299
-32203
25596
-718
23562
1146
10257
-29827
22651
-8959
-2946
-27520
30079
29067
18560
30080
-13952
4485
-11771
-18023
-5556
23174
17869
-18500
9658
23218
22129
-8703
-29072
21117
16766
-11124
-27525
4482
-29822
13956
-32765
20985
3592
-28272
24907
23392
20076
-5086
-14012
32573
-6347
914
-32756
32557
27705
9783
4092
9523
19724
-4227
18194
-17022
-30333
-8959
-20098
-28544
24447
-24437
-14721
-29312
-13184
-14710
27653
-16240
-25531
16010
-16946
6078
-14402
15797
-24212
-8447
7792
27517
31614
-9588
-14725
130
15490
379
-32765
28154
-16889
-24693
-32695
12383
-29081
4127
-28863
24893
24367
22162
-14070
27944
-15055
20530
31484
21297
3849
-28808
20752
8063
-32389
-8703
8574
-20096
-27777
-19061
-10625
-25472
-26240
901
9477
-5479
-19134
-19322
-17459
-67
-16963
-27729
-32147
-8447
-3473
21629
19326
-21876
-31365
3714
28546
10111
-32765
-28678
31239
26253
24390
-14757
27237
-20708
-17344
31293
6701
-12143
-26103
-32474
31025
9775
-24836
-29392
24329
7803
-7409
29054
23165
-8959
-11139
-29568
28799
-19061
-23425
-25472
-17024
-28534
-9980
20891
19777
30346
25291
-9541
14013
-19029
30319
-8703
-17553
4221
17022
-13940
-31109
11138
21122
23167
-32765
12539
-19705
-6259
-4287
-15272
19042
18203
20542
22842
-25046
-10097
-17655
19236
-5076
32044
-6148
23343
21513
12410
-27635
380
-8582
-8703
-27267
18560
30847
-2165
-21889
-16256
-24960
-6263
-22780
3234
-448
-13431
21961
1979
29372
-7512
-12694
-8703
22383
-5252
8830
-7028
18043
1666
14210
-32392
-32509
-18693
20487
10890
6465
27479
19294
-17896
-25540
19257
-29658
31887
-6903
-5343
-30166
-2519
8957
-29650
15111
26230
-2292
19323
-29578
-8703
16509
8832
18047
12428
-31617
-28544
-26496
5766
-29948
-5720
11839
-10873
-20793
-2375
-3911
-31837
-18580
-8447
2415
16253
24190
-30836
25723
9346
16002
-11650
-32765
-29957
-16122
24462
7229
30292
21342
-16360
22588
-26821
-30681
-28529
25864
-4574
21549
-31956
6909
4654
-10233
8826
-30196
31356
-20614
-8959
-5508
24704
-31105
-1909
-23425
-18304
-22144
-20595
17412
30630
14652
20108
-30012
16823
-5703
-17757
-8341
-8703
7791
1405
32382
-23924
6523
22146
-25982
-10115
-32765
9980
-7674
-12403
24889
2897
13402
1814
31289
-8649
-6622
-10354
-16121
2591
7465
-27353
26877
-13012
4871
-20104
-7670
-4743
23927
-8703
-12932
9088
29311
12428
7807
-3968
-7296
-17529
10756
25264
-31940
31625
13506
-22091
10422
18589
26728
-8703
-19602
-14212
15998
-32372
1147
29314
-127
30074
32515
28412
-28922
17291
21815
847
8278
-23533
-7881
7223
-31201
-9074
-2298
29468
31268
-3037
-30211
29227
-9467
27510
-25846
-27270
20855
-8703
13948
-7041
22143
18572
6527
-2944
-32128
-22139
3076
24246
-7366
392
24767
24499
27315
-25705
-22935
-8447
879
-21892
9598
18060
-8070
14466
-32638
-896
-32765
29692
17414
3471
25650
15690
-29611
1811
-7370
-24521
25375
29325
24326
-27109
12836
-10206
-27651
-18646
27398
2426
-14327
-22407
-3209
-8703
-32644
-11393
24703
4492
-386
-8320
-11136
3211
-5373
439
13369
908
28858
-18001
-3151
-619
105
-8447
7278
-11908
17022
-28788
-6278
26242
25474
25212
-32765
-19716
774
17293
-18641
5192
19537
-24303
9781
29751
-28388
142
31238
21529
-20959
-29663
-21251
-27351
31237
-7562
4361
-3464
-29577
-8703
-30085
-641
22911
32396
-2690
4225
-7808
12933
-10493
-26947
16951
-2680
23479
28333
28333
5009
3175
-8447
-8083
-30340
17278
22924
-31110
-28030
-16766
-7558
-32765
-11780
-27899
25228
10285
-23227
-8627
-32753
5171
-30667
-6119
6798
-30971
14615
10527
9503
-18179
-8921
-25596
-30859
23560
3448
-7308
-8447
7547
-21889
18303
30604
-28546
13953
18305
-21628
-16125
30657
22068
30344
-26957
-20566
13994
20106
11370
-8447
-13459
-27012
21374
3468
-11142
-27262
-25214
-11904
-32765
-8452
28165
31632
-12247
29506
-8116
-18930
13874
-10187
-27623
-31347
2821
-23786
7966
32541
-16387
31271
4613
-16520
-29945
12919
-20873
-8703
-19846
-17793
25471
32652
-15746
13697
5761
-28793
-20477
-22589
-18638
6539
27055
11944
-5208
22663
-31385
-8447
-7059
-30084
16766
-2421
-19590
-24446
-23166
-16518
32515
765
13573
-9076
25896
-16064
-22712
8461
-6608
13622
24086
8334
18693
27924
9755
-5095
-13827
-28378
1796
30069
14087
32375
-30603
-8703
32122
-28545
21119
32140
32382
14721
10625
-27009
-23293
-32566
-18128
16007
20653
13734
27557
-24191
3944
-8447
4717
-26756
24190
-5749
-20870
25218
-17534
-20871
32515
3069
-508
-1141
-25051
-12995
-27066
26892
28975
4661
-30699
20365
-7420
19987
7962
2586
-13315
-18907
-4861
22388
4615
-11403
-8845
-8703
-9351
-22657
18303
-25460
32382
6273
22657
28035
-25597
-22324
-2002
-4728
25001
17315
22179
7806
32107
-8447
5229
18812
-12931
-11893
-14726
-28286
-2942
892
-32765
5373
-5372
-14451
10019
-16325
-7868
-16117
23342
4149
-24300
-27764
11013
-30702
-3559
24600
-12547
-14556
3332
-3212
21254
-24460
-4493
-8703
-24199
31871
-11138
-16244
32382
11393
28033
10628
-27389
-6193
-11987
-24951
23973
2465
19873
-4998
6507
-8703
32108
17276
7806
-11893
18554
-24446
-23166
15732
-32765
8189
-29692
10634
-5598
-14021
7489
30474
31531
18996
29970
-16505
-20219
2578
9753
22551
-12035
31011
19203
11632
24070
19573
-2960
-8447
5241
13439
16255
-10356
-3459
23169
21377
1149
-28925
-3116
-29910
29829
-1885
-26721
-30818
22389
7784
-8447
19564
-3717
14718
-20853
9850
-30846
-19582
-392
32515
8701
23556
7820
-31202
30262
-12737
-30711
16939
-4045
-20975
22156
-765
-20209
21526
17174
-11779
-25566
17667
-25230
-17915
18291
-19856
-8703
-30344
-4226
20351
-6260
-12163
16769
11393
-18302
-29949
-32042
24872
-4728
3230
-27493
-2916
3953
13674
-8703
8300
-4741
16766
-18805
21114
-12926
-25470
378
32515
9981
21508
13453
10781
-25036
12093
-21496
-8406
-9932
-2033
-6261
-25340
-5618
-23532
-3310
-11779
13346
17155
-11150
31237
25971
-3727
-8703
19576
-7810
15487
-884
638
-24959
15489
24194
-30205
-21798
-24793
13961
24475
30617
-28774
-4501
5992
-8447
-31381
-7813
11390
-28021
-11655
-22910
3971
-30861
32515
10749
2564
-29047
-14054
26930
3386
-19193
16168
30771
-4595
-29556
-5117
-4852
2834
30226
-11523
27424
-16638
19567
15365
-15757
-21138
-8703
-31369
-6530
383
7565
-28547
-32127
-22911
-7298
-30973
7646
17700
-29305
-17258
-20842
-29545
-26523
-16279
-8447
8811
-14469
13694
22667
-2951
17026
-22142
-26247
-32765
11005
-15101
12173
-1002
15661
-31433
-2298
-20954
7985
30220
-12148
-6398
26635
7696
-5873
-11523
-19682
-14590
31346
-19708
-19853
-22415
-8447
16503
-18818
11391
2445
-25219
6785
23425
-32378
-30973
15326
15392
-25717
-23921
16018
-11627
-12448
13674
-8447
-15510
-1925
2174
-32117
5498
29314
-12414
-18823
-32765
12029
-19709
26253
4373
-3542
-27085
13318
-4571
-26830
8971
21388
16643
23562
9486
9998
-11523
24350
-27134
-3983
-24572
3443
29809
-8703
-21642
-2946
-6018
24205
-30339
22145
27777
-21631
-31229
26083
-8930
27017
15244
21648
-29295
-19622
-2971
-7935
-6551
32123
12158
-30069
-13703
-15230
-15486
-18058
-32765
12541
-30717
7052
21011
-1241
-30929
-30459
7204
13873
8713
-5748
-7166
-14328
26892
11020
-11523
9500
25602
-2705
26116
-8846
10095
-8703
11638
-29570
11391
-23411
17789
-17791
30337
-29825
-30973
14310
23579
-2936
-11129
31885
-20594
-22188
104
-7167
12905
15739
-3203
18059
-22919
-29566
-17278
-17283
-32765
12797
32259
-21105
-25584
13348
6447
14853
-31453
19505
-21240
11148
-3326
27400
-10741
20747
-11523
-7909
27906
13939
11780
-18319
-26511
-8447
-23435
20862
-5506
-28019
30845
-32127
-27007
-14971
-31229
5096
-1511
-19828
2177
3977
-25204
7249
-18072
-5887
16232
24443
-22147
20619
21369
-29822
17283
-1672
32515
13053
28419
7566
-28401
-14558
-32470
31236
16930
-8654
7
6541
14339
14599
-3831
-30199
-11267
-8677
18690
-23696
3076
-31886
2672
-8703
-11148
25726
-22146
-12659
-7812
29825
898
-30081
-31485
12524
9240
-20599
-32387
22406
1928
22601
-411
-2815
-4761
4475
-19843
17035
16761
-25214
-8318
-2697
32515
13053
25603
-25459
-28914
32289
22313
16900
-23775
-10958
-26106
-29555
23555
-13306
17161
-7160
-11267
11291
15874
-5521
-253
-14990
32623
-8703
30324
6270
-26754
-115
-9348
-28543
-20607
13183
-31741
-22035
29206
-7287
3193
-4222
-16764
26437
8557
-2303
18023
15227
32637
-3446
20089
-32638
-126
640
32515
12797
22275
30355
-16627
21535
4394
12548
-29660
14394
-6650
14223
-5373
-14073
-7670
-24311
-11523
-25572
18434
6005
6660
24693
16502
-8959
-24717
22654
28286
-371
-11396
32129
-1407
9859
-31741
-28946
-19180
30861
-15499
6528
14979
-27836
-28567
258
-17562
-13190
-29315
11915
8313
-20094
-4222
7547
32515
13053
19203
-20592
3854
-30176
17708
2564
30499
4665
29446
-18798
-2557
-15098
-19960
13832
-11267
-6118
14082
-6799
6404
-3466
14196
-8703
-5518
-14723
31358
20622
-29572
-18559
-7295
11902
-31741
-12050
32016
-25205
-8075
-9857
-24189
-5056
-1687
4098
26214
-25734
-31363
-12150
9849
-20862
-22910
-5254
32515
13053
18435
-11377
30732
12830
28970
-11773
-991
22840
1542
-24686
-17149
7942
27144
10760
-11523
23834
13826
-656
-1277
-29578
-32140
-8959
22642
-23683
22910
14222
-27012
-18047
-24959
-12670
-31741
-9489
8975
-26995
17520
9084
32386
3390
107
11010
9062
-23174
32381
-9846
13177
-24958
17539
-17795
32515
13053
18435
-30575
13323
24860
-22487
-23549
-25054
-12487
-18427
-4719
30724
-14587
-5881
23815
-11523
16154
14338
18546
-8957
-15243
-14732
-8703
-1679
-29315
17022
22670
29052
-18815
15234
14468
-31997
-10255
-22002
-14706
13675
121
18815
-5575
-13722
22018
-31643
-25734
-29571
-18294
-11144
28546
2435
7030
32515
13053
18179
-4723
-14326
7196
-18907
27139
-31711
10810
-8956
22675
-2556
11525
-27386
18950
-11267
-11495
11266
-1939
-12029
-16011
-24719
-8703
11889
-32643
28286
20878
6524
-24191
12930
-25219
-31997
1012
19981
9099
-9112
12407
-14725
-19404
-5275
-26110
25189
-21638
25469
-15478
-10120
-19326
-6782
15738
-32765
13309
18435
-22641
7178
-28646
-32476
23043
-25055
-15813
-27644
31634
-15355
-1788
-29690
-23291
-11523
10778
12290
15216
-13821
-5772
-911
-8703
-5776
32637
14462
-20082
3452
-6783
4738
-27518
-31997
-4876
-2036
16782
25445
28788
-32390
-26573
-29850
-25598
22885
-23942
23165
16778
-10376
31874
3203
27515
32515
13309
18179
-11889
-15352
31255
3107
15363
18977
-12740
20484
17299
-23035
26116
-10235
16133
-11267
-29671
10498
-24464
-19453
-28300
32370
-8703
26480
-32643
14718
13198
636
-21119
7810
-27005
-32253
-16651
-21237
12687
-11425
-28304
19576
26159
-27805
-8702
15717
30842
19069
23690
-23688
-22910
2691
2165
32515
13309
18435
10124
17672
-20458
16671
7171
31775
-1733
-18429
-9581
-20475
-8445
6405
-24316
-11267
29976
9218
-2964
-22269
-31116
-17297
-8703
7536
8573
-2947
25742
-19077
-3455
14722
17536
-32253
-15882
23050
-31603
-17572
26222
8820
-7894
9573
8707
2661
32122
-25475
5258
-21640
-26494
18051
22650
32259
13309
18435
26767
18695
-9965
18208
5379
543
60
-15869
21651
-12027
-16381
11269
-19964
-11523
15128
8706
-13201
-25853
-29069
32369
-8703
-14481
9853
23422
-11891
-18053
-5247
-32638
-17017
-32253
-6666
-24567
-23663
15447
-31127
22132
-7895
-23197
19203
-11932
26490
-25731
9866
2425
-10622
-12158
32376
32515
13565
19459
-28530
-27130
14866
8220
1283
-21221
-12744
20483
-22126
-19707
19459
-30716
14596
-11267
20502
7682
24942
-29949
-23953
10861
-8703
-3986
6269
16510
18062
-17797
2434
6530
-10622
-32509
-8969
-7416
-881
1875
-4762
-17808
-10714
-20635
-26109
-23196
27002
-20611
-10103
-29064
6787
9347
-25994
32515
13565
18947
-10099
19718
-8431
-3560
-3326
-16100
-17348
7171
30610
27910
24835
-23548
4100
-11267
-10474
7426
-9619
-27133
25202
-12177
-8703
32110
-6020
25726
11406
32379
22402
27522
-19071
-32509
-25608
-7673
-29553
-23472
-29083
-16020
-14814
