-31919
-27053
-4015
-11653
-23923
183
31338
-20109
-13864
-3446
6258
-17033
31798
-20834
-12107
-12426
31407
-25482
19319
18167
-19598
-14468
14975
-16008
-32644
-1152
-20352
25967
-28987
-2337
19815
-26245
-11513
-21486
-26093
-28661
-30900
30606
-25587
4217
-15731
11816
12056
-5863
13019
-30372
-6102
4967
15424
15977
-18350
-4780
-24749
2688
10127
-9544
11118
-19597
-5415
20110
15477
23162
-25293
1184
-2372
-10632
3761
11639
31608
-14857
-1422
-10628
10367
-11656
28796
-4736
-18560
-31887
21191
16605
-920
-19332
9992
-12525
5141
32524
23886
-31343
11534
-18823
-28785
-2775
31257
-1253
-6952
-25251
15151
-23448
32066
6250
-19371
-1962
-13229
-32640
28047
185
3439
25972
-31525
-626
-12683
-28548
18227
-26208
-32072
-16780
-20557
-6793
630
5112
-3214
-9092
16255
-22920
12156
4993
-11136
-13717
-4151
18909
21097
4985
-26104
-9964
-19947
-17652
31055
22930
-31730
-6278
24209
-13526
-17127
10524
-25384
-8098
18988
-27035
-1469
21099
-7594
-29609
-27563
-638
10640
-840
19056
-2701
-10791
20113
31863
-25219
-9424
30369
6332
-9865
26292
-30601
-9864
25336
-32397
5245
11903
22648
28796
-21120
1665
31601
6091
17883
30826
5500
-3576
5397
-26089
27661
-28848
-19822
24335
32122
-17519
-13524
20763
5662
32470
-32673
-22481
-10904
13379
-20119
-16040
-10152
-2473
-26490
15250
24506
-30348
-15245
-2596
17812
11387
17536
16686
-15966
15554
-9096
5046
8568
-24711
-16648
-6029
8061
23423
32632
23420
-30080
-3712
29553
-52
-24616
-10133
9340
9993
-10475
-8937
15886
25937
-21868
22032
31354
-18797
10542
-30180
11551
5844
-9376
-18893
-10648
-1211
-31126
-22181
91
5720
-14201
9618
-839
2677
23924
32221
19348
16508
7043
20269
-24157
32445
374
-28232
15224
-32394
4601
-6541
14205
16255
14712
21372
32384
-11648
-9874
-30769
13785
5741
28282
-32247
-18922
7704
-27122
338
-4716
-12528
-6534
31124
-18898
29469
-14305
9939
25953
23089
-26265
-21945
9579
-13732
-5798
22106
-1397
-32108
7099
12921
-5773
9182
-31337
-19842
133
-2007
-17756
5315
20857
-18759
-26248
633
27385
-23692
8061
-26497
5752
-4228
-7040
-20608
3446
-14128
19669
-20370
-24451
-27127
-28906
7194
-13553
4949
-1386
1810
32122
-2155
-30928
3870
-28384
-20273
-10910
-15562
12396
-21175
21611
22111
13405
-24229
2190
29076
-31046
20088
-19341
-5924
15254
13949
-1403
-30168
21669
23492
26233
8119
7544
13945
22777
20340
-3716
16511
-4745
-17540
-28800
-28800
-29838
3539
-32043
-5264
-10117
28426
5656
-18151
20496
29014
667
-22254
25980
-25705
-29646
-14305
11811
5582
3428
8247
-17302
30538
-27284
12898
-32416
-28833
-21618
21398
16572
-10630
27254
14045
6810
-17279
29064
-19930
-7258
4291
889
31161
16249
17784
-1799
-13708
-8068
19327
-17289
-19332
-29312
24704
5747
-28460
-1581
-21137
16252
-18421
-11239
-14820
-8944
24919
-27750
29972
9598
16791
-25036
-11231
-16860
-8757
-29595
-27593
1131
-29363
-1170
29283
-18592
-28063
404
17048
20924
26239
5749
19166
-16228
6789
-28790
20515
-5209
-20790
-19843
-19527
-13960
-1669
9978
4725
11645
-23425
376
3453
-24448
23168
-27527
-17195
6863
9586
1152
21260
-32486
15646
-30958
9049
26267
4374
18301
-28263
-32202
16419
-18395
-26169
-4762
26430
-6290
15950
29550
23397
-15775
-30623
-6763
-18536
-5445
11904
-6797
736
24221
-4987
-18805
-27357
-27736
24009
9338
-5188
11385
-26758
31738
-2700
2941
27519
25463
16509
20096
27008
-21390
12760
11216
-28556
-13957
8717
-8933
-737
-2285
-25254
-10085
28439
-2947
23964
-13257
-5340
-23512
-3385
32615
23869
25707
27728
25710
10344
-3997
-16543
-13929
-13928
25787
-17791
1140
-17953
26270
2695
22671
-28895
11945
-11576
-18567
-14147
16248
15481
-25862
26741
25981
32639
23671
9341
29568
21376
-8590
-26150
5070
29302
27515
-22003
2589
-24289
-8941
14683
27037
15895
-14723
28316
-22984
-8156
-10457
11973
28776
30013
-31381
-20399
1646
-17560
4197
24931
19100
7067
-22085
20358
20595
-30496
6562
2187
-22127
-12002
8619
29392
20605
-19521
-14728
-9860
-11014
-3467
28029
-26241
23159
20605
28544
31104
-23179
3036
17609
18553
-15236
3342
-20451
-26848
-17899
1373
414
31512
24701
-19042
31034
12582
30249
10689
15210
-16317
12141
-1198
-659
-18324
-3482
-29854
-29285
12955
-27973
-7035
15475
16610
-16478
-4726
14225
25118
-11093
-18738
-30598
19904
-22920
4729
-2054
-9355
-28547
-14721
8823
12925
18816
24448
26477
-17954
24009
13692
18808
-1266
3359
7968
22293
30813
-25954
-11241
-28803
-21856
-21702
-19419
-12248
-30016
-14998
-10688
-21912
-16300
-8339
-402
24424
4965
-16480
-25189
-8518
28809
-14222
25825
-23132
-17266
-28778
-3301
3501
17360
-24198
14530
-27271
21883
13819
-25226
-29059
-26241
2935
8829
15744
10624
29554
25312
-1083
-17538
3706
22799
27679
28962
-31209
-15266
27294
-24295
-18308
11169
-25540
22824
9260
-32580
13164
-7356
-29845
-4267
15981
1905
-6551
-24217
-22363
29341
14524
29582
29810
-28445
5800
-2159
-32359
-19687
-26706
-2603
-26500
-18748
-14472
-3974
22267
-13194
-21379
26495
8311
-32643
15744
9344
4468
10466
-27967
26753
5243
4112
-29152
12067
-27879
-28321
19872
-31205
28540
-32093
-25794
18218
15661
31160
20077
23370
13676
-26537
-6548
-12428
-27029
31078
-17244
-13411
-26181
-31603
-10894
20453
24744
-15471
28056
31257
-27473
16338
21368
29381
-23431
15992
29691
14199
-13187
-22145
-19594
-22403
26496
20352
-14740
-23324
26050
-13693
31094
28944
28960
19746
20761
7775
-26723
18715
16251
-21084
-12482
-7383
-12755
1720
-11923
28998
19304
857
-32660
12406
-28307
13161
-15959
24735
-17989
22672
1906
-17181
-24920
6803
-18535
-16874
-26704
-7723
-28293
3525
-392
4218
-28165
-23177
-3971
-24961
-32650
-3971
22656
15232
-3982
6630
19390
-10106
-6791
6929
5409
30242
-28133
-7327
18849
25373
19834
-32603
32321
4909
-978
-30542
25199
17996
-18836
23131
14189
-3207
-3218
8299
-21331
-26975
-11332
-6763
-20367
9704
30126
-8040
14750
-30443
-18254
25307
32637
21449
1146
-14981
-16389
-9353
-20611
-23937
-13450
-21635
5760
8576
8306
-7449
-22087
23178
-32391
-8431
23841
25635
-27107
22881
17823
-5858
4729
-24920
-12990
-12755
-25295
-3409
-12944
-7855
-14485
3420
-31637
21118
16497
11372
-3410
24226
7869
31382
24178
-21273
28847
17818
-28512
28948
-14413
19160
22394
-22836
-1158
-8583
-2565
10104
-17795
-18817
15734
126
29824
7040
-17297
-18711
-23368
5259
-19337
6675
-26590
14628
-31714
-29342
-20833
-29409
12153
-15960
836
7983
15411
27053
-29327
29007
-30614
-25249
-30100
-19073
-2446
24175
-3916
8612
21693
-21860
20337
1256
23987
-10850
-17243
7698
-31563
-25635
-13699
13006
-31366
-29572
2044
-6024
-8323
-6785
8822
7294
4736
17792
13431
-17430
-15438
-18802
-13958
27411
28195
-9435
-5855
2660
-2401
-26078
-9097
4522
4679
-17871
-30923
-24921
-18061
13912
-7826
28257
-5013
-13437
2677
1392
-20041
-32603
30398
16031
22897
30442
27061
-3936
-23129
12049
-21578
2784
-16515
24528
-21126
-24453
6908
6009
-2947
7296
2934
25214
6784
-16001
24690
27628
-6481
-16495
633
-31979
5413
24613
26403
-13980
14241
22051
5240
25774
-10168
22834
-29899
9381
1397
-12710
30316
868
-28821
5511
3192
-4239
-18761
29350
7614
8095
-23951
-15638
-30794
-9567
-29018
11024
-31817
29406
-1668
24786
-30085
11900
14076
32377
2174
-17281
-395
-1923
3968
896
-11920
-6675
13998
-31341
-20617
1302
24870
-22233
548
1126
8865
25380
1656
9646
7754
14132
18743
16034
17270
5977
10604
-15002
4205
32136
-11400
14453
-10820
17320
9662
3749
-23184
-5654
-21575
-20571
17067
15118
5817
30180
30081
18899
-2694
24958
16636
-10887
13694
-11137
11382
17022
11136
7552
4727
-15122
-4186
-28778
4219
-11242
11559
-16856
19495
-27289
-31838
-9178
30839
-8273
27468
19766
-3528
18844
-26249
20578
22639
-5529
-27028
-20084
-10117
26485
-20547
-22872
5823
-1115
-21136
-24340
18363
-31065
-18516
-3315
-4679
2788
17790
-17453
-1158
30843
18428
-9607
18046
-19841
-24715
28286
1408
-11905
28529
19696
19111
-23912
4472
30232
-5080
24617
3112
-29080
26531
-21465
-32649
8626
-21171
27191
-1478
23707
-24200
-22431
14956
17001
-10900
1679
-3460
29047
-5952
19882
-10306
6313
-6544
19180
-31044
30889
26287
-26356
4027
-19485
2174
5847
-23685
5245
24316
26234
29822
-25217
31861
25982
20096
-2177
-22159
20721
17571
-13927
-31625
30489
30505
-14550
25642
21098
-24157
12841
31351
-20814
14927
-8904
9020
-22378
3450
26210
-8596
28269
-24979
6288
-27010
13178
11206
30635
22462
15534
2672
28908
-12865
-17747
-14413
18699
28348
-8984
-32383
30423
-6022
-14978
25340
-2694
11646
13696
28277
29822
-4225
-12417
-12940
4594
11677
-19556
-5000
15898
-27350
26156
-10450
8811
676
-12756
-18826
3764
-8111
20028
-192
-21359
13691
-8598
22126
-14995
9069
-13165
-27776
21113
19653
-12117
20415
4012
24432
30956
-25411
-14422
-14415
9995
-14404
17638
-24195
28630
-11143
16506
28156
16763
-14210
5248
26229
-28802
-4993
-1921
9069
9203
17567
12958
12149
11292
29996
-7637
13102
26733
1192
-10452
28280
23733
595
21309
-6080
7313
18812
-22171
-8342
-19344
-28562
17303
25986
-23685
25801
3245
-23873
31153
7023
-28434
-9790
-13391
-9033
17162
25534
-28952
-13442
18140
-27525
-7300
30460
-26757
9342
14208
1141
-1154
-19073
-11905
-18831
1268
-615
-31840
-8330
-21732
-18132
-5075
23601
6253
20389
-12754
-395
-10569
-3756
-30658
12867
26253
-17795
-25493
11885
-2190
-1428
-24680
26499
15997
4556
3246
-25152
25780
-6034
7408
12998
-9549
8890
-25591
-19009
-17429
5504
4829
21371
12669
31484
-4997
18558
-4993
21109
-642
-9089
-10113
-10638
31476
25494
6563
-31881
-27107
-10707
-31698
9524
12654
26790
13872
-16011
-12359
1111
-14273
-7869
-30582
12159
-3215
-32403
15732
-21396
-17508
18054
15997
-3381
11950
-14401
-27980
11119
-5904
12998
-31820
-838
-31735
10688
489
10108
-27170
10108
31867
31996
-8325
-31874
-7553
7541
-19330
-12929
-16513
9325
19445
-32362
17571
-8333
20767
-12754
-27090
2868
-32658
-15962
30512
-14475
-3398
-31401
-25280
12614
4234
28799
-18836
-10902
20342
28525
-7778
-23929
-22914
-23603
13488
-7488
-73
-19858
-16912
11721
17335
-11332
26120
-9279
11500
28544
20704
11646
-20865
32508
4732
-31618
-3201
-1932
4223
-12929
-7041
-32143
-8715
10896
-11099
16246
-11233
-1746
10800
1334
-16529
-23642
-15310
10612
-9797
-1703
21570
-2234
-22652
-10368
-15757
-28819
14456
24428
6817
10378
11649
2257
19890
3010
-32580
8559
31730
3020
5563
5825
-7929
-6206
26862
1410
7138
5247
-27520
32508
-25988
-30594
7040
-14476
-27778
-19585
-16513
-11151
29686
1932
-10585
-28042
-29152
560
-7889
27193
-30096
15783
-8396
32371
28862
-25253
-25021
3145
-639
-3455
-21640
-24211
-22663
2924
-3930
12942
-3453
-2607
16564
-25403
-13123
-4750
-28429
-6707
-16453
-13376
11527
21700
-31507
25728
-24859
-4224
-3713
-32260
381
-17794
7552
-20364
-21890
-21121
-10625
-31119
-2314
13192
-14938
-20106
-13534
7985
6448
20794
-25231
1961
-24010
24181
25023
-3491
-30651
25418
-5507
-26237
-28809
-915
-23938
9071
2217
-28017
905
-12586
10422
-1852
-21053
-4751
-269
-31536
24255
-11067
16390
-26683
-28944
-32637
14054
-19328
-8318
-32516
27261
-6018
4736
-21388
11903
-19841
-15745
21369
31223
-14207
9129
15994
-221
306
2611
-22721
16244
-14679
-8902
31604
-16448
353
-7608
-12467
6776
-1404
16001
-29326
-20864
-25234
-18006
13713
-18039
17367
-11338
26822
8644
1906
-6156
-20527
20672
-13371
4358
-24890
16625
-29821
7399
22913
-22142
32764
25469
-23682
8320
-22412
-8834
-9089
-20353
-25484
-5385
14720
-29014
-3465
-23259
-26061
-205
-2240
-31628
-20054
13884
-15756
23491
22114
26697
10063
-8330
-9083
-11135
-24209
4739
15216
-13908
-21614
5002
14807
-10314
-12347
8132
-7310
-8973
26577
-28480
5062
-12539
-15162
-6929
17794
-18713
24449
-16255
32764
-31619
-23426
13440
-25996
18303
-24961
-25217
22899
12536
-4738
3242
25463
-30681
-20172
9781
15169
12662
3243
30524
-15755
-22078
-7838
28234
26191
2677
-29818
29311
-24465
-636
-29328
32684
20115
-8563
20442
23222
-2110
2756
-2704
-24848
26576
-23873
30662
1285
-27450
19186
13190
-16411
21120
21124
-32004
20350
28542
5504
16756
31359
-17537
17023
8314
20728
7034
31404
1147
6952
-15818
11320
21573
24696
-23891
3135
-10378
7617
16741
-24243
13906
-1682
-25209
-1146
-8845
5764
21873
-12624
24470
-3187
-16678
2746
25288
12233
-27278
-24331
-28971
-3132
-21046
4357
-26424
-9998
-7292
31978
4483
13188
-32004
-1155
-31618
-1153
30836
28031
-23681
-26497
373
-9736
23928
-25684
29048
24106
-26824
-6856
-28346
10361
18351
-12479
-7306
-10810
-15513
16462
-24493
24943
-120
-23673
-18576
-31606
28786
-3663
-32617
5263
14043
5050
23495
6858
-5262
28660
2774
-13882
-8245
-16380
-10808
12530
11652
8683
-14461
28549
-32516
9086
-6018
13696
-29580
21887
-16513
27519
8309
505
9846
30380
6264
-25046
-18120
27706
23111
11898
687
67
-8842
14277
-9880
14928
-7083
-18324
-29815
24198
3441
27531
26226
-8271
12439
-15984
13789
31419
-2361
-28980
-22158
-28684
-31273
5321
17613
25092
-25143
-27404
-19833
-23830
-1918
-7545
32764
-25218
-7554
28800
13172
-28289
-12673
-25729
9592
9209
11121
12718
-30599
20011
-23495
-11718
-6071
7547
1712
-3516
-10378
30406
31594
-10671
26966
28265
-21110
17550
-6798
32651
29042
-333
6809
-3953
8157
31675
5575
-821
8819
-2060
27863
1992
17102
23812
-21815
-8206
-23164
-26901
19332
-7547
-32516
-23170
-15746
3456
12148
30335
-24961
28799
32624
28665
22130
21422
-27531
45
-23750
-23751
-23223
-29317
-18257
-9917
-32137
5831
15210
16721
30551
15721
-20598
-29561
-22930
-26739
23411
-6475
-20582
-29295
-21283
17596
-29497
7629
18291
26100
15064
23240
-11571
3844
-22070
-20237
-28283
18412
15748
-6779
-32516
-3970
4991
3200
25204
-23937
24447
31871
21366
-26119
9839
-8273
8568
8750
30267
-197
-6326
-31876
7088
8006
10871
32454
7788
-430
-16552
14438
-15221
-3189
15474
13966
-1422
16566
-20838
-31597
31967
10173
-30009
-23857
12147
-26635
-27175
23243
12751
-7933
-26677
18165
-8058
-27925
5508
646
-32516
15999
2431
21376
11124
-11393
29055
-31361
-32137
-12295
-18580
9905
-4744
-25554
-9669
-4292
32589
-30083
-592
-28088
14455
-12856
-22419
-22444
-19880
23908
-1396
-24943
-7822
16014
-7822
30905
8861
-22125
-7457
-24387
25031
-9521
-20109
-16907
-30759
202
30672
-14589
-14645
-25101
4739
15341
19589
9860
-32260
-27521
9343
17280
-3213
-24193
-29057
2687
18802
8698
19565
-30799
7797
-15824
32317
32573
21582
-22915
-848
26185
18807
5577
-27794
-15020
4443
13155
21133
26508
11120
16273
9588
10938
29086
23190
5858
18878
-21817
29394
-30349
21493
8923
-15924
-19503
27395
-28980
10485
29318
16110
-19579
6535
-31748
2688
1407
16768
4468
-27009
-26497
20863
-31113
18170
8808
-16718
10872
18993
-5059
1856
-22702
-4738
23473
-11188
-8330
4297
-21904
-8873
-4516
-4002
16014
-31854
25203
-5486
9076
-8773
-29793
-18793
-22814
-29249
969
-18477
18035
-6667
988
22223
-24878
18179
12749
16630
15751
-2835
-17275
-6265
-31492
11648
11647
30848
4724
-16513
25727
22399
31095
-29958
-25755
949
-27528
9011
-27585
3136
24403
-6273
-22606
-14003
3703
-32310
30833
15449
-25507
13917
11663
-25194
21363
-28269
18548
13757
15521
-25961
-16414
-8516
-30268
-2098
23666
-5645
17368
1993
19152
9987
3533
10228
131
30188
-25213
27779
-29700
-31616
10367
19584
-10125
-9345
28031
19583
19317
-15110
-12697
10167
-2955
-19660
-9408
-9408
-8877
-25984
-8271
16716
24695
11977
-9104
8025
19038
30299
-5489
25488
-27278
17298
-4493
15803
8095
14488
-4636
-25665
-30778
22484
-24207
20469
19932
-13617
-4652
-4862
3534
-23306
31623
-5651
-1405
-13177
-29188
-25216
8831
21632
-17293
1152
18303
17023
-17285
-7686
-10143
-7752
-22919
13363
-3009
-23998
1112
-28800
9905
-20400
22133
-26679
-16013
-16548
14690
10328
-11376
23194
-18570
31379
3698
3517
14752
19348
-19229
-17986
24774
10707
4975
-27402
-17700
-2097
-24365
11779
6095
24054
-12667
21997
-23166
19076
-29444
-7296
-29313
24448
-13965
11904
30847
6271
-3981
17403
-2714
-17219
-30603
28468
23360
-17858
-427
639
-26193
-1459
19058
30924
-10126
-13478
6752
-6053
-3440
-29801
3697
-623
20847
-26945
-12894
2453
4324
-578
-29499
22739
-17041
24822
20445
-28209
12500
-254
-13873
-7947
24453
-20242
643
-12413
-29956
3713
24959
32128
30579
17792
28031
28543
-2190
32251
-12956
13503
3957
11062
-22463
-21698
-18859
9343
13743
3662
-26254
13260
2420
-16037
-7072
19801
10130
2710
12657
-11373
-23442
13247
28835
-15463
7143
-31808
15045
8151
-11922
16374
11743
30675
11991
-20990
26064
-521
-16759
3311
-31614
21895
-29700
21121
-32385
32384
6515
17536
-27777
21119
13433
-27141
-31906
-4928
30584
25910
29506
-9151
19292
-128
1711
-27566
-11151
-29235
-22154
19807
8036
16980
-15982
-11361
11124
-2668
-19858
25028
-22361
-15459
23528
3523
-9784
-26662
-21903
-9993
32737
7126
22234
31746
20177
-2057
26503
11505
29061
10888
-29188
16257
17535
-21888
26739
12928
25215
14207
-21643
-14341
13145
-21825
-12170
-23495
8260
-25791
24158
29826
-20047
18005
-25485
1488
1657
-13216
-12187
-16816
-21356
23199
-20366
5275
-5774
-26682
-23383
30366
13801
3780
-10040
5339
-4239
-15881
20706
-27435
14298
22018
19922
-3081
-29049
14066
-2939
-6521
-29188
-3199
-28545
-28544
29811
28288
14463
15231
32118
-3333
-2218
11969
-20874
29499
14405
-27069
-10912
-21373
5554
-28073
-24205
464
17275
-29086
-28824
30029
-25451
23200
-10637
-19555
-20877
23496
-13910
17058
13035
-25403
10185
12254
23921
26872
9188
-19495
-5667
13570
29139
31225
-11894
-12047
14469
-8312
-29188
13442
28799
-19328
12915
11136
27007
6015
20345
5884
-26798
4548
31352
-17091
25158
18756
25189
-3963
-19533
-23206
11891
1490
32381
-32155
-16790
27978
-32617
25512
32117
-5987
8563
4300
-3667
21665
8171
6854
-29239
9950
11378
13305
-28188
31704
-8740
11010
4052
-6664
-13945
29427
11142
5255
-29188
24194
-11905
-29824
22643
15232
6015
6527
30065
18428
-22190
-19515
23924
13889
-8632
-26299
14694
19846
11955
22620
-909
-17708
23935
18790
-149
29001
21400
-860
17265
-17503
-14732
5326
-13648
12453
-276
-11834
24265
3809
26994
6393
16102
20955
27872
2
-3884
-19719
-4216
10740
23174
-889
-29188
-10110
-17025
-25472
-1422
-20096
3967
11647
-3209
22780
16461
26565
4471
-4797
12875
-19383
-29077
-888
12982
19041
10869
-5676
-14718
-20887
14192
13380
5786
18859
-30603
31140
-12940
-31794
4017
-3161
30958
7368
-1590
-2590
9074
25849
-7193
5086
-25631
-5119
15318
-32518
20618
-14348
8327
12682
-29188
14723
-20097
-12160
15475
-1920
16511
-7298
26745
28156
-19895
-17721
-1673
14405
23372
-24245
-13457
-7799
-20554
-13724
1397
-12842
-7547
-17811
-29837
31297
-1381
-25680
20086
8870
30580
28879
1714
-27484
7406
8901
-17468
-21284
-6034
-4361
-5660
18393
18399
-5631
21716
-5896
-29308
28402
1669
5508
-28420
26243
7040
-9856
-10126
5505
-11138
-130
-30861
-29700
3918
26314
28787
7240
6992
1615
18287
-14199
-14667
1120
5749
-28205
-12669
20075
-7566
-16832
1435
14504
10867
4771
-25996
-27440
-11598
15271
-786
-57
-2106
-20511
13681
-1033
-4121
5342
28642
-12799
6358
17658
-13176
-3341
23173
11911
-28932
-5757
-3969
-21888
-8078
18817
2943
1407
29305
-26372
-30650
-3637
1399
-17591
-26032
-4015
-1934
-6772
-29513
-15258
-9867
-10540
-21880
11632
1398
-15045
-3172
14001
-10122
-10074
-5260
-2863
8628
10920
20464
27849
27335
-30
30320
-27656
-25112
-9250
-8990
-15615
31191
-14598
28297
14580
-11388
-25978
-29188
13700
1920
-9856
-9102
129
-3970
-13954
-16520
-19972
15428
12495
-27530
-1718
-31919
1361
-20362
18829
-75
-28056
17780
24278
-1655
-29838
-11656
17209
12446
15284
32118
10152
-26252
-29740
-16970
-14424
27888
-26935
1990
32738
-12176
-520
-16920
-16674
-18462
-17663
23511
5626
-7034
-2572
22149
30084
-29188
-24700
2432
-4224
5235
-128
-2946
8831
16502
-15620
4419
13520
-27532
5710
-31149
-21423
-19337
-20851
-4427
2921
32628
-21802
-15478
-5262
2682
11063
-4962
-22608
-9355
-3414
-2443
21716
-23115
15019
-9743
-3127
8389
-11293
21359
3320
20457
480
25571
-20735
14039
4859
1930
19956
-15996
-7802
-28676
11653
14208
29056
-3214
10625
5247
-23426
27006
-14596
-29635
-14639
-19848
-4786
-6573
-7340
-5252
19855
2229
-22420
2931
-22059
13709
15990
25468
-12750
-97
-24904
-14726
-5719
3189
13271
-31048
-596
-28686
-8501
-5179
8165
13935
22777
-25110
6370
24549
-21247
-27688
16379
16521
-24075
1413
-10106
-29188
16773
28288
-17792
-7310
6273
5759
-7554
-5256
-8708
-9923
-13868
-18315
-8110
15959
-22187
15999
-2416
11958
-402
-32141
12761
-31857
-10888
12414
6194
-11871
-7751
-17801
-17235
-9355
26587
-19780
-23122
-5901
4300
18374
-3354
-11155
3578
-30228
14052
-12569
-22271
-12071
18683
-25977
2039
-6269
-6268
-29956
-3451
32128
-20352
12915
-27263
-7554
-14722
3447
-4612
21821
-1577
2932
-14761
12889
17238
26501
-28782
-13897
14706
24690
-9765
17299
4988
18306
6960
-19037
8123
-11914
-16206
4469
9953
7365
27832
1014
-3120
22730
30701
6765
-13573
-15631
-10517
-5139
-24575
-23583
-13572
6286
-10247
24457
8077
-30212
31110
-18816
21121
-23694
-25983
-18562
-15746
-22404
-3076
566
24799
23415
-16037
-32168
-32428
-20339
-6510
-7496
-6278
15729
8930
-15718
-29565
-32631
-15316
-11866
9417
-29319
-17990
-19853
-15381
-32047
-1088
-15625
-296
-18221
13037
-7319
-1028
-11531
-1808
-20495
-24319
-28185
-13572
11142
-30980
-16763
28806
-29956
-24954
26752
-4736
-2446
-19839
-22658
-29570
9848
-1028
-9670
21481
-15757
28010
5465
-943
-21867
23444
-8773
31355
8819
3055
28323
17034
31887
-2771
-21847
-32312
-2954
30923
371
-23056
23256
-18234
-4360
-21537
7385
32239
10088
2557
-13577
31475
30452
-25599
-26391
1277
-20605
5373
18049
-4479
-28676
-6266
-18048
-4480
-23438
-16767
-23682
-16258
24697
-4
27448
493
29554
-32138
31068
24660
5534
29591
-21826
-20863
21106
-19469
22699
-15728
-13162
-12246
-9044
18381
-8329
29650
26483
2547
-13350
-27956
-25095
-28959
16087
-21266
9572
4093
-3337
28147
11508
-26111
26857
16125
14723
24829
-28291
14719
-26372
17543
-4736
1409
115
-6527
-27778
-19074
-17286
253
-27082
19440
16754
15231
-3233
4441
6820
-7529
-11843
-2689
-16788
4085
16044
-27503
1687
-3801
8622
-29231
3192
-28457
25714
16117
7903
-22069
-6663
-6423
-23584
20721
-4763
3837
30201
-14859
-19723
-26111
29677
14077
23681
-20483
-26496
5249
-25604
23175
-21632
10113
-4238
-13183
27006
-25986
1396
509
-2507
5873
1647
-13432
-27804
-25768
-19290
-14177
29124
-6777
626
-28680
7093
-12648
-22372
-15065
-11854
13009
-10124
-6943
-13964
28917
-17185
-1074
28666
6889
11487
8435
-27034
3069
-10759
-12554
-19466
-26367
-277
24829
23939
-20995
4226
25731
-25092
-20089
1665
-1664
-9358
-10111
17534
-24194
-12679
509
-27090
10481
113
-32630
16487
16222
-6228
-20320
-17213
-26994
23665
11512
-17480
-2146
22434
12578
12723
-7211
-3208
4066
30325
-18954
-2078
-23597
-12038
-18709
24545
-8972
-7322
2813
30714
-8457
29943
-26879
-25875
-28163
-10876
-16899
-10879
-5245
-24580
16264
8065
8833
-5006
19842
16766
-29826
-21636
509
-29655
-14095
13938
26257
12652
-31646
-7503
23461
-29497
27284
-12686
-2824
-10563
-6493
23461
-20194
24502
-27173
3963
742
-2185
29431
4581
-17197
3067
-3861
-31264
-8716
-10649
2557
-29190
-2569
-15369
-26879
-26643
31997
-8832
-15363
-5757
-29054
-23812
30088
7809
8321
-1934
-4479
30078
28030
-25481
765
13607
-8975
31598
-22890
-31120
27494
22965
18343
-24632
11927
-14733
14841
-30273
-23131
14761
12060
26551
32473
-31368
-21784
7289
-265
20710
-8233
20987
-28435
29153
19702
11879
2557
2043
-776
-3592
-27135
2543
-23555
-1917
-14851
-24958
-13181
-22788
-1656
18049
21377
-21646
7554
-27010
-31362
-3460
765
12324
9971
1905
14490
-14222
9066
-17223
6826
-7223
16540
-29325
-16135
9924
-854
8878
-21735
-17479
-24865
-645
-15895
21368
-32008
32744
-14630
-31749
15087
24546
-778
23143
2557
16123
-23303
14841
-27135
12528
-19971
2693
-14083
-4989
8069
-22020
8841
-29823
385
30578
18306
8574
15998
32636
765
1826
9204
-8848
-11106
-10889
31853
-32579
-1876
5836
5536
20340
26106
-21818
8623
8113
12056
-9029
-32287
-1669
-10517
-16520
-11789
16096
-27183
-9222
-25120
25808
-21258
26480
-26116
19705
24310
10743
-26879
17640
-28675
-22901
23037
29581
20621
-21508
-26743
-13183
5761
-20878
28034
15230
3198
10364
253
-26087
-10005
-15501
31883
-4491
-19090
13494
32167
29891
-18785
-13964
28400
-18501
-16732
4010
10259
22712
17885
29565
-10020
17533
7920
-1319
14032
-16134
-10789
17354
-22026
-24462
-5894
7672
757
-10763
-26879
483
-25091
-22384
29948
13198
7569
-21764
7818
-4735
24705
-16526
-8318
28030
18046
30596
253
8725
13543
14456
-24444
-26762
-5261
-22346
14760
6593
-25951
13684
-4632
-5704
5540
32680
-23025
20919
22752
-16510
-10285
19837
5617
22235
14545
-7174
16861
-13878
12791
10099
-774
29432
17397
8182
-26879
29667
-25091
-24432
-20228
-1394
-28527
-21764
19338
-15487
24449
-21134
-15998
16510
-3971
-3202
253
22292
4072
27765
-10104
-17543
20085
27832
-16215
-19007
-24157
-13708
23018
-14406
31653
-4439
-2546
-25160
-22048
21888
-19754
16511
2546
24796
-22062
6139
-23079
9411
3574
-2704
10490
-23561
10484
-7179
-26879
-23839
-30467
31373
13308
2444
-8821
-20484
-28534
-7807
-26751
-22414
-13182
25214
8574
-28291
509
-28908
-11799
-32141
1164
24187
16759
24763
8873
10175
-32095
-6285
25832
-20040
-16220
10411
-3827
29880
25822
11135
32723
638
-27918
-14115
-12587
25595
-22050
-3126
-27400
6003
-25094
22265
1271
27383
-26879
17892
-18435
-4716
-9476
18575
-109
-20740
-630
-15743
25217
30834
-382
2942
8062
4996
253
-21232
-9495
9080
-10355
-30339
22394
-11841
30636
19395
27051
31348
-6422
10432
-14676
-17744
-3317
21435
-11291
-12669
21465
16768
-2317
-27937
-22571
31483
13535
27595
-16648
23668
-21766
-27911
6647
-26633
-26879
10724
-19203
23185
-5380
26767
14482
-21508
20619
10370
-31103
25458
10115
8574
14462
-12161
253
22544
-25878
1398
26516
-128
18555
26561
-9043
24771
-6996
5750
-11540
-63
-19283
16306
27915
-10052
-28188
30337
9946
16257
24564
28129
-31018
-20997
18142
-26167
15097
17780
11514
-15367
-8969
17656
-26879
16356
-18691
9104
253
27533
31887
-21764
-28021
-9087
13185
29554
30595
-1411
12926
-9088
509
-26098
22763
-26251
18582
19075
-28289
-15931
-16721
26563
-14672
19574
6380
-3901
-14927
19894
-9207
-2627
3046
-15998
-8229
-23935
-524
18402
11993
-12037
-801
10954
-11527
28787
3066
13562
25592
-2312
-26879
-3100
-15107
8339
6909
23949
27282
-22276
-10101
-1663
-26239
32370
22147
-6019
-387
26243
253
9741
19437
8311
8089
21893
-2944
24776
-16463
-3900
-10573
-8075
-18963
-17978
-28749
18104
-5368
-11329
234
24196
-31523
-29310
-268
-17439
-2605
-11781
-1828
-23355
-8
-23952
-21255
-15623
-19465
-11784
-26879
17124
-19203
-18802
-7428
-15733
6285
-22020
14988
-13439
-27007
-31886
17795
-4995
-4739
31353
765
-20210
12015
-11152
9627
6791
28544
-1336
-11345
-11839
689
-25484
7661
7621
6578
-13896
3337
9407
486
27262
26587
3711
30709
3555
14038
-3077
27869
-60
-27655
15472
28665
762
3576
2553
-26879
25316
-16387
19087
-260
1420
16527
-22276
-31092
16514
-29311
-23950
26755
-643
-3715
-21634
509
9485
14576
9587
15773
16520
18819
21196
2481
-2368
32436
17267
2797
-14650
6580
25530
-761
-65
-3096
-19583
-32292
-5506
-27659
-22045
-809
2556
16862
5317
-6919
-913
24313
15866
-27656
27897
-27135
24037
-14595
2449
8189
32395
14991
-22276
5517
31874
30593
25714
-26749
2686
382
7296
765
20492
20209
29043
-8547
-22647
6788
16078
3762
22722
1718
-3982
7918
31688
7606
31420
31239
-25151
-28949
25986
30174
1407
-15370
-4635
-11306
3580
-5410
29380
-25607
-17808
-24839
24826
-26888
4601
-26879
1253
-15875
-13684
15357
26508
22923
-22276
653
12930
25985
-32398
-13693
-4483
-12419
-6022
765
7948
-6671
1392
10659
-31348
-12156
29903
-10062
16321
24501
2931
16623
-14647
14263
-15173
4359
17858
-14871
-3457
6112
384
3063
-282
-16166
11772
-22305
-32572
-26630
1648
-7432
-20998
26105
1786
-26879
29157
-13827
13968
20477
-5748
29839
-22276
-2931
15234
28545
18546
-21373
7806
-14211
-18048
765
25610
-14094
-3470
-15452
-9587
3720
29138
-29004
-1599
3515
4466
32495
-565
-14918
11456
1798
-32061
-12563
20867
-24351
6272
31735
22247
24540
18428
-26658
17600
-30726
24430
29944
31482
-25864
-6151
-26879
-4892
-13571
27279
10237
7306
-8564
-21252
13966
-31614
-30847
21618
-2173
-19587
3966
7295
765
21770
20212
9074
-24665
1936
-5239
-9515
-13644
3008
32699
-30607
26607
31947
953
-8000
-14587
6596
16110
12930
7648
-22146
20728
-2583
-29476
19452
9185
1989
5883
20080
5369
11259
14330
30970
-27135
19430
-13571
-4722
32509
-7539
-21875
-21252
16014
18306
-17279
20338
-1661
-1667
-13699
-13699
765
18953
3316
-20111
22444
2195
15755
-20010
-586
25026
25279
18034
-17935
16848
-21313
7620
13829
-7739
14318
-32382
25317
14209
24824
-14103
24286
24572
738
-317
-27653
-4242
-22536
25083
-25350
-15110
-27135
30438
-12547
-23663
30717
17036
-26994
-21508
-22642
-24190
25729
10610
5252
-1411
-15491
24453
765
17928
23797
10613
-8276
8851
-23155
19162
27832
32194
20163
-9872
-29455
-32046
-15422
8647
-28412
21703
-4111
-2682
-284
7552
-2056
-10774
25311
26620
-27678
-32573
-11269
-28306
-5384
-29189
7931
16635
-26879
26855
-12547
-14192
-29443
13964
1679
-22020
-1138
31874
-26495
22386
6788
-20355
-9347
-29313
765
21256
15606
-12687
18353
-6763
-27507
30939
-20551
19139
9157
-912
-14861
18132
20421
-16951
-32252
-25912
-19215
-32125
2279
-19840
-24071
-30227
6625
29436
-24094
5059
8444
22382
-21000
-11525
-30469
-16133
-27135
12520
-12547
1424
-22275
23692
2189
-21764
26511
-14718
-24959
17266
20612
-10115
-8323
20862
1021
-24569
8439
-10128
-8011
-10855
32655
-6435
29882
28099
-10553
-10128
21492
12759
9160
-21299
4356
25546
27634
-12925
1002
14209
-16903
1006
8676
31996
-6173
-26429
28412
-21652
19192
-773
-3077
-3589
-27135
-31255
-12291
-5997
-20995
-5237
15249
-22276
-10353
-12414
-24191
19826
28804
-2435
-21635
14979
765
-1530
4088
-31373
-10058
-25702
25490
12769
-26948
29124
-32309
-23185
21749
27865
19659
-25393
-21501
6348
18421
3462
-2070
7808
-14343
-28179
11746
31228
-23582
19650
21244
-23955
32759
-8709
-11269
-15621
-27135
-29465
-12547
-13424
-23555
-15221
-4722
-22532
-18801
-13694
-9343
18290
28804
-6275
-8323
13437
1021
11015
-21257
10864
-20552
18076
10130
-31008
-4165
23747
-21558
26992
-9740
26328
459
5071
-23293
30667
11763
-8574
-6167
-4993
-1287
-24338
28130
32764
23010
-18240
26620
30829
10999
-4613
-11013
-9477
-27135
15079
-12547
-2416
-22531
-10611
22672
-22788
10896
6275
-7551
13938
10628
-1923
-17283
-9347
1021
-23290
2296
-3985
30138
15518
-30829
28642
1724
-5439
17868
1647
16372
-17703
-13621
17872
14339
-5685
19188
-4989
29674
24190
16378
18415
-25115
-31748
6627
14529
-17924
6253
247
7676
8444
5884
-27135
-17945
-12291
-12653
-20995
30861
-26479
-23044
21904
-7550
-19583
22642
-23164
3454
-22915
-15744
1021
7430
-25864
-25231
10941
3232
2967
19684
-13891
-5950
31184
29806
758
-29476
-18994
26835
-2558
-27443
11766
-17788
-24597
-19330
-10502
-7439
17382
-30724
-24859
-28478
-8452
28782
-30729
13820
26620
21500
-27391
17129
-12547
20113
-16131
-22641
14737
-23300
-31600
13443
-13951
30322
-30332
-16515
-29059
8057
1021
5638
8953
29037
10435
23460
17303
24038
9663
18626
16594
28526
-27401
9438
9937
-7979
-8446
6095
27893
-32128
-16402
25472
-18694
17905
28135
-30212
2275
-9795
-16900
31085
-1547
4348
-6149
14588
-27391
26599
-12547
-19312
-18179
26509
-18545
-22276
28304
-638
-1919
-26254
-14460
-13443
-13699
-899
1021
-25851
23801
10863
14018
4772
1945
8167
28095
16834
-26159
29550
24821
-26660
-563
17365
-29694
-6194
15094
-29565
-26643
-32386
3835
7923
26601
-29188
-3098
-24380
4605
-26257
8950
24316
-13060
-29188
-27391
-30231
-12291
-26220
-14851
-17520
16788
-22020
3473
4995
1410
-12430
-18044
-7811
-21635
1153
1021
7941
-24327
27761
14022
9128
-11366
8681
7106
20164
1238
-2451
-8201
19169
30677
11225
26626
26321
-6921
-5499
20464
20865
26875
-3596
5099
-29188
-5657
17092
13821
-4753
-23306
30204
-3076
-18436
-27647
22762
-12291
32656
-13571
-15215
22929
-22788
-8560
13955
-19071
-26766
-32380
-29571
-25219
-19845
1277
2309
8186
22126
-16693
-9556
-8547
-7958
-11325
23749
-29992
-25491
16121
-6685
-17193
10972
18946
-10798
-22281
20099
-11534
-26750
24315
-22028
29164
-29700
-21785
-22846
19709
6512
31221
30716
4349
-15620
-27647
11753
-12291
-28524
-13827
-6768
-1134
-24324
-24431
17283
-16767
-8078
-10876
-25219
-32131
6274
1021
31236
9978
31601
-20533
-14676
-7775
-4884
-1852
28868
18907
12653
20216
2277
2010
-7459
2562
-2606
26361
-31865
-26382
29314
30203
-15884
-32276
-29956
-9754
-12607
19709
-17552
14068
30460
4093
-18436
-27647
14568
-12547
3989
-14083
-112
-31341
-24580
-30831
11907
-7295
-142
389
-25475
-21379
30849
1021
26884
14074
-28303
-19251
-15954
-28767
-18708
19909
-2621
29403
20590
32760
25061
-11047
-1316
-1279
29907
18169
-4986
8178
-13694
-24837
-5643
9710
-29188
23783
26561
27389
-21391
16116
-32260
14077
-6916
-27391
16104
-12547
30354
-13315
146
-22126
-24324
-16239
-32637
-383
9843
5509
-23939
32381
-14209
1021
13060
19194
17520
-23344
3250
-29788
-19986
-29754
-8253
14046
-14482
26104
-14362
-26404
21985
-7679
23764
-264
-30586
-17421
23172
-22021
15350
8944
-29188
-16665
32193
-32259
625
15859
-29188
20989
-6916
-27391
-1305
-12547
1174
-13315
-26735
-8301
-24324
10898
-25981
-10623
19059
11653
32125
31357
10376
1021
-5373
-23046
27252
-20527
31923
-10072
-31760
17608
-30268
20961
-2451
16376
-19224
-21026
22498
-15103
-15147
-29702
27787
8948
4228
-11525
9463
30704
-28932
-6169
7360
-31491
-3983
-31758
-27140
25597
-3076
-27647
6376
-12291
21141
-13315
-16751
21907
-24580
9362
21379
-11903
6003
10373
-32643
16253
-7294
1021
-10749
-10246
10866
31189
-74
17066
-15632
-21558
31686
-24863
30319
18169
14314
-13857
8931
-17151
15831
27386
-22648
-13579
14982
-3333
-1289
25585
-28164
-3353
-6977
-28931
28274
29169
-25604
29693
-260
-27647
5863
-12547
25748
-13571
9363
7572
-24836
-24686
-23933
386
23155
7045
-28291
20093
-25726
1021
-21245
-6662
14449
-6696
-8774
-23635
-7951
-565
15303
-24605
32368
24313
31467
-10527
-28
-21247
-20777
-15878
12169
-9482
-19833
2300
26872
-14861
-27396
24296
-23873
-23299
8306
7152
-23044
-26627
5373
-27647
-25113
-12291
29849
-13315
-1646
-12905
-24580
2707
-12925
2690
-18829
-16507
-18051
22397
5768
765
-30717
3067
-13452
-9509
-10819
4787
-4877
-6451
-3129
-18713
-3216
-6663
-4883
-17435
20456
-24063
-32039
-10757
-18548
13303
16775
6908
505
-11533
-26372
-21787
11193
-25603
27248
-22034
-24068
28413
4349
-27647
-14619
-12547
-16749
-14339
-14960
22674
-23044
26259
-5501
-127
-1677
-23163
-14467
15741
12673
1021
-30461
23291
-18321
-7970
21185
7092
30708
1741
2244
-23834
11120
-25863
17644
-1822
24296
-24831
985
18171
-6777
15607
-15995
9980
-24071
14324
-26116
27112
-11586
-20995
16499
-30738
-20484
-21251
8445
-27647
20711
-12547
22934
-13571
-13933
-13419
-23300
32403
-17533
6530
16756
-14203
-30595
7805
28804
1021
28675
22523
12658
-4127
-13884
-16969
-15115
-9264
15561
13803
22641
-27142
22000
8681
25323
-25855
-13861
11772
14219
5369
9352
11772
4602
-26122
-25348
11753
-16450
-18947
-27533
-276
-19460
-16387
11261
-27647
-6426
-12547
-27495
-14339
32661
-1639
-23300
-9069
-20605
3714
8820
-20347
20093
19069
16519
765
26371
-30981
5748
-21789
31943
-17732
16631
14035
5066
-31506
32113
-5894
3314
25580
14830
-26367
-7972
-19460
11661
-17159
28553
15612
-5126
30198
-24836
-26647
-25923
-18691
2165
-11796
-19460
-15875
11517
-27647
14823
-12547
12439
-15107
-32362
2199
-23556
-18029
-14973
9602
-29324
-29819
27261
4477
-2433
1021
25859
-21765
29551
31719
-16436
2238
-32009
7380
-25142
-2578
20594
14843
1523
9197
24303
-26623
20702
-31236
-30327
-23046
395
16892
22779
19960
-24324
-24086
-29250
-18179
1397
23020
-19204
-14083
11773
-27647
32744
-12291
-31336
-15875
-16233
21657
-23300
14996
7556
-7807
22900
-15227
25981
4477
-18555
1021
24579
-9733
-21134
-9495
-14641
31171
-27400
-17706
27339
30449
-5007
29947
-22540
7407
-8208
-26879
16864
6397
15245
27131
-19829
17660
-26117
13561
-24324
-4886
22462
-17923
25205
4075
-19460
-13059
11773
-27903
-2841
-12547
-2407
-18947
11416
-1126
-23300
-27756
1924
-9087
-21132
-14203
21373
8061
22151
1021
24067
-2309
18547
26603
22994
13767
26361
25304
30924
9203
882
-29445
-10251
-13840
30706
-26879
19169
17661
22926
-5637
-4468
18428
-7429
17145
-23812
28650
-20548
-17923
17526
-27670
-19716
-12547
11517
-27647
-6682
-12547
-19051
-19715
154
-14183
-22788
9621
7812
6530
-19596
7558
25981
8061
11907
1021
24067
1020
23152
-25107
32213
-15161
-25863
-17192
715
-15629
-22414
-23045
7670
-30991
1011
-26879
-23583
13821
27276
10236
24717
18940
1532
-18695
-23812
-26646
21179
-17923
17782
22760
-20228
-12291
11261
-27903
-12314
-12547
19097
-23299
-20584
8858
-22532
11157
10628
-2943
-13452
14982
29309
13693
23689
765
24067
6908
-14221
-787
6359
-30773
10234
-5671
-6710
-3596
1906
20475
2295
10739
-269
-26879
-22814
-32003
15760
10236
10381
19964
7676
8442
-23300
-2839
30139
-17923
-23434
-6682
-19972
-12035
11517
-27647
17894
-12547
-103
-27395
-26984
1691
-22532
22421
11652
11906
-2956
10374
31613
20349
-1401
1021
24067
11516
-18573
31727
-10792
13005
-32518
23002
-17205
-17931
-27022
21755
31991
-2317
17397
-26879
-32029
-31235
-3698
24828
-29811
20732
18684
27642
-22788
12521
-2376
-17923
12407
-30491
-20996
-12291
11773
-27647
24805
-12547
-12905
-28931
32408
920
-22532
13717
27780
22146
2165
15750
-27523
3453
11910
1021
23811
12028
18802
-20240
1499
-11314
-17414
-16165
15051
14070
-7566
-4102
-6921
22772
22773
-26879
-31773
-31747
8847
-16900
7055
22012
20476
16891
-21508
-23835
25008
-18179
6515
-31262
-20484
-12291
13053
-27647
7907
-12547
-24680
25085
-27244
21141
-21508
-11115
-31868
25730
14453
-20090
27517
11645
23948
1021
23555
17916
29300
29169
3804
14804
22779
-9767
-22076
-24586
30831
24570
-12809
27380
14582
-27135
-16414
-23299
-29039
23548
8331
22268
-27908
7931
-21252
23273
22200
-17923
-18314
30179
-19972
-12035
13053
-27647
23268
-12547
26265
26109
-31337
7066
-22788
-18027
27012
8066
14453
-32378
20349
-9860
10377
1021
23811
17148
-23693
14323
-10017
7380
23035
-23586
7628
7672
8563
11259
19449
-266
-19209
-27135
19941
-21507
9105
1789
17808
22524
-20996
25851
-20996
-7960
28086
-18179
25207
-28447
-21508
-12035
12541
-27647
16099
-12803
-29288
22525
-31593
-10600
-24580
-12139
22404
3970
-11147
-24186
28541
893
13192
765
23811
19196
-32653
19444
-12575
-28458
-23813
-5921
20683
-14344
-30605
-2054
-18951
-25353
4600
-27135
-27419
-18691
6545
14333
-23920
22268
-20740
-9221
-20740
-19224
6837
-17923
-23690
-26913
-23044
-12291
12029
-27647
-16670
-12803
-7780
11005
20119
-2148
-27396
5014
25988
6274
-2443
-30074
-20867
-4484
3213
1021
23811
20476
16502
-16652
23522
-1575
-6149
-11296
24523
-22791
17779
-19206
10746
21240
-7944
-27135
12774
-15619
-11117
13821
-3184
23036
-10756
-20485
-20484
32231
-13902
-17923
-29578
-31777
-24580
-12291
12029
-27647
2274
-13059
-7016
8189
-20586
17816
-29188
24214
29316
30338
-20363
23430
28541
-29572
30855
1021
23811
21756
4211
-9227
25317
19673
-2309
21729
11212
-22023
9844
-11526
19706
27384
-7432
-27135
-20250
-17411
-21104
24829
32656
23548
-9732
-1541
-19972
18918
5297
-17923
20598
4061
-26884
-12547
12029
-27647
15329
-13315
23448
-1284
23958
17560
32508
-31850
28292
12162
-7563
-17786
26237
1405
2953
1021
23555
22780
12915
25846
8934
-21284
8188
3042
2251
32762
-8589
23546
-26118
20217
-28167
-27391
-10778
-14851
-1135
30973
13713
23804
-7428
15612
-19716
-31514
-3664
-17923
1398
-16421
-27908
-12803
11261
-27647
-18464
-13059
-21350
-13572
-363
-32358
26876
-20586
-31868
8066
-13451
31878
31869
7549
12427
1021
23811
24060
6516
-6410
20967
-3874
16380
17123
-22325
-7686
-10125
23546
-8198
-7943
12282
-27135
29415
-13571
15763
31485
-8304
24316
-3076
14588
-19460
-27419
27822
-18179
-19850
-15398
-31748
-13315
10493
-27647
-1313
-13571
663
-17668
30102
-2921
21500
-23146
-20348
19842
23670
-25466
27261
-6276
29827
1277
23555
24060
26223
-15113
18409
23007
20732
16867
9163
3323
26484
7418
1019
250
22778
-27391
-18969
-14083
-8818
-27907
26769
24316
-772
20732
-19460
-22812
9388
-18179
-11403
25817
30716
-13827
9213
-27647
14559
-14339
25752
-25092
-21867
2967
16892
-10090
-16508
7554
12662
-26490
29309
-3716
13705
1021
23811
24060
-27534
17656
-19990
3297
25084
-7453
9674
29947
31091
-13063
18171
-22790
-12550
-27391
-15897
-12803
7570
-26627
21392
24572
-772
18684
-19460
-3613
-32596
-18179
-24203
-4393
27388
-14339
7421
-27647
-19746
-14595
-26215
22268
5782
3481
7420
12695
-7804
5762
-23946
-23418
14461
-10116
11146
1021
23811
23804
-30605
-27400
18155
-23327
28668
-285
30410
-22277
-25997
27897
25851
-12550
-14086
-27391
11240
-12803
-6510
-24835
13200
25596
-4
9468
-18692
8159
-32605
-18435
372
25044
16124
-17411
4093
-27647
-11557
-16387
3731
764
5267
-3695
-6405
3479
-2684
10370
-18314
-30842
12669
-7556
13955
1277
23299
24060
-1171
-5384
10732
-2591
30204
1248
15297
10747
-18576
13816
763
2042
-7174
-27391
-14363
-13571
4494
-30723
6797
26108
1277
29180
-18692
-4382
-31064
-18179
-14219
31700
21756
-15619
6397
-27647
11741
-17667
-12136
-4613
7318
-7017
-12037
663
-14204
18562
30838
-1658
14973
-13188
7563
1021
23811
23292
28019
24057
19949
-1820
-31492
1509
21448
23036
-16014
-23304
-12293
-26373
27387
-27391
7912
-12547
8084
-20995
-25201
26364
2557
30460
-18692
13026
17576
-18179
630
10452
14844
-17155
2813
-27647
-8228
-18179
26777
-13061
15510
-16488
-24325
16791
-4476
18562
-13706
-10874
27773
1405
16009
1021
23811
23036
-11406
-12551
-23314
-25883
-28932
22757
-19512
28156
883
-21768
-9221
-14853
-19717
-27391
20200
-12547
-2926
-18435
4240
26876
2301
15356
-18436
32225
2214
-18179
-8075
-25646
7676
-19715
1021
-27647
29915
-23555
-12906
-30469
5014
11671
27131
32663
-6012
31618
-31626
-17786
15741
-9604
-25722
1021
23555
22780
-11152
1530
16367
-19484
-28932
11748
16838
30972
8818
11256
-7941
-22277
-26117
-27391
-24089
-12547
-24687
-18179
-9329
26876
765
30716
-18436
-14111
-23644
-17923
20597
17873
3324
-20483
253
-27647
19419
-23811
-8038
3835
-16235
26521
8443
-25449
-124
-3967
-13450
-28538
8317
1405
1422
1021
23811
22524
9333
11514
2799
-17946
-26884
-11292
11716
-19460
-23696
28919
1020
7932
-10757
-27391
5608
-12547
7830
-19203
-11634
27132
765
14332
-18436
23008
7844
-18179
22389
27088
-3589
-21763
-3332
-27391
-31526
-24323
-29032
-15366
-1132
32662
-3334
-30313
3461
6530
375
-24698
8829
13181
8072
1021
23811
22524
16498
27130
28399
3301
-27396
11236
-4669
-29188
28272
29431
-2309
-5
-7429
-27135
-13849
-12547
19858
-19203
24975
27132
1277
17404
-18180
6625
-23130
-18435
3959
6864
-1541
-23811
-10500
-27647
23259
-25347
4249
-26117
-3945
12697
7675
15255
10117
13954
22647
-10618
10877
-900
-17273
1021
23811
20988
-911
10746
21999
-23325
-27140
-10781
11971
26620
27503
7927
-6917
-6405
-18949
-27391
32232
-12547
9106
-19203
30095
27388
1789
-22788
-17924
-25119
13222
-18179
-2186
2511
-3589
-23043
-6916
-27903
-7974
-25347
-12899
-4358
26263
1691
-15110
-31081
30341
25730
30071
-8570
5757
-3972
141
1021
23555
20476
-25995
29946
2801
-18457
-25604
5350
11973
-12292
31600
4087
6140
17404
-517
-27647
17897
-12291
28821
-16643
18320
27900
2813
-24324
-17412
6881
8613
-18435
-14473
15310
-11525
-26627
-11780
-27903
-11303
-28419
12442
-774
-27752
24986
31994
-25193
12677
27266
23671
-23674
20349
3453
-3706
1021
23555
18940
11634
-6406
-27406
-31256
-24580
6118
-10812
-7940
-32655
-12298
10492
29948
19196
-27391
2025
-12291
1682
-15107
7568
27900
1789
-21764
-16644
22240
26532
-18435
9592
-4149
-15109
-24067
-3844
-27903
18649
-32259
7578
-18950
-24424
-7527
7162
16279
7813
2434
-3465
-18298
17021
-13444
27785
1021
23555
17404
4979
9211
2291
-32278
-23300
27878
1220
3581
24177
13814
17660
-20740
22268
-27647
-1816
-12547
-13421
-14851
-9840
28156
-9732
-19716
-16388
8152
-19824
-20739
17013
-25148
-6919
-31492
21756
-27647
8916
25085
-19308
26615
24206
-23665
-30217
-25449
3461
14978
9336
391
18813
2429
17287
1021
23555
23548
29040
-262
-8207
-18453
-22788
-3872
-17994
-17156
7791
5875
-7685
-21253
13052
-27391
-32027
-12547
23440
-20483
14218
28668
-4
-14084
-16644
18655
9891
-18435
-26503
3530
-27397
-30723
-18436
-27647
-31785
28669
12953
25850
-18790
-30564
2809
-30057
23685
11650
-5257
-14970
14973
-14980
27780
1021
23299
9724
-9872
31995
-21772
28908
-22532
-1050
-25660
17661
12658
-8203
24828
-2564
-22788
-27391
25832
-12291
-10352
-13571
-2158
29180
-1284
-13572
-16132
-10274
-30046
-18691
-32391
20680
27387
31997
-14852
-27647
3543
22269
13723
2810
32666
24220
-11528
22167
-5756
19842
6520
-21370
14973
-900
21386
1021
23555
7420
8308
-30213
-12
-22035
-22020
-26393
-9021
25341
3954
3317
28412
9213
-24580
-27647
-19992
-12291
-13676
-13315
-23406
29436
-2052
-10756
-16132
7903
22690
-18947
-12423
10183
19963
32253
-15108
-27647
-29226
21245
26268
-20743
-3942
11165
6392
-31081
20357
18050
4472
5255
26493
-10628
-14965
1021
23555
3580
-4236
-16389
-17163
1263
-22020
30696
-16444
30461
1394
-25356
29436
17405
-16644
-27391
-11288
-12291
-24427
-13315
28819
29436
-2052
-17412
-16388
-11810
-20320
-19459
-4486
-10298
2299
19453
-30724
-27647
-14379
5373
2712
22265
-21860
3740
17143
-29289
22917
19074
31864
-31098
7805
-9860
12679
1021
23555
-5125
29810
-8197
-21258
-31761
-22020
10984
24771
31741
-20366
22516
30716
16381
-16900
-27647
-25112
-12547
-28781
-13315
-11116
30204
-4868
-12036
-16644
22750
12448
-20227
25723
19651
-13062
18429
29436
-27391
213
-3588
-869
8696
-31077
-12644
10998
-26985
9861
8578
23160
3719
25213
3453
13710
765
23555
-8453
7798
-4357
-5130
19442
-22276
-14616
-6718
-27139
-32398
-2830
-31748
-32515
-7684
-27391
-18968
-12291
26007
-13059
27540
30204
-10500
-16132
-16644
-35
-15458
-21763
-19589
24514
30970
5373
16892
-27135
-2093
-14596
5020
28663
5787
7325
10997
-21353
24709
20098
-5256
-14458
6781
-2948
-27252
253
23555
-13829
-16267
3580
3832
-7694
-22020
-28183
21699
-25091
8563
-26126
-30980
-30211
-4100
-27391
-23064
-12291
-28010
-13059
31637
30716
-14596
-27652
-16132
-28196
28061
-24067
-32388
-31809
-7
-9988
-1797
-26367
-12078
19708
-7015
-22794
12187
8347
9972
-19561
19845
11394
-24712
-21370
28797
6269
-27254
-4
23555
-23301
-7052
8956
32248
11507
-21508
32233
12993
-23555
-10381
241
-29956
-28931
-1284
-27647
26088
-12291
2710
-13315
-2667
30972
-24068
6908
-15876
2267
-32612
-25859
26491
4285
-31495
-18948
-15365
-25599
-16687
23036
-32356
-18443
-20329
-13671
5107
-11113
11909
13698
-10632
14471
18557
-1412
5779
-1028
23811
-13573
24953
11772
-2056
-4363
-21508
-22294
-19007
-21507
32372
12528
-28164
-23555
-260
-27391
-16152
-12291
-14950
-13571
-21610
30972
-32516
16636
-15620
-6439
19098
-26627
-18565
-8517
17657
-22020
-9221
-23807
20944
9724
29082
-32268
-32617
-1639
32241
26775
11653
23682
6777
-18554
24189
-11396
2701
-2052
23555
-23557
21878
17148
-26631
-21259
-20996
4586
-8512
-21251
-1164
-4881
-27652
-21251
2301
-27647
19688
-12291
-30569
-14083
1174
30716
29180
5628
-15620
-17962
-20589
-29187
25466
1209
-6408
29948
-27397
-20223
-22578
-22277
-25448
-2061
-32105
11929
-11536
-17769
13445
-1919
-23943
-9850
-29315
-3716
12936
-3332
23555
-29957
-24974
10492
248
8181
-20996
-17441
-9051
30461
114
-29461
19196
-22532
-13828
-27647
1509
-12547
-13679
-15363
-32368
30460
16636
9468
-15620
-3881
20631
-30211
23162
-10569
-25096
26876
31739
-18175
462
-15109
6045
-1294
-13674
26523
3567
32663
17285
25474
30841
-14458
-28803
-3972
-28272
-6660
23555
27899
-11401
20988
16378
3831
-20740
17131
-320
-19203
5493
25839
-26116
-17411
5373
-27647
-5145
-12547
-9319
-15363
-31083
30972
16892
-14341
-15620
26326
-16493
28669
28538
-17994
5880
-6917
-17158
-12287
-1076
21755
21401
13298
-7786
-20584
-12563
13975
23429
15746
-18823
23942
27773
-12164
17033
-9476
23555
21499
15220
23548
-12550
-13834
-20484
-14871
-26689
-18947
-31627
20461
-26116
-16899
5373
-27647
19175
-12291
-32363
-16131
-22892
30204
4348
-22533
-15620
-16940
16275
23805
23162
-14925
-28937
-14853
-19974
-4351
4043
-19974
-10600
6129
-16490
-17257
-4373
-31593
10117
22402
-13703
-17274
4989
2941
-21877
-13572
23555
8955
885
24316
-3590
-20489
-20484
-1047
-28482
-18435
-652
-4629
-26628
-14851
6397
-27647
-15898
-12547
10135
-17155
19093
29948
-6661
29947
-15364
-11821
1425
19197
32634
-18000
-10
-28933
20218
-1791
3786
-17926
29339
-21265
32406
-8295
745
24215
3461
3458
4986
-10106
31869
-8324
-15731
-26372
23811
-5382
20342
25852
10747
26616
-19972
-23831
23229
-18179
17013
27370
-26628
-14339
7677
-27391
27366
-12547
-16744
-18691
-12140
31740
-13573
11003
-14596
14546
-30321
12797
29819
1711
26358
8443
1018
12034
6089
-14087
-12649
15599
22167
15512
13286
32663
22917
23938
1658
-27002
15229
-17540
11654
28412
23555
-13062
3954
28668
-27397
21496
-18436
25577
-22085
-18179
-25227
-2327
-25604
-13827
8445
-27647
6886
-12547
-24684
-19971
-17515
31228
-25349
8443
-14596
-32559
-16499
7933
-19846
23724
-1803
-5126
-5895
29186
16072
7673
30105
-12819
5271
29337
-26141
27800
21125
8322
21882
-5498
20093
-23428
-32373
17148
23555
-20742
17013
29948
-12293
-16391
-17412
25065
21690
-17923
25716
27880
-24836
-12291
9725
-27647
28646
-12547
1944
-20995
-9324
31228
32763
-3846
-15108
25553
3468
5117
-13702
5804
-22283
-14086
-26887
-22014
7112
14585
-17510
-20756
-29290
30105
-15904
8089
-28283
17794
20090
12935
3453
7037
-26228
1788
23811
-29958
-27531
31484
18940
30458
-17156
-7191
5050
-17923
116
-24600
-24580
-11779
9981
-27647
10983
-12291
-5992
-23043
-14700
30716
23803
16378
-18180
-28977
-9334
-8964
-2437
25512
32500
4602
-5128
14851
1990
29687
7063
7660
22168
7832
17118
-871
-29563
20610
-27270
13959
18301
17533
-5496
-17925
23811
9722
-1678
31740
29436
-14342
-17412
28136
26038
-17923
2420
17126
-25348
-11779
9981
-27391
19942
-12547
12951
-23811
406
27388
-4102
5114
-20484
-13619
9096
-17156
1148
32420
-19213
-22023
30456
-18173
29124
5111
29082
-25879
-3178
16281
29915
27290
-29819
15490
-7302
-32121
12157
10621
2191
21499
24067
-15879
31862
31740
30972
24827
-17156
-29720
8373
-17923
20339
484
-25604
-11779
9725
-27391
-3867
-12547
-8806
-30979
-20075
22524
-30982
-19975
-22788
17868
23430
-28932
12156
13218
-18446
24825
16888
11780
-27710
-22794
-31590
23783
-27754
-12392
-24873
-14950
-10875
16002
-23942
-31609
17533
-6276
16013
-11014
24067
26361
4726
31996
-28164
-12038
-16644
8423
-5966
-18179
-19341
-19230
-26628
-11779
10237
-27391
-25372
-12547
24985
28157
-22635
20732
27642
-32007
-24580
12747
-17788
-31492
-9605
23968
27378
-264
-19977
-31228
-21055
24053
-3432
29928
-29544
18073
31703
-19814
-22907
20098
10363
19335
8573
-10372
-3447
23290
24067
-3080
6260
32508
-32260
6394
-16132
7141
27311
-18179
31857
1761
-25604
-12035
11261
-27391
-8989
-12547
22167
31485
-25966
15868
4090
10489
-26884
-19510
-1660
19196
32636
-18275
28145
26872
-16394
-14332
-27456
7925
-1892
-539
4248
31899
24019
-2662
-5243
6018
-30341
-8825
14973
7293
-4975
-26631
24323
-27912
-2440
32508
-29188
-15878
-15620
3558
-20562
-18179
11121
23007
-26628
-12035
11261
-27391
-29213
-12547
17820
21501
3475
9724
-27655
-6664
32764
17097
-14206
4860
8061
-6245
30448
-12297
7414
-22267
1215
18420
-870
-26140
2457
29083
-17457
-7782
-12155
9858
-30085
21639
25213
8061
24204
-14344
24067
-3849
31606
-32516
-19716
-27910
-14852
-26652
-24148
-18179
-19599
8670
-27652
-12291
11517
-27391
-9502
-12803
-8040
17405
32148
2556
17657
27896
27900
31176
14979
-2821
18302
6809
30959
29431
28150
-17914
-18243
24818
12442
-12830
12697
-27238
-8756
15515
1670
2946
-1669
20615
8573
14205
-629
18680
24323
30711
19574
-32260
-13060
251
-14596
32740
-3412
-18179
2674
2268
-29188
-12291
11773
-27647
-19486
-12803
8857
8957
3990
4348
6649
20217
24060
-26936
8834
-5125
-30851
-13418
-22289
-14601
-10506
26885
15805
-13070
26782
20449
-12392
31133
-7738
16283
-4219
-24446
-8325
24455
10621
8573
-14193
-778
24323
-30729
-24456
-30212
-2052
764
-12548
21734
-10323
-18179
21361
27612
-26116
-12035
13821
-27391
11236
-12547
-3941
3581
-14442
-5125
-30728
-25353
11516
30150
-3967
19963
3455
1174
-19475
23030
25588
-24312
-16197
-272
-23654
29919
1945
-3174
-4412
-1126
-24187
19074
31356
-17785
21117
25981
18314
-13834
24323
-17418
14454
-31748
-2820
31995
-13572
-8732
-10326
-18179
3955
27355
-31748
-12547
11517
-27391
-31774
-13059
-27240
-7172
3991
-14341
16120
5623
-517
-17467
31360
3579
-30593
-30317
-30740
-27659
16628
26889
8122
-21010
18842
13278
18329
-4966
-3391
-11110
-8059
6274
25980
30087
27261
24445
-9843
-20747
24323
14838
11383
32764
-260
5884
-14084
29157
2219
-18179
-7309
-5159
30716
-13315
10493
-27647
9442
-13571
-15462
-13316
-10601
-23045
-23305
-4618
-12037
-14140
639
-14086
-24449
-24687
-16149
13045
15091
7434
-27976
6127
13724
-12837
20120
31387
5308
-20326
-11131
-3455
-19332
19335
24445
20605
-18545
8948
24323
-27147
-3208
32508
1277
10492
-14596
-27931
-23381
-18179
4212
-21032
28412
-13315
9981
-27647
-19487
-13827
-14693
-29444
-28521
-32517
14327
-22795
-29701
-23614
-26498
18682
-22912
7823
5610
11252
17650
5388
30134
4588
21912
25050
9625
24218
-12105
16794
-24443
14466
5245
32647
30333
7293
-29048
-2318
24579
-27660
4213
32252
4093
31228
-14596
-1564
-854
-18179
23158
13271
23292
-14083
8701
-27647
-22560
-15107
7576
30460
-31591
25339
-23818
-15371
18939
31682
1150
-10503
4225
12685
1257
22771
4850
-20212
-14155
-5655
13210
-10536
10393
-23397
-16462
23194
-27771
19330
18813
32647
25213
2941
27534
-29711
24579
500
-19848
31996
4349
-19204
-14852
-15387
-11350
-18179
32118
20182
20732
-14851
8957
-27647
-18208
-16131
-12133
22524
24985
18683
8950
-2572
-774
17089
3454
28665
29313
-8310
-793
-19982
-28944
-1523
25524
4842
20891
-5418
-29799
-13157
-22867
23450
-14971
-28286
24189
29319
-25475
29565
-369
-26129
24579
24819
20857
31996
5885
-10244
-14852
13541
5291
-18179
-18314
-9772
17916
-15619
6909
-27647
992
-16643
26780
9980
-17767
