-18035
9767
22807
-8423
30428
-1957
25897
21347
-27586
-7576
13156
6792
32358
-28806
-387
19329
-648
16514
16002
27494
23844
11005
-4071
21886
-25854
11523
-509
-8702
20768
18527
3074
-11391
31550
28931
20226
5634
-12035
17961
-21758
16478
24840
-21406
-31140
-27894
13411
19322
29053
2440
-30088
-1662
20879
-20439
3097
-23525
13274
9565
27436
2664
-7359
-3478
-24727
29578
-4506
-9862
-1923
9345
21113
28034
18818
9580
31269
10493
2330
26497
-26110
15363
7940
-8958
25888
-29856
5634
27009
-28098
-7421
32514
22274
-12291
15402
-1790
32097
-27895
13411
5217
11787
-30109
-32646
30589
12424
-25992
4995
-24688
-7382
32282
-15587
472
20830
3632
-20120
4930
4970
32360
-9588
-11674
-18822
-10883
-11904
29817
30850
-28030
8556
-21210
10237
-7398
-31871
-26110
17923
11268
-8958
-24543
-928
7426
10881
-8128
5892
-25342
-30718
-12547
-22230
4611
-31391
28937
8548
-2975
-15861
8803
24698
23421
-9337
-29576
8323
-12655
-26837
17434
-27363
4824
9567
7981
1126
-22717
6763
11623
-9585
8551
-16262
-8323
-27520
12665
11650
31362
19818
27176
9725
29978
19840
-26110
22275
16132
-8958
5922
16481
8450
-23935
-30143
19716
-25854
31490
-12291
12587
-1790
-6560
-19959
1893
-6048
-32756
28515
22906
29821
-12409
22648
-8062
7314
18221
-22757
-28130
-20780
14432
4657
30825
-25787
8811
-7830
-11117
14439
-390
7806
-28544
18553
9346
21122
10354
6698
8701
29211
-29820
-25854
23555
30468
-8702
5411
-10911
11010
9345
1602
-26620
-16894
-24830
-13059
11820
14339
-2716
19210
9572
-16029
-25587
19299
-31622
-27011
-16249
-29832
-13438
-28012
-21970
1309
30239
14291
13409
16692
4969
14662
-5782
3178
-4716
12135
-4998
12158
32640
21881
642
-23166
2669
-18901
8189
-19173
-17535
-25854
28163
29700
-8958
15907
-28317
12802
23681
-12477
-11516
-6398
-9982
-13315
-22228
23299
14690
30986
3941
-24990
-3315
1635
-31366
-21635
-16249
31352
-24702
10390
-6097
25373
21792
-31279
13154
25138
-1689
12616
24683
14953
-13160
-17817
-14726
21118
20352
-28039
6530
30338
29036
14382
7165
29980
2945
-25854
32515
24836
-8702
6436
-26012
13826
26498
-9660
5
-11006
-24062
-14083
-19667
23811
354
779
10598
-3229
6927
27747
19066
-14211
-28793
-25992
-14974
-20847
6704
2847
32033
16337
13666
11573
12652
27717
-14743
7531
11399
-17561
9083
16766
-23169
-29063
11138
17538
-22157
-11984
7165
16412
8581
-25854
32259
-29692
-9214
4647
-7832
18434
10117
15939
32517
15107
-5374
-14339
30510
-7677
14439
20491
104
-9880
-17398
12899
27770
-27267
-9594
31352
-9086
30615
-973
32545
25892
-27700
32357
23609
-21909
21580
-4499
-14228
-24163
-20889
-8070
6014
7296
-19591
-639
6274
-3218
-15824
4861
-26852
1923
-25342
-23037
-5116
-8958
-23256
-19861
20994
14726
25672
-8443
23299
27651
-16387
1584
-7165
9060
-21236
8297
15206
-17648
7011
28538
-30851
20103
-15240
-22398
27288
23349
-10206
-8155
-28982
2918
-12744
21355
30799
3695
-26258
20386
-31129
-8070
8318
-14209
-19335
4482
4482
18031
18995
4093
8989
-27518
-25342
-19965
9477
-8958
-29399
-661
24066
10118
32585
17926
-29181
-29437
-17923
19248
-1277
-19100
-9203
29545
-26777
29202
-2974
13946
-31107
1415
-25736
-15742
-7271
13111
8484
14118
-20026
-30617
13119
29550
-4273
-17810
-12944
29092
-15257
-3718
19326
-21889
-14215
-22911
23426
17010
-4300
1533
10270
-21884
-24574
-12285
15109
-8958
4907
-20371
25602
-13691
18507
-24826
-22013
28931
-20995
-20687
28932
26726
22542
6762
9065
20243
2403
16506
-20867
3975
-27272
25218
18588
22584
9765
13609
-32314
4712
-1475
6507
11857
27758
-30099
-12122
-26265
8059
11390
22399
26489
-4223
5506
2923
9272
2045
-9186
27264
-23806
3588
14597
-8446
-982
24942
30722
-15482
-16308
-1018
-11005
-5629
-21251
3378
22532
-30622
-16370
-9366
23398
16916
-11166
-28550
31613
-16250
23160
-17534
-7779
-17095
20262
-18647
6339
7017
-21442
-19093
19538
-20627
14956
8105
-14233
-8582
19326
24703
-13447
-12159
-3711
9072
-11206
-4
31263
-10110
-23294
5636
-29435
-8446
8236
25711
-31998
29318
-7092
26119
3076
5636
-25091
-4558
-27644
-28059
-1010
-20118
-14232
11541
-10398
7034
-19075
-7802
-29320
-23934
-1890
-28870
-31706
-32215
-23105
-23190
-12476
-24980
-23213
2413
-25491
-24917
26728
7547
22398
19071
-17799
-19327
16770
-1423
16445
-4356
-8416
25475
-22782
13572
-7163
-8446
-6612
-16272
-29950
-20858
32334
-13305
11012
22276
-29699
-12237
-4348
24166
-17393
-10902
-13720
21526
12131
-23942
-19843
30342
30328
30850
6561
27707
-13018
15659
-9538
15211
28225
9576
20310
-6291
107
-15697
2152
-5766
25726
-4226
-14471
-13695
10882
6252
-3776
-4100
-16351
-25473
-21246
25860
-18171
-8190
-8148
-21391
-30718
9607
-24753
-1785
9220
28676
-30723
26932
-31484
24163
2321
18539
-9114
23064
-20638
11898
-24195
28294
30328
30082
16290
-11715
-18135
558
14010
-10900
-8635
-18325
2135
-32147
-21652
-10575
30056
123
19838
5247
-4231
-21119
386
-22927
-25533
-9476
-32477
-18558
-21502
-32508
4358
-7422
-6867
2931
-22782
-18810
-20656
-27128
-28668
-9212
26365
566
13573
27238
16401
-23190
-4761
25625
-2974
11898
-12931
-24698
-14984
-30334
-1885
-31682
26409
12588
19383
-28051
19275
-15765
7768
2668
26987
-22861
-7064
15483
22142
-12162
3706
-3711
-12927
2929
-23738
-14852
27173
4226
-20734
-20988
21510
-7422
24367
-16013
-27134
12423
30803
-8696
22788
9732
20221
28214
-24827
12390
11025
-32662
-30616
19994
5731
28026
-21379
17798
-11656
-14462
-31067
7744
21035
-15313
-27723
28014
5704
-29848
-19109
30828
-11159
18360
19561
22651
25214
-30850
4986
-16511
130
21355
19531
-16132
26407
-643
-21246
-20988
13318
-6910
-14296
4449
-23550
8582
-10417
3337
-27388
-18940
15869
5941
30981
-19104
16402
32358
1635
-9444
10083
-29062
-9603
14470
-23688
-28286
-21850
-12735
-14292
-18641
26288
-13713
23374
-8853
-18852
13420
-10645
-1862
24169
16507
19582
14206
13946
-11391
-1919
22644
-20915
-27652
-18903
-29054
-20222
29956
11270
-5630
24880
-31371
-19966
-17275
-31915
11273
-24828
24580
1533
-17097
14854
12904
-751
-9625
11112
26910
8035
25722
-28291
-11131
-10888
-21886
-13912
2628
6191
18227
29869
-19855
30803
-24213
32605
-30869
32362
25789
-12695
7547
28030
8318
19834
1410
-6783
4975
12113
30972
7723
7296
-19454
-19196
18438
-4606
24881
-3466
-12798
-14459
10840
-17655
5637
18693
-7940
-2760
-18426
-1948
21010
-12441
4198
-1505
19299
15482
-21635
-7547
-19336
-4990
-22614
-12475
30768
-27596
-9302
-24206
82
-10646
11617
27756
16234
29633
-20119
22907
17534
-14723
6778
-10879
1410
-18323
-30635
27132
20268
-11138
-16894
-6396
22790
-2814
-9167
28279
-3582
-31099
6489
22282
32517
-2811
-17668
16697
-9978
14180
-21741
-32664
13414
-17118
4195
17786
-28547
-23675
-28040
-21374
28331
-22456
9779
-14026
12709
23412
-24230
23407
-8606
-9109
7534
-22588
14698
11131
32638
-21635
13434
-3199
-18815
31346
21080
9724
-17106
-23935
-16894
-5116
26886
-766
-14031
24695
4611
29315
-32422
9739
-11259
3078
24060
13370
16648
-24730
-4332
4199
-17817
11813
20835
20602
-12931
-31611
-30344
-7550
-29778
-26295
-32204
-30920
-7774
-32395
3931
12908
-8092
10860
5483
-21306
14186
23675
-28290
29309
5754
-18047
3458
-5012
3164
1020
-465
-9090
-13566
6917
-28154
771
11314
18551
5891
-24189
-6564
26635
11270
-11770
13820
-31686
520
17763
18709
20070
-21149
-17626
6499
11642
-11395
19845
24184
-20094
5039
-14262
-20684
-1481
23968
-21642
-23206
5228
29287
-31892
-150
19145
-30358
19323
24446
-28547
12410
-24447
13186
2157
14688
-4357
1841
6526
-12286
23301
-20986
1795
-2510
7287
10499
18307
31581
-1525
15878
-16890
764
-31685
19720
-17309
14870
-26522
18020
-9688
20067
15994
32125
21893
29816
32130
29361
20813
16695
19002
24986
15736
-18077
4463
-9881
23660
-20115
26315
-16534
-20613
32382
16765
24698
-9087
-9599
-27793
-28318
32507
4915
10368
-8958
-23035
-7162
5635
-7886
-1161
16643
-6271
15199
-22260
-25082
-11258
32251
-11716
-31479
357
-31210
-6043
9828
-21718
30819
-31622
-22403
8581
-31112
-15998
17331
5711
-1225
-14790
25752
19321
611
-16533
5484
9069
-7828
-19250
-15766
21627
24702
-3204
31610
24193
-16511
16231
17767
27131
28212
24187
-3838
-1275
-19450
7427
26419
14456
21507
29570
8033
5901
-19962
-2554
19707
-30915
19465
18528
27672
28774
-2207
-9939
12131
15226
-24195
-5756
-12424
27010
32691
-21936
-30662
22079
-22380
16762
5988
-3988
27757
28781
-20884
5329
9835
-27525
-25730
-16260
28794
-19583
-13951
4205
-15766
11515
-28875
-22659
-4606
-1787
17671
11011
-18892
3961
-31229
-13695
-3231
-7667
14087
28935
-6406
26174
-2551
-157
2073
-8090
13413
17200
-32157
23418
-11139
-15228
-25224
-18814
27061
-5294
-14788
4416
-28016
-12165
26476
5486
-9362
-20372
28781
16850
-21141
-17797
895
-29316
-10374
-32383
-28543
13422
19821
-19206
20535
17278
-1534
13062
-23801
16131
-8396
-24967
-21757
-17280
7011
-29170
-14585
15624
28666
27967
6923
16228
-6887
16230
24933
-28623
-8861
32634
5758
-28796
-6536
-31358
4536
-20397
-9413
4160
-25200
-21123
-15768
3946
22130
-17043
-18582
26326
-19861
-18309
-29826
22396
30074
21633
-12159
-14744
-4239
-16134
30008
-30086
2051
30726
-31993
16899
20021
-135
-22525
-14976
-4252
-14578
30983
21256
29178
27968
29706
-27295
-22501
-14746
-6046
19766
-21405
-32390
-8579
23940
-25224
31618
-9800
15702
22591
-16317
-28021
19582
21357
-3988
-19597
10093
-24724
-297
-14741
-27781
-18306
18044
-14726
-31359
-7039
4206
27764
19194
-12742
16253
6915
-18682
-23289
24579
15926
13947
-10749
-8321
-14491
-30193
7432
26632
-13319
-17599
-13045
-29084
21787
-30619
11107
11576
-22941
18810
-7299
17284
-7304
-22910
29626
18008
-9408
14150
23433
25471
-1934
-23187
12661
-148
-20883
2010
16492
-19845
-23682
24956
-4998
-15999
-6015
3693
-10890
-3079
9532
17021
7683
-10234
9480
31491
7223
-26244
3588
-12929
-26521
26128
-29176
32009
31993
16706
-14324
6244
-6884
13158
-29595
-11206
-2461
24698
-21379
28548
-3208
-17278
7356
32088
6209
-21691
-21112
-3457
-30610
-18070
17271
-5268
18282
-3365
6252
32123
-17026
15996
-14214
-28031
-16511
-12183
-18054
-775
24125
-21638
11267
9991
5896
31747
21303
30331
4100
4735
-8344
-14064
-18168
18953
25593
-9662
15116
25442
16413
10854
-32669
27965
-25245
8314
-7043
21636
-17288
-20094
-19012
3163
-18878
6470
4739
-6271
5750
5742
24697
15212
-8084
-22051
-31892
-26757
-25986
2428
-16518
-26239
-28543
-24719
-32131
8697
-13249
-11394
12035
9479
4617
-29437
12344
-11652
11012
1918
-30103
-27375
3081
29961
-30472
6468
13326
-16794
17437
-19868
23141
-10689
-8861
11642
-16515
8580
-17544
-23166
-10050
-25763
-17851
22091
-19843
11395
21883
-22418
-7556
4462
-3731
-20514
-17044
-32133
-9090
5500
-29062
-10623
24961
-21909
20095
760
-24511
20604
8451
7
-18681
-22013
31031
1917
9476
-21892
32107
17
-7416
-12535
-25353
17476
-24306
22626
-16355
611
-14240
19777
-2205
12922
-11907
10372
21624
-5758
2753
20063
12359
32587
-20613
-637
24441
18030
-12416
-17041
29038
-7968
-18068
31611
-20098
-4741
-14470
-27775
-28287
22890
6788
-2825
-3262
16763
15363
20487
3592
-16637
19000
-8836
22020
-22916
-26515
-6127
-32759
16138
14839
15685
-15090
19810
1055
22883
26208
-15804
2404
14714
-13187
3204
-19592
-13950
-30015
-7583
29001
-16817
-30090
28037
23683
-10894
12674
24431
22129
31458
18541
-27013
-8834
-27781
16507
-31615
19841
3696
32645
-7946
-22972
28542
17667
-29945
-27896
4
-16839
28797
-15868
4732
-402
-750
-3831
8715
12534
23622
-31983
4453
-18400
28003
-30365
-19641
16740
11642
-387
-20861
8313
-24958
10435
8547
-24501
26704
19061
-31098
-13694
4208
13188
-20112
-14992
2020
109
-20101
-12418
-25221
-1414
-27007
25473
-30102
-19321
-25354
-16060
-30085
25347
-3577
-18680
6916
-23239
-31618
2053
20348
31855
-29933
-24566
32267
-4875
-8378
6929
26210
-2527
10085
29283
-32438
-10141
19578
-17283
-15229
-25480
-11134
-3646
29028
21323
-178
23667
6535
-9600
23152
4486
19825
18288
9445
22381
-18821
-24450
-30341
8315
-31103
23425
20844
-19831
23030
26180
9340
-28157
29448
27145
6916
-29638
-20354
10757
-19332
-30096
-27372
2059
-15093
-32523
-31673
10769
-10653
-13533
10086
2148
-16564
18020
9850
-25219
-19581
-5768
-21886
-9788
4456
-26802
29779
24430
-27256
24459
-27789
-2169
31345
22387
15846
-23187
-21381
-19330
23931
23931
-28287
16513
-18321
20363
-2316
4678
20350
-24061
7945
25354
26628
-26820
-21119
-28155
-1156
9587
11030
-22261
3853
22004
26441
-12269
-16027
-3548
-16282
8549
-6834
18276
11386
-17027
-29821
1145
-18302
-7738
-12184
-26289
-32171
-8595
25225
-3193
8816
-9079
-1167
13169
29415
-28307
-19845
-11394
30331
7035
-16255
25985
-21145
-29810
9461
-4539
9594
-11517
-17655
6410
29700
-22980
13442
-22523
3710
-28556
14102
-8693
8973
13044
-439
31506
8545
39
1384
21859
-20655
18532
13690
-9859
-13181
-12680
-6270
-14395
-22167
-23985
-2221
31851
-8055
32391
28529
27275
29042
3698
-2073
6510
2684
-8322
17787
13179
-27007
-30335
-18067
-19825
-22028
11847
-17284
-13053
-23287
1035
31492
20541
15746
-7163
25981
-8589
17431
32524
-26099
-26893
26698
19475
-11676
10535
-15769
-23963
-22190
-14492
-29574
-6019
30339
-11144
-11902
19655
30571
17490
16984
15208
-31606
32398
-22158
25740
-18062
-11661
-29208
28782
-4741
-15234
19067
21371
-29311
-21119
1135
-28272
-21773
-9657
15485
-8445
-4343
-32757
-12796
10814
-20349
25606
-27779
10613
8472
25357
32527
-18702
587
4373
-21659
-24025
20840
30311
-429
-3740
22394
-11139
-27517
-7816
-22398
-9785
-12694
-1967
-21674
873
-31349
13704
23406
8333
28275
23408
14313
23662
380
-6786
-902
19835
20097
29825
-32406
-19309
4340
20552
-3463
-1277
14858
-23285
-21756
-7874
10883
6662
-31106
886
280
6157
32526
-4110
-8629
12307
3427
-7128
13929
13157
-25771
-6812
-24454
-10627
12163
-3208
-28030
711
-24212
-12461
-18087
-20636
10380
-16244
10354
16015
20851
-27533
-4375
-13458
11644
-8066
13179
-24965
23425
12417
12144
-31852
-8206
26953
12669
5892
-25846
-7669
-5116
-7617
-27772
26118
-2947
11382
-16104
-15603
2319
-19983
-10164
21781
-10906
-472
28520
24166
22615
26725
-23174
-6275
18051
21881
-23934
13001
-15250
-15276
5722
7779
-23411
5267
2419
1679
-1422
-910
1770
2671
3452
895
14459
27003
19585
11137
23407
-31338
25842
-12726
-12420
12804
-10230
-25076
3845
-24767
26246
-19194
5247
-19080
-6375
-7411
-30449
14833
-4275
11031
31590
-6615
12649
29799
-17833
25189
32634
5246
29059
-2696
32130
-29495
27247
4950
15195
-20639
-31090
28045
-3984
-8559
-4749
21874
18155
16239
10620
-1922
-11654
28795
17025
27777
-404
10649
20722
19019
27259
14852
14091
-7156
9989
-18367
-21114
2823
15999
27512
17690
-25586
-13296
-14352
-20402
-3819
21605
-10198
10345
-24473
-9126
31077
-28294
-9603
8067
-4488
-31614
24777
20081
24665
-8099
-8099
-24945
-25196
-25740
-2926
-30349
-9613
-1301
-22417
6012
-3970
-24454
-22149
12161
16001
8309
-2150
-5904
20813
30079
22532
14603
-2035
-27899
16963
6792
-29433
-27266
-25735
-24549
-14321
-752
-30481
29775
23065
15978
-2518
-3480
-2967
-28324
-11931
32122
-6019
-12414
6777
31362
-17973
13170
12634
9823
2652
17552
21399
-31885
19091
11123
6515
26348
-31377
892
10111
-16006
-28037
8833
2945
-21137
32413
25840
29774
-19332
-30972
-1781
-14323
-18171
31299
12681
-22521
-15490
-9605
-22757
-10993
16913
-5906
14672
6937
28006
4909
17001
25704
-15779
-31131
24954
6782
-2686
-648
25218
-20021
18292
6236
-31903
-25511
3729
31380
27763
11671
27765
-29580
-5651
-25745
-10373
-2690
30074
17531
4481
5761
-3474
-6497
-22801
-25266
2940
-20220
22284
8974
-9723
17220
-32118
11272
28287
18044
-7140
-8944
32530
1774
10577
1305
-17050
-5842
25450
24936
-1183
28261
11130
-1411
-27262
-12424
21890
25546
4979
32346
26976
23131
-3184
-31591
24948
19088
-21138
11121
-20
-4497
1916
3199
29050
-10629
9857
129
-17807
-13406
-2320
8275
-21891
-22780
4876
-30451
-9723
12355
-4985
-13305
-11908
124
-26084
12560
-11759
-22802
10321
-2790
31335
28971
-9883
-12955
17503
-26523
20602
-2435
-26494
10105
21378
-22324
-18573
-27045
-19871
5722
-26735
13465
15217
20627
-27282
-9874
25582
-7569
32380
2943
-903
-27781
20097
4225
31595
23718
24816
23893
3450
-18428
-11252
-5108
-7675
1347
-4217
-25593
-2692
-9347
24348
-2801
-21743
13806
-15023
19994
-3997
10797
-32411
-18077
-32413
21605
-22662
-387
11138
-9096
-29310
-30260
21365
-18083
21603
-1194
10898
-14697
1137
-27499
-20625
-1169
28399
-5265
24956
7551
13178
-23173
7809
21377
5228
-2904
-18705
14934
-28551
-8188
-7156
7438
15878
-30396
-2169
9736
12668
-13186
-9955
28177
6931
2797
-6319
28698
-10396
-27346
-2203
18533
-11162
23909
-28806
11646
18050
1145
28546
23246
-16776
-16032
1381
13393
16532
-13662
11381
22168
-10128
18035
-16401
-28048
26748
-7042
1146
-17285
-1408
-640
22382
17066
28140
29272
-7046
-12028
-23796
-23795
-27898
-11964
-9080
20744
-29574
-12416
1822
22801
28691
-18454
-430
286
28517
3118
-1181
-10910
-28057
-14747
-27526
-6531
8066
3193
16002
-6960
3194
-15008
-28059
-18865
19605
29344
24946
17308
-13453
22387
12785
16240
15228
6783
-7303
-18565
10113
-3712
-17562
-1363
10220
-2728
9591
4613
18189
-3060
-17402
-31932
28808
25352
-13702
10626
14622
10513
18451
4330
-19117
13852
-24480
-14800
-25243
-28832
28012
-27803
23674
-387
9090
1145
-31102
12752
22140
-31901
362
9804
27030
31138
-12941
13982
6772
-23181
2290
-16016
20092
20095
-29063
124
9089
-2688
-21396
14000
-17174
-5798
28537
7173
19725
-16115
10759
28741
14985
-1528
9850
9858
28959
5906
-21996
27112
-14508
-26082
-18076
-21967
18533
-30365
-18833
3686
32378
18558
-8063
15225
27010
19411
24703
17255
8300
32328
7064
-4182
17525
10399
31347
884
-30478
12913
-28036
22399
-19847
-1413
-1920
15745
-403
29619
-13592
-16291
26490
26885
-243
29966
-8185
30022
20619
-22007
-4743
-31356
-9952
15891
-27627
-25370
17238
20514
23397
19506
-412
5987
-18831
4966
-20102
15486
-10623
9337
14978
-8235
26241
-15256
17262
19015
28825
-2394
10610
-7261
1141
-2959
-4621
5745
16252
5759
-28551
7292
1153
-11648
10858
20663
-6936
-3492
1656
5638
6671
13071
3336
-7865
-4469
6154
-5254
-21370
4642
-3053
-235
-2331
-24745
15649
27748
-20682
-26777
13155
-24457
-2715
27770
-4995
-15231
22905
17026
28885
-8317
26987
-32399
578
-23142
-18516
32117
-7515
26229
-22411
-11788
-24719
29564
31871
24441
9596
-19584
-5504
6000
16825
6886
-9634
5499
26118
-15089
-1265
-4344
23881
16781
25867
27514
22408
-7901
-29163
19991
483
16985
-18652
-27545
-1225
-28825
-25499
-19589
22630
-27526
27518
-24703
12409
-639
32722
-26494
23146
18544
-26817
-2918
26798
-31626
30880
-2701
-9100
-4365
-14735
-27524
13951
9849
31868
3457
2177
21363
32442
28902
31069
6013
-23801
12307
-12523
4873
20815
19348
-2292
-1920
-17015
1065
-22503
-5349
31457
31067
-10458
-11926
-29636
-13460
30315
-24712
14438
-27526
16766
16257
-31111
28546
-16939
9095
5230
-20363
16190
15516
8364
6004
17831
-21387
-7564
2806
-5263
-28548
28799
-392
30844
-11136
8321
-913
-29506
15077
8032
-18822
-13561
-21485
32277
-24567
7248
18582
3085
-6528
12939
4905
27160
-20710
-23584
7260
14630
-21400
17726
-11156
19050
26242
13926
-29574
16254
12673
-29063
15490
18133
-376
-18576
9078
24378
-29539
-23630
-23689
-5722
-18828
11894
12790
-21134
-19588
17535
-1672
-16260
-27264
-13184
7286
12737
1763
9572
-10115
22279
-6126
26645
25866
-9905
-32108
-21747
-29314
3724
-5847
26137
9243
734
-2468
6443
23660
-9668
3433
-13462
18819
-16282
-16006
18558
8065
-24711
6530
9431
-24438
-24717
-5255
6968
-22626
-26700
6775
9896
-29580
14453
-19466
-17549
-19332
23167
-15240
20604
-16768
-13696
27248
708
27617
-19867
2171
-505
-2029
27670
7691
1361
-27756
-28914
-7042
-5491
-10710
-5350
-17635
24284
-4515
-28630
2921
17727
-28822
-24214
14470
-1177
-23686
18814
-16512
27513
11138
-30250
-19062
-26509
-24967
20534
22943
21681
11382
-16471
-1163
-3723
-266
-2957
-8324
20095
-12424
-29572
-5248
-17280
5487
29894
-1568
8807
-1927
20232
-4333
6422
20747
-12976
-18031
28943
-24708
-22643
32555
4380
28959
-1830
-6819
25898
12648
-6849
20330
-25240
8328
26472
-12934
8062
-15488
-26759
14466
12759
-17265
7289
-29058
-18640
13985
20155
123
-23892
16758
31866
-4873
9077
12925
-25217
-13960
-18820
-21632
-23680
-31116
1994
27868
-5013
-12420
-19192
13333
-15082
3597
1618
-8813
-30960
4476
29071
-211
-26339
12833
19158
-23968
-464
4971
9794
24681
-10646
7822
-14487
9595
-28034
-26752
-15495
4738
23515
-16750
11131
-19584
-22225
-14429
21180
-14473
26288
-12683
-4490
-16648
-2699
20605
20607
27256
19069
20096
30080
-18578
-20017
24796
879
11641
10250
12311
24855
-13811
23635
-1132
-17903
2428
-22893
3376
-28130
-13024
20693
10595
22834
17256
-14523
-5271
-1432
-24940
25450
12923
18558
4992
11130
-13183
12508
-32363
-6276
17284
-15827
4004
-5187
-9354
-21324
4468
-14732
-520
-28042
-30851
-24449
-28040
21885
30336
-28288
9839
31696
23002
-27280
-10120
3337
-1515
-4843
15630
14929
22419
11793
13691
22930
-1490
24605
-9952
-29485
9313
13618
20328
-18876
9575
3430
17814
9323
-32389
-20098
19584
20090
2946
-276
-24158
-20599
-1395
11310
23465
32716
21625
7367
4723
3446
-30214
6519
-24195
-20097
20856
13437
-24448
2177
-18571
5334
15323
2681
-6789
9224
15888
28433
2577
-2227
-8303
-495
15232
14486
23083
7450
-14308
11476
3422
13371
31084
10310
-32410
17000
-13917
-8853
-26245
-25730
11136
16762
17026
-29454
19624
17038
9619
-29908
-16725
16843
-10634
17105
16756
30068
22011
-24457
-23683
-15745
20600
19325
-31616
385
-11922
-8999
4059
23677
-2952
-31735
-8178
31760
-20974
-181
29844
-7662
-1151
-26212
30763
14618
30237
-20270
9569
32057
16490
28747
-11671
-28313
3758
21100
-16517
-23938
6272
22906
11138
-2576
-16730
28555
19347
-7131
-11092
19148
-24713
-22320
-11918
-6029
28411
-15497
-16003
-10369
6264
-13699
-14976
23424
-9355
4317
7128
26242
-20868
16394
-2546
24337
3348
-17330
-14438
18197
18053
-19814
-28115
-17637
31
20683
26724
12093
-2705
-28340
31596
2926
19375
26988
-18053
-14978
-13953
-11142
20354
26360
-24395
27290
18078
15144
30898
13781
4473
8160
-26765
25973
7676
32376
1406
-18817
4472
-19587
-30592
-9088
6775
9185
-14376
-11382
10109
-29940
11279
24082
-18921
-15028
-17001
-9706
-27006
-25683
-15823
32286
-28126
6862
-23962
30021
28015
-11176
-13462
-10389
-3651
-7316
-8069
-22914
-18049
-8070
23938
-25096
20406
6300
-8801
-4828
-3662
24786
14197
23778
-20364
-6542
15100
-4488
-5251
-7297
-10121
-26755
27776
-15232
17778
11236
31957
-16756
1402
19214
1041
-2541
3609
18766
-22632
3608
-5759
-8017
-20429
24864
19748
9418
-1432
-12733
16493
605
-9110
-9624
2498
-29587
-20613
-15490
31615
32378
3970
-13064
11196
-15199
-15196
-31969
-25419
9945
-29062
5861
20087
-8840
21756
31353
-13187
-3713
-13705
-7811
29056
-11904
14457
-5915
-31539
18575
1150
-28657
-23535
-11756
-11237
-15279
-10086
23066
-29057
-1871
-21961
-3038
-24794
-19518
14443
-8885
-1168
1378
-15509
2157
-19002
7022
-28549
-8578
15487
-13702
8066
23033
-26433
-90
26792
3869
26551
-2852
-26757
24807
27512
-18567
26108
-4487
-3715
-5505
-26249
6270
2176
24192
30584
-28953
-8759
-4976
2174
-9968
18707
14614
-32482
-4014
-9573
2077
12928
4022
-1478
7206
-1496
-13122
19053
-2736
-17552
-14746
-3731
-17810
-5943
26222
-17285
-19586
15231
-1670
-4991
-22279
16321
16808
4779
-1766
-2888
13275
12153
-1559
-11400
-26760
30204
9338
8574
-10369
-30601
-131
28032
-29312
-22922
-20247
-7481
32148
21116
-7918
18452
-2538
-19169
-5292
-8036
-10467
19072
15288
-23492
8487
1579
14267
-7570
-14001
-2705
25708
-31122
-31634
28621
-32402
-2181
-18562
1407
-17798
6530
2298
11973
15021
-6993
31768
6843
17121
-19332
-29206
28535
-5512
-32516
-19078
19838
-1921
-3466
7294
20608
32384
-19842
2539
21699
28312
29312
-7661
-2284
23321
-8670
10327
-13666
4129
-18049
-17222
26944
-19670
11566
-30538
-4752
-20647
29300
24430
-20627
-13456
29392
-11666
-6021
-10370
28798
-12678
-2943
-31753
-11582
-3157
-5201
28949
17850
-15647
-25475
-27676
-15493
-17795
30716
-29574
31102
-18305
-8074
11134
11392
10624
24440
24043
21690
23955
-132
5907
14362
-16099
-19933
21086
29090
20003
25727
-29259
14916
11053
9521
3248
2674
12634
-5264
25195
-11665
-25488
11982
-30610
3964
-32386
18814
-14726
-1151
-30998
6584
-1374
-29528
22289
-330
13532
2430
-19754
16766
-24706
18940
1403
28286
-7297
8311
6782
8576
4992
-8332
26347
-24402
10123
25466
-28908
26149
-22746
-15839
-17819
-1119
-2268
9083
-22613
22089
-4558
13622
-27739
-9611
-11434
25198
-4250
20591
4206
-21561
-5266
-645
-23170
18302
-18822
-13183
21992
-3143
7589
9642
-9970
-329
25569
17283
-23852
13694
-2174
20988
30843
25982
5504
28534
24190
12416
-7297
-5767
13292
-28762
9613
-1156
-22762
4392
13354
18980
7529
25507
-21209
-16006
-17492
-16052
1078
-5320
14750
-3721
-20642
-19855
19049
11888
-31886
-30519
367
1404
-12930
-26243
-18310
-21375
29410
3242
24724
-3680
16
-18508
-13350
29305
32198
-23692
15730
-22533
-28549
15230
11648
20342
7806
-15489
-9089
-6031
5103
-9036
16278
12663
-18665
16425
-6103
-26076
-4762
8605
-18394
-28037
-32344
-24503
26677
14906
-30303
887
-28073
-25748
-23453
20077
-17045
-22088
2671
-19589
-7298
32381
24698
18049
15083
11454
8362
-13393
-16628
7866
14049
-15744
32472
8832
-14720
29948
11132
22142
11136
23414
-23938
-7809
-5505
10102
9455
14241
24464
13434
-32743
24362
28204
25896
-18069
5798
13355
-18822
18864
-17072
-8391
-10947
8087
-23686
14688
21360
31343
9586
-911
8656
-28817
-11397
-11394
25469
123
23681
-20501
14017
11437
15281
31243
18364
-22298
-5245
-7975
-6017
-11390
31228
21116
14462
10880
-2443
-19074
-22657
-6017
-22920
17904
5275
-109
8828
-18150
2604
814
26410
30317
-23385
25645
-26758
19122
31571
-24773
26686
26002
-6788
-28824
-11919
25713
31857
17266
16850
-28049
-18821
-6786
-4228
5243
19585
15085
14275
13231
-21069
-16630
-22083
10981
-27263
5596
18050
24707
32508
23164
-18306
13952
-19339
-28034
-31361
-2177
21873
-5391
11417
28565
-28041
21021
22830
-13522
-19412
27247
25256
13103
-3718
437
28757
22845
31553
28047
-131
5222
13678
19573
18291
30576
15317
-24465
12412
2943
-19076
-7046
12417
-16148
453
-13902
-22088
18185
-28482
31207
6531
-22563
30594
-8573
-31236
-4484
18302
19072
-20875
-642
29567
-24193
-21129
-19982
-3182
-26217
123
11294
-27601
-31183
-32720
-22672
-8792
-28366
-16774
8629
3928
-18112
-20156
-7800
-29569
15724
1650
-23946
-11406
10099
-297
6000
-11397
1407
-19332
22651
9857
27373
-23610
17075
-15687
-16120
-321
17642
19587
-5668
20351
-27263
-31236
25213
-19586
18304
-19595
-130
-20865
-13953
21626
25075
-30832
14747
20604
1824
-3535
-28110
-5839
24945
-27476
-28876
-2692
32693
27482
2115
73
18566
3458
1394
-7053
16759
-143
-32400
-9256
20336
7292
-1922
-30084
7035
30849
-19219
-6716
-9038
18617
-18936
25535
-12570
-899
23772
10623
23166
-30468
-24451
-19842
7296
-30859
-19074
-17793
-26753
14452
-27660
-31596
925
-21897
25378
14132
-5067
15667
7027
27563
-9163
-28292
24759
29787
-3261
16200
-2427
-32383
11373
-31888
20345
-9357
3954
-1062
-32144
1404
-11138
16252
-1158
25217
-26643
25799
-27980
13497
-19449
-12864
7146
-11647
-5923
-11906
30592
-29956
13182
-16002
4992
21621
31615
-26753
-20609
-11655
4597
18574
26016
24442
-8926
-27596
-4296
15414
117
7852
-16072
-14469
1208
10846
13638
15689
-23168
9347
8052
-13965
-29061
4211
30067
-2852
21361
7548
-13442
5500
-20613
17537
19183
4298
2489
16829
1287
4802
11244
26754
-11809
23679
22913
-29188
14718
-3458
20864
20085
-29057
-22401
-15233
-23944
1782
20874
-14173
3962
-20700
30518
21305
6970
886
25260
-11206
-3973
7611
8032
26696
15949
-16516
32388
10872
-8078
-11139
13171
-22925
16607
-15760
13692
-10370
13692
-32389
17537
-19985
-13110
27065
4798
-26362
-14910
-24598
29568
11745
-29056
13695
-28676
-20610
-1154
2176
11381
19327
-16001
23679
23670
-13834
-18040
-5212
25464
-26074
-24521
4154
24891
2935
5036
-2245
28027
-11589
20833
29258
1359
6010
-1660
-20107
-6287
28287
-16781
-17295
-24864
12145
22908
-11906
-8581
20603
21121
26351
-16435
-14915
-1086
-21499
10180
-5650
10628
-6175
3456
-3966
-28420
12159
-6530
2176
-5772
-22145
-22913
-23169
-6788
-20489
-384
-24408
-12677
550
-15819
-2245
-30913
-4237
28321
10301
13177
-29254
-672
-3767
25679
-13965
-13947
-18305
4725
-22401
-11663
-140
-17952
-25999
9340
-6786
-19077
-25733
27265
-18703
-1329
-13378
-22077
29189
5318
10479
26499
13796
-22400
27010
-26884
25471
16255
19328
-7820
30591
21119
-19841
-1417
2296
11391
-27990
-1160
27689
-1735
32060
28737
-13447
19374
6208
-14470
17600
5990
-19123
22866
10354
3208
4992
21363
-29821
27763
-397
13284
-14735
23932
639
-28549
-20613
385
-30735
-1840
20160
13765
2053
-10554
-25106
-23934
-19483
4225
-18814
-27140
23935
3199
15232
-28044
26495
-29313
-25729
-10123
-13320
-19076
4526
-6793
-19159
-12743
4155
4931
-5256
6316
-25281
-1161
19648
20326
29518
31571
-3474
8073
25983
8818
-25723
8818
114
-18971
-21647
20604
-6018
12923
-29061
7553
27890
19411
14532
-22584
26116
3784
23794
12679
-22299
-24961
-24956
-27396
-8321
19583
25728
25204
-18817
17023
32127
31866
19193
32118
-22606
-31110
-10198
14650
10044
21575
1402
-18260
12867
-22410
-1087
-4248
-31919
-939
27241
25482
25737
-11916
9351
-6031
-21132
-28441
-3727
26236
1407
-7302
-21381
-4736
16884
-23851
11206
-2614
16388
31177
5106
-22653
3304
31616
30081
-27652
2432
24191
32128
31860
-15489
24959
28799
28532
-9479
-12427
21684
-12170
45
-21445
11323
-2231
-20614
29868
11333
-18058
27076
-15766
1363
3673
1128
27787
-14969
17009
18570
-5518
-5006
28137
626
30844
6527
4987
-19077
9345
17141
-18216
-18230
-31281
-7421
7371
17907
-1406
-23574
21376
10881
-27652
-28800
25727
-28800
20084
-8321
25727
-16769
-18314
19194
9586
31928
-906
-26578
1340
-3269
20557
-15749
-84
-27834
-9610
4294
-18068
-31660
23385
22628
21900
17036
27762
-6004
-2703
29809
-22294
-19854
-29572
14463
-24966
-3461
6785
-9740
-4648
-4150
-19505
32003
-29749
12277
-21883
1514
-3969
22403
-27652
-14720
25215
-28288
-8589
9344
-29057
-21633
-26248
-26118
16237
27066
13688
26416
30526
-16834
-15792
-11907
-21331
23113
8566
19399
2415
-8362
25691
-14241
3214
10899
-5773
-20851
-17039
16498
-9493
-27278
32124
12159
25978
636
14465
13045
-11048
18378
-5425
28675
-12085
26611
29826
14826
11648
-13440
-28164
-13440
27263
-28544
5748
-897
28543
25727
24688
-6
11630
-2118
-16525
-6093
-7616
6208
-10416
27006
-1107
19274
12406
13512
8048
-13737
26205
4191
20879
-14963
-11665
28560
-16782
-2705
3821
-23438
-32132
12927
23418
-6277
5505
-27148
17370
25036
-22319
4611
14285
-2572
-20861
-20757
2943
-32639
-28164
25217
21375
-9600
-7053
-641
21887
24959
5238
17915
5737
-27203
-6795
-460
-2495
-4543
12116
-5505
-25938
13133
-396
-2616
-6286
18522
11872
10074
-26736
10900
-14734
4242
-28303
-20622
19438
6003
11132
32383
11386
-8837
1409
-1034
23518
-27183
2773
-10750
-23346
-15370
-31612
-17171
-26497
22402
-28676
-13439
-10113
-19328
-10381
10624
12159
22143
-4746
-30469
-7068
-14143
19318
-10698
-446
-1470
-32422
-22144
-8273
15697
-32396
27852
-27786
20062
-4765
-19882
17298
-8038
21363
-12140
-27280
625
30703
31603
-13700
24703
6522
6268
-8832
32503
30942
-17455
30166
-17918
14287
-19979
-9600
8687
-31616
-2433
-28932
-1407
-28801
27520
-12685
12416
-26753
24959
-21134
-13061
29028
-1598
16755
11321
18756
21059
-9381
-18303
10159
-15535
29300
-25907
19575
9055
3173
-5804
16019
-28777
32625
-4457
15985
1904
-3856
-17037
30588
-6786
-4487
12156
24193
28150
-27936
212
-30760
29186
6096
7927
2181
-17169
-9600
25475
-27396
-31102
384
32640
-1677
32640
28543
-30849
2681
-9477
15453
-9533
-7818
20282
10053
-16571
-28321
30082
-12113
-25003
-11917
12748
31866
-31902
-15768
-23217
26772
-2402
15221
26776
-21136
-26255
13297
16756
125
7295
6778
-30340
7297
-7176
24803
-5929
24028
19714
24786
25848
-13691
-18447
-3967
-27005
-27652
-18302
-16513
-19072
-5005
-30080
9855
13695
-26250
16380
1626
1737
20853
21567
5704
14663
-12187
-22395
-11599
-31143
883
-12078
11390
25701
-24213
-28596
-12906
23716
-2189
23198
17777
-16527
30963
25204
-14468
22911
-4231
22396
-7552
761
-11549
-9513
-12837
12290
22227
-4105
13956
18930
-29054
3458
-29188
22659
3712
-31360
-31117
-22912
-642
13439
30836
25852
27736
21962
8052
-7103
-14775
-16056
22376
3462
-27215
-2213
18803
19155
-10881
-18585
-28562
-25015
1432
-12894
16499
2208
25457
-5264
8436
5493
6781
14975
-31367
30076
-9088
-12041
-16923
8666
3039
-2047
4051
-29703
19848
-7951
-27262
-24955
-29700
28291
11648
-24960
29811
-13184
4223
11903
-10372
28924
30799
17611
26232
-702
-30901
-32693
19820
7560
30641
-16289
-23950
-23855
-20349
-918
28017
-3518
-30823
30380
30584
12960
1393
-26508
15860
2677
11389
22655
22137
-27524
-5248
26360
26598
-6181
19424
-5375
-2349
30201
-25209
31475
12164
-1147
-29956
4996
11904
-23680
-30861
-11392
9087
20607
15735
-27652
-27315
-9012
20341
25414
-15027
16716
-17554
3977
-8015
-21663
-32142
-17197
-4476
-15508
-28557
8769
-16742
-8021
22645
-2909
-2703
-4751
14581
30581
2941
22911
13433
28796
-8576
-26888
12007
28636
19937
-11007
981
25849
-12922
28404
1157
-635
-29700
14212
21632
-19328
15219
-10624
-3202
16255
-16778
-20484
-20662
-3890
-29836
21578
-9905
24141
-14735
8586
6578
11619
-31118
-26924
-13434
28782
20597
-964
-31332
17068
9589
21415
-29070
-30094
8694
-12939
12669
18559
-22920
-26756
-29312
27896
-25879
-13601
-32285
-17151
-21546
-8710
-26741
11765
-380
-631
-29956
-3196
13952
-7808
13427
4993
-16770
-1666
1659
-16132
17475
19921
20087
-21940
82
29776
13944
-17780
27315
23656
-11407
-27179
13195
-32398
-5000
-5577
-21090
9398
-12169
8618
14707
2166
6391
-29066
11901
-31361
-23944
-13956
32128
6649
-31254
-21024
-26396
-19199
-17449
-23046
17033
22262
-32122
-21624
-29956
-11388
16768
-9344
-12429
3713
8319
-10114
22901
-11012
3137
-11822
21108
25169
22868
-1456
-13447
-27762
-4685
17770
-2191
26584
-8820
-1165
-17541
-20427
-10593
-28749
9077
-1363
-6540
-3212
-10249
23926
7293
-29057
15737
-17796
-21376
-29447
32748
21220
15079
-22783
-6440
3323
23177
3831
-25465
31625
-29956
29829
31616
-14464
15987
17793
-12162
-13442
-21640
-7940
-9414
-4141
23669
29012
-32170
-32685
32128
5264
9908
10095
626
23769
-1648
-4487
8576
10288
5794
25272
7287
-22352
22389
3958
-29960
1911
21885
32639
29560
1405
32640
27130
-10002
-21274
-4887
-24831
9178
4092
20108
-13065
-20089
-21109
-29444
11654
-25216
-11392
13427
-32639
-11394
-13698
-26245
-4868
10292
-10794
8055
-19624
32345
28758
20871
659
-32074
19061
8562
-18724
21654
-20867
9348
20267
-30556
-28735
-25223
-22348
4215
-31880
6649
-28297
31869
-32385
-31624
11645
-24960
-23814
-17425
10216
25579
-25087
-25893
-17413
22409
-23304
26760
13705
-28420
12934
30592
-4224
1907
-31103
-16002
17534
-13196
-2820
1075
-6441
2675
23646
-8100
8792
-15222
19604
-19017
8568
-11918
8414
12697
-25983
-16248
27945
-26714
-15938
-2443
-8264
14456
2166
-9991
-20873
30077
-25729
13432
18557
-28800
-22022
10225
8426
8172
-26111
13276
24828
2700
-6663
-20599
24203
-28420
-12154
31872
-17536
3699
-18047
-24450
-28546
-2181
-2052
-4821
16601
22646
19811
-12704
-23714
-22895
17560
-5702
3968
-26508
-29473
31390
11911
-16500
24355
-29272
-20282
19835
-16450
634
-2950
31482
8056
15741
20607
10104
28285
22400
16379
-2574
28908
-8210
-26623
5086
-10244
10381
3834
3210
-20852
-28676
32391
-16512
1665
8307
-6271
-5762
28542
5245
-1028
27432
1756
-10634
18279
-19101
22113
-7017
6811
-15940
9862
25204
-1566
13219
22923
7314
31264
10667
-9524
-1157
5057
-12679
28538
-11526
-10120
-27267
-21377
8056
-28547
-29824
29179
-6157
21742
16112
-26623
-32033
-16644
-2423
11003
-12149
7306
-28420
-26489
-896
-10368
-13710
2946
-16770
-16002
-31879
-260
14118
26334
-7565
-5265
-4249
-4509
-5220
-18788
15549
32649
24181
8421
27302
15247
-15467
-4323
29101
204
-16774
-16954
13435
-4232
13819
-13960
-15747
29823
-29065
-12419
-31104
22523
28917
-18448
21234
-26879
-32032
12541
-32115
-10757
16268
-21619
-28164
16264
12929
-3712
-10638
4226
-22146
-31106
22399
-4
-24800
-20512
-12682
-1423
30057
-13208
-16988
26271
27070
2961
-21644
22245
-6485
-10603
-25957
-21223
7087
32212
28030
-31029
21628
26494
-31237
31865
-2947
-27777
-16009
-20099
31360
-31493
17398
-19727
4083
-26879
-7199
21501
-20594
-5637
-11124
3727
-28164
-10872
-7296
18049
-13966
18306
30334
23934
13950
-4
-31970
31714
4214
27255
14189
6762
-5464
13985
29119
8852
-6540
-23065
8623
-2665
-2403
-5865
-24655
-26154
-28035
19149
13180
24189
-17413
3706
-15491
-9601
16759
-6275
16768
23547
-29194
-783
-9741
-26879
24034
17917
-12660
17916
12685
-18803
-27908
-18296
11649
19841
-17550
31362
-30850
18558
23676
253
-18660
28899
-25740
124
8304
14188
-13910
674
-12866
14742
15989
-7705
-1872
-2151
4769
-9707
-16718
1750
637
-2865
-24452
-29828
-6149
1402
-3459
-1665
11127
-1411
18560
16891
-32265
-1293
-29707
-26879
-18206
-28163
-1648
23804
19341
-2417
-27396
26249
25473
12929
-25742
-27006
31102
29054
1668
253
27416
-5915
-6024
5759
16754
11376
-79
16293
-28224
23197
8820
-14872
26037
-27489
-19546
-27374
-19788
-2339
10626
-4655
-12164
5760
3068
-29318
9598
-1409
-4490
10622
14976
18939
-521
-29452
246
-26879
-27421
-29699
-1905
-26372
-18034
5265
-27140
22922
17281
9345
-27534
-21374
26494
19838
-32386
-4
31511
19431
-2955
-28796
-9867
11890
-20555
30886
-26176
-31585
-14220
30954
-3145
-11103
-4184
27409
29622
-27939
19839
30676
-1411
16511
11260
-30853
4478
-3713
-15498
14462
14208
4859
9976
-268
502
-26879
-6429
-28675
29071
-16900
27023
20368
-26628
-31350
18561
14977
-29326
22403
16254
14206
18302
509
30997
12008
19829
-5497
-26504
18804
16567
5288
16833
-11103
-17548
27626
16313
20132
5034
-30449
3512
19934
4991
-22570
25470
12415
17148
-24197
-131
-8321
-29834
-14722
-4481
7419
6649
-20234
8183
-27135
13541
-18947
-4461
-5124
-370
-16493
-25604
-19574
29057
20609
19058
11651
22654
4734
-25982
253
-16878
31210
-18569
30348
-18821
-5514
-2629
-6230
-9790
7335
23412
-16916
15038
-15191
-9811
-13555
-24134
-20764
12930
-14632
-12930
7041
22780
-2949
14974
-3713
16502
-17794
7040
8955
27129
14071
3064
-26879
-28955
-21507
20625
8957
-24688
-3182
-25860
1419
-23935
20097
-24718
2179
31870
4734
15485
253
-8943
235
-17804
28049
-3202
-28808
-29505
-31316
12483
-7511
17525
-10515
21952
-27220
-21326
-8180
-29253
-19486
19327
24284
-11136
-13696
26876
13948
29566
-4993
26230
-26498
12160
-3590
-19719
4344
16120
-27135
-22299
-17923
-2160
14589
-12912
-7279
-26372
29067
-6015
26241
-24718
9091
-18818
-899
2688
509
-20465
7404
-29323
6037
-3455
10364
-4669
15022
18627
31918
-14988
13806
5571
-19280
6580
-4598
23229
3814
17537
-5411
28289
-31358
28412
-19588
-27266
5504
8310
-17026
27776
-19974
25594
-14600
17145
-27135
-29722
-14851
-24173
17917
-23920
16788
-26372
2956
3970
-31359
31858
23683
23934
20094
31362
253
-19443
-11539
-5514
-23400
5253
32127
-8248
-13136
18628
-5965
-26252
12783
-13113
9140
14266
31753
29631
7402
19587
24543
-23678
-15740
30204
20093
-17026
12672
-10635
-4994
1920
-22022
25082
30968
11257
-27391
-12314
-16899
12432
26365
-10096
19089
-26116
4492
-1151
29569
26994
30595
28542
-1411
25467
509
27405
32238
23922
8349
-12665
8321
-16182
-21583
17604
693
17269
27376
28360
-77
-23366
-760
-32064
-27417
-23681
-5407
6019
-4735
31484
21629
-19586
10368
-23947
3455
896
11514
-19718
-21511
-8199
-27391
17639
-14339
7058
30717
18577
-1134
-26116
-17268
6786
20865
-31118
-31613
15486
-7043
21889
509
-10229
-8977
19061
-17503
17546
21124
-12082
-23885
-15164
27833
-5004
-28944
8907
-18247
-23362
-13817
-30782
10987
28803
11491
9859
23940
32252
5502
-11906
13184
-21387
18303
-3969
8954
763
5370
26362
-27391
-7961
-13315
-26221
-30979
-10096
28819
-25860
-8564
-3967
-25471
30322
-24445
17022
-10115
-15998
509
-16118
1265
-20875
-26460
25740
-17273
9938
7349
19909
11709
-17804
22513
7118
-19012
-9534
-3578
-17469
-5395
-31612
-24348
-32125
10117
-32516
12926
-23426
16256
22645
13951
3200
-19719
6139
23034
-26630
-27391
29415
-13571
14479
-26627
17552
-20593
-25860
30605
17794
-21631
16242
-17533
-4483
-14467
10111
509
12042
-16655
4979
-28247
-28272
4233
22228
1974
453
24766
-2188
-12559
21967
-20034
24516
17926
-11836
-5140
-11134
-13338
7044
-5757
-31748
-16002
5759
27776
373
16767
-29569
-32519
24827
-12806
-18438
-27647
1768
-12547
-28270
-25603
-20848
11666
-26116
-10611
17538
15233
-30350
-14461
16254
15486
24965
509
-15608
-8462
7286
-24405
-4463
-5236
23511
12728
-9275
-24126
20340
27634
-29230
10178
19398
19973
-23354
-14864
-11642
-26649
25732
-9083
-31748
7551
1151
-8065
8821
-27009
-9601
11513
32763
5883
1531
-27391
-3353
-12803
8083
-23299
-24176
31890
-25860
6030
-28798
-25727
21106
132
-12419
-1667
16515
509
24840
23027
11125
28334
-28012
-25203
-5928
32697
15814
9924
-19084
-1294
-557
9412
24520
1029
-22329
-26896
-20347
-5400
4741
-17530
-31236
-31617
4991
22144
-5772
-19329
-27521
-23816
-20997
26875
20219
-27391
-23833
-12803
-6512
-21251
32400
1938
-23812
3726
31106
19841
28530
-20605
-7811
-9091
-9599
765
-17401
-25613
628
-6478
-15976
-1905
-6951
-18757
-25145
6854
25973
31475
11990
-19514
13515
28420
-28472
-25104
13701
17898
-22139
30342
-29444
-31105
11647
4736
-18828
27263
29311
32248
-8453
-19973
-31493
-27391
-8217
-12291
-30060
-18947
5264
20371
-23812
143
-30846
-20863
24690
19844
2942
-16003
29577
509
-20986
-9740
-4489
-28492
3738
-13933
6110
26301
29640
-14134
-6028
21491
1753
16841
17869
-14077
11978
8692
-5239
-8469
16262
2955
-29444
29568
14207
28544
28276
-5249
-27521
26104
-5893
-20741
-31493
-27391
14056
-12547
28562
-17923
11151
-16239
-24068
-4978
-18558
-13951
31858
10116
-3715
-14211
-8830
765
-25082
25077
-2445
-9545
-26980
-19052
28639
-27458
5577
-3381
23413
-26892
2522
2762
31182
-24061
5579
-26637
25478
3565
-12411
6280
-29444
14464
25215
-28288
-30860
-23937
31103
-15113
-8965
-20997
-20997
-27391
29671
-12547
31377
-20995
-1394
15504
-24068
17551
-22654
-21631
-32142
2692
-9347
-9347
-31359
765
23814
246
1139
-12359
-24674
-4970
15329
12734
-21305
5069
373
2036
11994
-17462
-27440
18179
17867
-22797
-31355
-15381
-25469
-10876
-29700
-12416
22143
30592
23156
-19073
24447
15863
-1541
5884
-15365
-27391
-2841
-12291
-20331
-20227
31630
-17517
-24324
-21617
-20350
-31103
-31118
26756
-7555
-23171
30852
765
-6139
-8970
-10380
32443
13983
11673
-31261
1215
-30778
11216
-7565
-28684
14556
-27954
28114
-510
20940
-14603
-30073
1260
-7550
-5498
-29700
9601
28287
18560
13940
-385
28287
-12297
-9989
-13829
-21253
-27391
5096
-12291
-14959
-20483
-2930
22417
-24836
-22897
899
-16255
-17294
-29308
-643
-17283
15483
1021
3079
5880
-17297
11963
11678
-24175
26081
-14661
8130
19659
6511
-21515
-14375
-2358
-21040
-32253
1740
11507
21121
-22549
-11650
21630
-30212
23681
-23681
-28544
19316
14464
28799
25847
4348
8188
-1029
-27647
-10776
-12291
-4974
-17155
-25968
14482
-24836
-625
8067
-9599
-21390
-27004
-18307
-13699
21888
1021
10246
19704
-1423
-29251
-7776
8084
10723
27581
29635
-5939
11375
26101
-15908
-20531
-1838
2307
-9523
5877
-10364
16877
-5759
18819
-30212
-6271
-9857
-26752
8564
16000
14719
-6666
8956
-27908
13564
-27647
-22040
-12547
-11116
-15875
11920
27539
-24836
9360
7299
-15231
28786
29828
-17795
-20355
30338
1021
-22523
-18440
3699
3008
-17246
-11881
-5147
25023
-26173
14546
3695
20214
25054
20946
15830
-14078
-12850
-24842
-635
-25106
-7551
-32124
-30212
-12415
-10369
-25728
-15501
2176
19327
-24586
14588
-27140
21756
-27391
-27160
-12291
9617
-14083
17553
8081
-24836
16016
16771
-11647
16243
-28284
-3715
26749
-29573
1021
26885
-19720
-4242
-15932
29606
-11367
-7194
26561
25541
18899
8049
22519
6368
-20270
15831
-24574
-17969
-10763
-8318
9713
-892
-32381
-30212
898
-385
-22912
18548
27008
-24449
24566
20220
-10756
25084
-27647
-22296
-12291
-20845
-13827
19857
-25710
-24836
-14192
8835
-22911
5235
-4732
-20355
-31619
-4223
1021
-7676
-1800
15730
6343
-11608
15006
-4887
31171
-29754
-18473
-19344
-28937
29922
16598
-24359
20738
-2352
-31497
-12922
-9487
27012
-1659
-30212
-24446
-5249
28032
5492
-16768
4735
12278
24828
-3844
-31492
-27647
13289
-12291
-1388
-13827
146
-18541
-23812
5777
24451
-18815
2163
-4476
-12419
-26499
21123
1021
-25596
18169
11891
-16183
-11093
-22879
32491
-17212
-26426
-3879
-29584
-22024
26340
9688
5596
12802
27090
-29704
-7801
18418
17029
-32634
-29188
-4990
6272
-25472
-3981
-15488
23167
17909
25852
-3844
-31492
-27391
-7960
-12547
32401
-13315
19859
10642
-23812
14481
18307
-16511
11635
-15484
-22147
15997
-13697
1021
28676
20729
-6800
-32564
22958
-9055
28907
-12859
-31289
-16678
-143
-23560
18661
31960
18652
4610
28883
1528
20614
-13581
-1659
14469
-28932
21379
-1153
31616
-9101
-26752
8831
-16396
29180
15869
-18436
-27391
-30744
-12291
-4972
-13315
-5741
32149
-23812
30865
14979
-22655
15475
-26748
-17283
8829
21126
1021
2052
-13063
-29069
-24626
10672
-7257
24046
5064
-21560
29407
31601
25848
24551
8157
5856
-8447
29396
-1543
28042
-24076
-11386
13705
-28932
-14973
-5761
28288
-16525
31104
15999
7412
30716
18941
-14852
-27391
1257
-12291
-15467
-13059
-29293
18837
-24068
3218
19587
-127
371
-1404
30589
23165
-17533
1021
-1533
-775
-2702
-13614
20915
-28760
23023
10185
4809
25568
-19855
-30215
-25624
7390
8673
-11007
31445
3578
3209
18933
2951
10120
-29444
22404
5504
-13440
26739
-10880
-2178
26099
31996
25341
-8964
-27391
-8216
-12291
-2413
-13059
-29548
21397
-24068
12434
-32637
-10623
32371
6789
-23939
22909
24450
1021
-9725
12026
11634
21973
-28490
4523
31728
-23095
-10808
-20767
13682
19705
-15383
1248
-19485
-16127
-28970
762
5768
-1291
17543
-7033
-29444
-32124
27008
-16512
-25485
3969
4479
28914
-30980
-31235
-4356
-27391
21992
-12291
26008
-13059
5781
5784
-24068
18322
-10109
-15231
27763
12677
-14467
-23171
10378
1021
-22525
29434
28278
-3370
-5192
20400
9714
19404
7113
-6171
12913
-27655
-9493
12771
230
-20479
22231
21243
-5748
-10
-3449
-25204
-29188
-16252
-20608
-19072
24691
1153
12159
-1807
-30212
-30723
-5636
-27647
1257
-12291
-5482
-13059
-8811
-12137
-24068
21906
-15485
-6271
30323
3461
-6019
-32131
23684
1021
-24061
-20742
-9870
-6695
16572
-849
27378
1485
-21047
25318
20850
6394
-13844
-17437
-10011
-21503
-5672
6907
14218
-13065
-19064
7818
-29188
-12412
29312
-12928
24179
-7808
24447
-18960
-28932
-28675
-2052
-27647
-23320
-12291
22934
-13571
-1899
-24169
-23812
-11886
-17789
-7039
-21645
12933
-19843
-29571
-5501
1021
-29437
-6918
-23438
-31012
-14402
29363
-19213
462
-19768
-10009
3698
2042
-11027
-3100
-16153
-23807
-22311
29179
21898
4856
-19320
-375
-29188
30597
-28544
-15232
13939
4481
9087
-10257
-27652
-20739
2557
-27647
31208
-12291
-7526
-13827
17046
-21861
-23556
11411
-14461
386
31603
30341
-31107
13693
-31096
765
31235
3835
32117
734
17857
3768
9205
5072
23242
-22
30066
18682
-29201
-29464
-7446
-25087
-8742
12796
19853
-23816
4746
-30835
-28676
-11643
-23936
4993
2931
23681
-6018
-24593
-27396
-21507
2813
-27647
16872
-12291
-25705
-14595
-6763
20632
-23300
20115
-7037
-5759
-10893
30597
-28547
1405
5763
1021
29955
9211
15986
-24095
9925
17848
-19723
-23344
-3383
18411
-32653
-21766
16624
-28952
-26133
-25599
25563
-12293
28810
-26887
1676
-26484
-28420
15494
-22144
-12416
14963
27521
-6786
-32018
-25860
-18435
4861
-27647
4072
-12547
2967
-14851
-3435
14231
-22020
-29549
-15741
6018
116
30853
-32387
19837
11910
765
27139
21499
-22925
9443
456
-13125
-32010
1234
-16694
-11796
-20367
32762
-24847
-22806
-25876
-26367
-11812
23548
-25972
-8455
24972
-28275
-27140
-21114
-24960
6785
10099
-30591
-16258
-25619
-26116
-17155
4861
-27647
-24601
-12547
-28263
-16387
-5995
28569
-22020
-8813
-2173
9090
12916
6021
32381
19581
28552
765
25859
-31493
-21900
12517
29129
17854
9463
-16684
25547
-26898
13427
-3334
-21006
-24597
28397
-26623
-5667
-13060
31886
28410
-16756
-24178
-27396
5255
-8576
11137
8051
23681
-16514
-6676
-26628
-15619
6141
-27647
-538
-12547
3989
-16899
6549
21909
-22532
-14701
-6269
14722
13684
16005
-23171
8573
-28799
1021
25347
-25605
11376
-28441
9165
31166
-23305
-2092
12236
1263
14452
2043
10739
16365
2031
-26623
32222
-29444
-6006
-11014
-29555
30347
-27652
13703
-10624
16769
1395
26497
-7042
4587
-26884
-14595
6909
-27391
31462
-12547
13207
-18179
14997
-15721
-22532
-8557
-8061
-3967
17012
-24699
27261
27773
25991
1021
24579
-18949
24179
6376
19406
-2366
28408
7127
32459
1521
-11149
-8454
24820
-12818
-28432
-26623
-27425
253
-31602
5371
-28531
-27250
-27908
-32121
-7808
1153
-7822
642
-22658
2538
-26116
-14083
7933
-27903
29414
-12547
-20072
-19715
27797
23448
-21508
-24684
-6525
-32382
13428
-32123
11645
6525
-13432
1021
24067
-8709
6516
-11031
31696
-10556
-2056
1240
15308
-5647
628
-13062
-8716
-22289
16369
-26879
20448
9469
27023
-31493
11662
14736
-26628
13192
-6528
-31103
-31118
-16255
22142
-11799
-25092
-12803
9469
-27391
31206
-12547
30868
-20227
31125
-14444
-19972
6805
21380
11906
18804
-9339
15741
9597
-14972
1021
24067
2556
-1424
13805
10709
-32056
-18951
-3880
25292
-28429
19828
13051
6646
-23055
-32013
-26623
4578
13565
-18291
508
28301
31117
-25348
-27512
13953
14977
26738
5762
30846
15336
-24324
-11779
10237
-27647
-8474
-12547
16536
-20995
-363
-9064
-19204
27030
24708
22146
28276
1158
-30595
-1668
-630
1021
23811
13820
-14477
-17682
-31528
26830
-28422
-17957
8397
9206
32115
31739
-29449
29428
-23819
-26879
-4125
-26627
-4207
18172
16782
-880
-24324
-12407
19329
19329
21106
23426
-20354
-26
-24836
-11779
9981
-27647
5095
-12547
7833
-26371
22165
-14185
-19204
16535
-31356
29058
-1165
32390
21885
-388
21384
1021
23811
19964
-20622
-12048
-27941
25040
2299
-6180
26573
24311
-16525
-24325
22520
26869
-17418
-26879
13541
-24067
-25456
-23300
-1907
3216
-24068
16778
28545
26241
-20879
-19326
32382
4325
-25348
-11779
9981
-27647
8934
-12547
-21609
-27395
-11627
-26729
-19460
11416
-9084
14466
19828
-5498
20093
-18052
-17275
1021
23811
23036
-22160
-27150
24286
14546
23291
9182
-5685
13560
17779
30715
-3080
-31498
10487
-26623
-29467
-22275
-4465
-8452
-4467
-369
-23812
6539
-21375
14209
-22671
-3966
24446
27363
-26116
-11779
10237
-27391
3813
-12547
-18533
32509
-9323
9370
-20228
-10856
-16764
32130
27764
-15994
11901
-3716
12429
765
23811
25340
9845
-14
2015
-4139
-26629
-15906
-16180
7673
-28814
13819
28153
22775
-3337
-26879
742
-16387
-1645
-2564
15757
-8814
-23812
-20085
-22143
29057
-20111
3971
14974
-21279
-26116
-12035
11261
-27391
20708
-12803
26777
21245
-13932
-17001
-19716
-7016
1669
10626
-25484
-19834
-2436
-8068
-4986
1021
24067
26620
-3728
-25100
-32543
11990
-16389
10717
31433
4089
20080
4091
-29703
-15881
-25096
-26623
-28699
-18179
10640
-260
-16244
10895
-22020
-373
-7295
18561
-26255
-3454
5502
-19489
-26372
-12035
11261
-27135
18915
-12803
-3177
27645
-29549
-14699
-20740
22681
3461
29314
-4748
12423
24189
-4484
32644
1021
24067
29948
-20369
-11789
-22561
-6704
-20741
-15908
-16954
-20488
-29842
-11014
19449
29943
7160
-26623
18661
-17667
-11122
-9220
-15735
-19061
-22276
-30580
-9599
31105
-11151
-30845
21374
31197
-26884
-12035
11261
-27391
2531
-12803
7580
16637
26516
154
-23812
-27495
7301
27522
3189
-11386
25469
-14980
13960
1021
24067
31484
-13199
-10764
11489
-28205
-2309
11998
-21561
32249
11886
27642
-16391
10488
-23048
-26623
-32538
-14339
15505
1789
-10358
-881
-22276
4237
2946
27777
-21135
18563
19582
20701
-28420
-12291
11517
-27391
-286
-12803
-16743
12285
18325
16792
-25860
15258
8581
20354
16501
8071
893
-7812
-11391
1021
24067
32764
-19858
4854
-19484
-17708
8188
-32546
7878
-1543
30062
-22790
5626
-25864
11513
-26879
1767
-15363
-27507
14589
25483
-25972
-21764
-18803
8578
27521
-25743
-31869
-6019
-23077
-30468
-12291
11517
-27647
25058
-13059
11930
6909
-14698
-2408
-29700
-4710
15237
22658
4213
26503
-10628
-19076
17541
1021
23811
32508
3696
1527
-5658
18905
21244
-19489
-26939
-7430
-7315
26362
-20998
-26119
-6151
-27135
-6681
-13059
14992
20989
24459
-20851
-22276
-22642
19074
26753
26993
388
-17795
-31525
-29700
-12547
12541
-27391
-542
-12547
-1893
-3588
14486
3482
32764
10651
23429
9602
-21387
29063
11645
-10116
-19578
1021
24067
-31492
-25744
-16905
-22552
1756
30460
-544
31686
32251
6253
25594
6395
27130
-16134
-26623
-11032
-12547
2961
28669
-21365
26511
-20996
12431
29570
15489
-18575
900
6782
5851
31996
-13059
11005
-27391
31714
-13315
-15208
-8964
8088
26521
24060
-15206
19845
22658
-1931
22151
-2436
-4996
17792
1277
23811
-32516
-9108
-25096
-30998
-20005
29692
-27424
3781
-32005
31597
20730
7419
-27142
-14086
-26879
22761
-12803
-19827
-30211
12172
-8053
-22020
10895
-30590
-27775
-27535
7300
-6019
19161
27900
-13827
10237
-27391
26849
-13827
-12390
-26884
22168
-18534
14332
18587
29317
12162
-9611
-30841
14461
381
4230
1021
23811
32252
18288
-13832
-18709
31968
-29700
-22047
20932
9468
-13460
-13063
32763
22523
21243
-26879
7913
-12291
-368
-28419
-10868
-31345
-22788
-1649
-18814
20865
-32655
30596
2942
-11817
25596
-13827
8701
-27647
30433
-14083
9884
-30468
-18281
10650
2300
1947
24709
-12670
14198
14983
14205
12925
-4986
1021
23811
31484
4209
17401
-24596
-12063
-27908
-17438
-9788
19708
-18324
-30471
-25093
-31749
-28421
-26879
4842
-12291
-11119
-24579
32653
17296
-23300
8592
-24446
1154
-18831
17284
5246
-17193
20476
-15107
6141
-27647
-22304
-15875
-29544
23292
31641
-17512
-10245
19355
-29563
-11134
20598
-28793
893
-6020
8325
1021
23555
30972
-18833
-15623
29678
-28957
-24580
27876
-13627
32764
-19858
-23047
-13829
-13317
-11525
-27135
-17686
-12291
29329
-19459
-31600
-23919
-23300
-25200
-15998
2178
-7567
-20860
-8067
20691
13308
-17155
5117
-27647
-3106
-17411
-13927
-4869
10902
14999
-22277
-13925
-21627
-21630
22390
-8569
24445
-2436
-26998
1021
23555
30204
-25487
4602
-11793
18919
-23556
-19229
-9023
27900
25964
-30472
-19461
-19461
-14853
-27135
-25366
-12291
-8045
-22019
25485
-20336
-22020
31633
899
4738
-20111
-4220
8830
