-13788
11005
17178
26753
-25854
11267
6404
-8958
-8671
-27040
3074
12673
-1217
17178
26753
-25854
11267
6404
-30205
23554
8962
-12291
-12247
-10750
865
28680
26978
-19617
17178
26753
-25854
11267
6404
6411
21603
21882
-30339
10120
-18312
-13950
-894
-30861
32259
17178
26753
-25854
11267
6404
9725
1540
23433
28675
17673
31503
-8958
-25066
-14021
9986
-4727
28173
-11263
17178
26753
-25854
11267
6404
16642
-7423
-11267
-25578
-10972
10749
-31718
25473
-25854
12547
7172
-8702
27169
26208
5122
19841
3647
-14333
29698
22274
-12291
-13527
-2814
-29599
-9720
27747
28257
2827
28003
-24198
-17539
-4473
-30344
1411
8323
-26768
32515
8957
2052
-10361
24067
3593
12046
-8958
2070
-13509
10498
31114
23053
-12287
15874
-10751
-11267
3094
3367
10493
15130
6783
-25854
17667
6148
-8958
-1248
-9377
6914
31873
-1985
516
-29182
22018
-12291
29482
-13310
-25249
-19447
18532
27232
-17397
19811
32634
12413
4488
-18312
-3710
4739
-30354
32515
8445
1540
29318
17155
-20984
27404
-8958
14101
21307
10242
-25974
29965
-15615
10754
-18687
-11267
-3563
3880
9725
-20966
-14718
-26110
21507
17668
-8958
21282
5985
8194
3201
-8640
21508
-25598
20482
-12803
-30677
6659
-3741
-4343
-11676
1636
-28404
-25757
22394
-28291
2440
-19336
-8830
-5502
-8331
-32765
7677
2052
21386
10755
-7673
1293
-8958
-10475
-2245
11266
20617
-8179
-14335
11522
-16639
-11267
29462
28713
8957
25883
-20863
-26110
23811
23300
-8958
-9950
13922
10498
18049
31042
-26108
-15614
-26366
-12803
-7381
16131
-4511
12810
21349
-11166
9997
8803
-32646
-20099
-11385
32120
-8830
2179
-2449
-32509
7165
4612
7303
9987
-9721
-15605
-8958
8469
-965
11778
-23927
-21490
-16639
8962
-17663
-11267
-32490
-6613
8445
32283
-29312
-25854
28163
24324
-8702
5411
32610
11778
-11903
-12733
-16380
-14846
-26366
-13059
26412
13571
-27551
-11510
31077
-29598
24334
9571
30842
30845
-21113
29304
-16510
19331
-16274
-31741
6397
2820
29830
4099
-30201
19979
-8958
-19692
-30917
12290
-11895
6671
-16895
7682
-23039
-11267
13334
-8148
7165
-27108
-9340
-26110
28163
-22268
-8958
-13020
8036
15106
-9343
-22204
13317
2563
-2302
-14339
28461
-25085
-27035
-14070
-32155
19814
-10994
-28829
26746
28029
-19833
19832
-8830
13955
-19342
-31485
5629
7428
13449
-766
4103
-11254
-8958
4629
21820
13314
-2680
-24305
-17663
6914
-22015
-11267
-2794
-2514
6397
9757
-7039
-25854
-32253
-27132
-8958
22565
-6299
15874
23682
-18362
20485
-2302
-2814
-14595
14638
-28669
-26014
27147
1383
-8348
-27633
3939
24442
26749
14471
16504
-1150
7811
29804
-30461
5117
9220
-123
-1278
-3066
-2551
-8958
-29164
-13508
13570
-19831
25616
-18943
4098
-25855
-11267
7446
49
5117
29724
-12158
-25342
-21757
-8188
-8702
27176
-26774
20738
10374
-18873
-16379
18691
21251
-16387
-6353
-14589
12644
30476
2921
359
-240
7779
6010
-10883
19079
-29832
-22398
-13694
-14990
-29437
4093
6660
3209
1027
-32249
27404
-9214
-32744
15427
15874
-12147
-1263
-16895
9730
-21247
-11523
-16616
-14799
3069
24093
4229
-24830
-18173
-2044
-8958
-30423
-4245
22274
6022
-9911
3334
25091
12547
-18947
-24016
21508
28774
525
-13977
28774
-6127
4963
21370
-17283
24711
-19080
-18302
-12158
12148
-29181
3837
11012
-32631
-3326
5383
-27635
-9214
3098
15428
16898
6797
14355
-16639
11522
-20735
-11523
-25832
-3020
3069
-12515
30081
-24830
-12797
12805
-8958
-21206
-7060
28162
26758
20555
-22266
-19197
-12029
-18947
-8656
11268
-14238
14606
11115
24680
-1006
-14750
25210
-17027
647
14456
-19838
-6782
-30868
-26877
3581
11524
31877
-4094
-5626
11531
-9470
-6632
-15548
16386
-15987
1300
-18943
5634
-25599
-11523
28952
-22217
2045
32030
-4734
-24062
-2045
25093
-8702
-214
-24467
29442
15494
-16309
-9466
-19453
32259
-20995
12338
22276
-19099
-22514
-4246
-1176
3860
-10142
25210
27005
-10106
-27528
-15486
-2942
-30350
-24317
3325
14852
-5496
-9726
30982
-20725
-9214
12313
26181
17410
6029
18964
-18687
8450
-25087
-11523
20505
-15047
-1284
30495
-13437
-23294
5892
-22779
-8446
-24277
29807
32514
10374
-23220
23815
1028
-1789
-25347
-26318
-16892
4966
20495
25195
-1431
-236
-6046
27258
-24707
-30842
-28552
-18814
-6270
-14990
-21757
3325
20228
7305
-12030
21254
-21237
-9214
7193
-5051
17154
10125
31764
-18687
8450
-24575
-11523
-11496
26941
-1540
-32736
31103
-22270
20740
-31739
-8446
14892
6000
-32766
29831
-31410
26887
3588
4
-26627
-28877
25092
-25502
11792
21867
-1947
-21738
-926
23418
-7555
-10874
32376
-19838
19843
-6545
-17149
3581
24324
5255
-14078
15878
16650
-9214
5401
-4794
17154
5518
13077
-19711
4610
-28159
-11523
19737
-17345
-3844
-26079
10114
-22270
22788
14342
-8190
8749
16497
-26366
-24698
32335
13576
22020
32516
-30467
18228
-4092
3430
25616
25451
-1175
29975
-926
25722
-7299
31878
-19080
-28798
-8830
7286
-13565
3325
29188
5514
-17406
-15867
4619
-9214
-26087
6983
17922
8589
8982
-19711
4610
-27903
-11523
-12007
25666
-10756
21795
-32126
-20990
-32508
12550
-7422
3630
883
-24830
-23162
15441
-26616
25860
22020
26365
-22475
26373
29542
9489
20075
32617
-24296
-1694
28794
-12163
30342
-27528
-31614
-7550
-11406
-8701
3325
-23548
-15224
-18686
-26107
1290
-8958
-27879
2889
17922
-24435
-5866
-19967
3586
-29695
-11523
26906
-13754
-9732
-21468
-15745
-21246
-25596
28934
-7422
1839
17011
-24574
21383
-23470
-7416
-20732
-764
25597
-21451
2821
31844
-16112
2923
-9114
11802
5219
21114
-18563
22918
-28808
-17790
-19582
26737
260
3069
-18428
-8825
-20222
27653
-13303
-9214
-17895
-26808
18434
19086
-27369
-19967
3842
-29695
-11523
2586
-22711
-19972
-2266
-22142
-21502
-24572
-6906
-6654
4144
21620
-19198
-27514
1876
20233
-17404
21509
11517
16951
-17147
-665
-12527
12649
1896
-8932
19043
-30342
-27011
6022
-14984
-6782
13443
14201
7428
2813
-1020
11916
-21758
15109
22026
-9214
4891
16458
18946
5774
-21992
-19199
4098
-29439
-11523
9243
6989
-24068
12585
20096
-20734
-32252
10758
-6142
16432
-12171
-17918
-2939
2390
8713
-9212
2053
7933
16951
10246
3173
-19183
-23192
-8858
-15075
9827
27514
-13443
9094
32376
-14718
-382
1139
17156
2813
21253
-10872
-22014
12293
-21239
-9214
-742
-2998
19714
655
1818
-20479
2818
-31487
-11523
4635
16721
-26628
29994
26239
-19454
-21244
13318
-5118
-26320
-26251
-12798
3718
-4266
-32247
-7420
13317
-772
21048
13318
-413
-14830
-27032
21094
31520
-6046
22394
-30083
-3451
24184
-22654
-9342
26738
30980
2557
-31739
-21368
-23294
-3068
-18935
-9214
-28390
14667
19970
16527
27418
-20479
2818
-30719
-11523
18971
-18093
23036
-5332
-13182
-20478
-16124
-14842
-3070
21554
-24969
-3326
14469
10329
-27126
28677
18437
-21508
-22983
-25593
-5273
-14829
16488
1386
-30174
9315
18042
-19075
-24443
-20872
-7038
-10366
-3979
-25596
2557
-3323
21130
-24062
-19708
-29175
-9214
-13797
30797
19714
-11378
5916
-19967
2562
-31743
-11523
-13797
-2473
14844
23342
-7042
-16126
-5116
7942
-1022
-1487
21367
3
1156
-31142
-21750
-19195
14342
-32516
22074
28423
8036
-12524
-6041
-13466
-24028
-2718
16506
-11651
32389
18296
-8830
-2174
-27538
-8444
2557
21766
14470
-24318
-32252
5384
-9214
-25317
1615
19202
-27761
16925
-20223
770
-31999
-11523
10268
-1701
10236
23343
20350
-14334
10501
23046
-254
-9935
-3466
4099
-26493
29275
22795
-5627
14086
21756
-14534
-22009
-15773
-9452
11623
21349
18214
24419
21370
-25475
22917
-20104
-23934
6531
-23439
10245
2557
30214
21383
-25342
23556
-3577
-9214
-10981
26703
19202
20111
-23779
-19455
514
-32767
-11523
12828
20318
-15621
24369
4480
-12542
15621
-21242
2819
4659
3960
12035
-4478
-7076
2572
22022
-25594
-7941
-3013
1033
-29595
1046
-7066
11879
5160
31331
21114
-29827
22405
-27528
-17022
-3198
3187
22277
3069
-9978
-23417
-25598
9732
-2041
-9214
7708
12368
19202
12687
-16354
-19199
514
-32255
-11523
26652
-25758
-16901
30770
-16516
-9726
-26619
-24826
4355
5427
25976
17155
-20094
29535
25868
-28410
-4090
-11269
22332
-13560
21601
-19178
-19354
17508
10282
25955
29050
-13443
6021
-30344
-25470
-12414
-17558
-18683
3325
-6906
-5502
-25854
11780
19207
-9470
-28645
-15025
18690
17807
-24544
-18687
2
-32767
-11523
2844
18534
-31493
-15565
-10371
-8190
-14075
15111
7171
-21197
-26249
28163
-4735
-27553
21517
-1530
-19449
25595
23869
15113
-21405
-5865
26982
-668
-20691
32611
27770
26749
-2172
-21896
-24190
-8830
-15248
4102
3581
13319
6790
-26110
-3837
22279
-9214
-25572
8273
19202
24718
-25568
-17151
258
-32511
-11523
-13796
17257
251
-26059
32126
-4350
-1275
-31225
12803
21044
-18055
-27389
-25471
-29343
3598
-25081
22792
-12806
20286
-27894
-29852
-28904
-18074
10085
-30673
-19101
22394
-27011
-380
-13192
-23934
-2942
2673
24582
4093
-26105
-5755
-26110
-13565
-30713
-8958
27164
-943
18946
-115
-18399
-15871
514
-31999
-11523
12573
-6035
1019
-24522
18554
515
19206
7687
14595
-7628
889
-26365
32641
26723
2574
23047
4360
-16646
4927
-27639
-17824
-2279
7527
-27294
-32719
-17053
18554
-18563
-6268
-22152
-20350
1667
-32404
-6138
4349
-12025
899
-26366
-17661
23814
-9214
31515
-944
18434
-21875
-17631
-16639
-1279
-32767
-11523
11037
26736
-20742
27192
11133
1283
25350
-11257
17923
5430
890
-19709
24960
-15260
-4594
-19961
25352
18426
11840
4363
-5277
-22501
-7322
-24987
17974
-12189
21882
-13955
-17788
-16520
30850
7811
-12174
13831
4349
13320
4998
-26366
-29693
-17146
-9214
-5349
-21168
19458
-27509
-18654
-14335
-255
-32255
-11523
32029
-12685
16890
-22726
-31363
4355
-23034
-17913
23555
20790
31611
-11773
2432
-16282
-30193
5640
-761
-11015
-12735
17676
9572
-1253
-19098
3941
15160
-8093
31866
-15491
-14972
-30600
-28798
-8574
12398
-21241
4861
-16632
-22140
-26110
32515
-13563
-8958
24090
8528
18946
-23670
-29917
-13567
-767
-32511
-11523
-11747
-32393
23034
27195
-8838
8451
-6394
-4345
25603
-26826
-22661
-3069
-2945
-15770
-2033
29960
6153
-10247
8002
28427
12130
-21220
-1946
-21405
-24263
-20125
18042
-16771
-28796
-7304
-15998
-11902
30828
13576
5117
-2552
19331
-26110
-32253
-26875
-8958
-231
11343
18946
19082
31779
-12799
-1023
-31999
-11523
-11491
3705
-15367
20285
-29314
4355
-6138
-16120
27139
-31177
17276
-2813
14463
-16793
-14320
-28152
25865
7929
-1726
-24308
17510
-2020
8550
8294
26428
-8605
12922
-6787
23940
-1416
-15230
12675
-18829
28936
5373
22025
-28537
-26110
25091
-23803
-9214
-9702
-8881
18946
-17783
-15836
-9471
-255
-31487
-11523
-10211
4221
16889
8255
10108
9731
12039
-19192
-25853
11064
-4996
19972
-24706
-29846
18961
15113
18442
-17160
20035
-22259
-25757
5918
27238
25444
-15042
-6301
-135
-4739
22404
-14216
-24190
-4734
10861
6665
5885
-11511
-22397
-26366
16643
-22780
-8958
-4071
-4785
18434
1929
-6363
-9471
-1279
-31231
-11779
22814
29055
-22280
30016
14459
5635
3335
23303
-25085
14134
-23941
12036
24445
25706
2833
5129
9994
5880
-9917
29709
29281
-20451
-3486
-3744
10306
-9373
15482
-14723
7300
23416
-23166
-22398
20075
-31735
6141
-20726
-21630
-26110
10243
27140
-8958
25
13903
17410
14984
7206
-11263
-2047
-31487
-11523
5150
-19583
-26633
-3006
4991
12547
11527
-3833
-11261
4152
637
-31228
-27012
-23444
12050
25609
-28662
-1802
14405
-15600
-10395
11806
-24479
24929
25923
-3485
3962
-4227
17284
-20104
-27518
4483
-4754
-5111
6141
-28405
20868
-26110
9475
-29436
-8958
-14822
29776
16898
25479
18472
-8703
-2303
-31231
-11779
5919
-11387
21495
17732
18811
15619
27399
10504
-8957
-24775
-9603
-31740
31356
-19602
24594
-25847
-30198
-21514
12870
10256
29538
-25312
3940
-7070
-1210
-8349
6778
-6531
-9085
-8072
-31870
-21374
19304
-17398
6141
-7157
25984
-26110
10755
20228
-8958
-8422
22608
16130
-15225
-14294
-8191
-2559
-31487
-11779
22559
-10105
2295
22340
6523
20739
-13561
-27640
1284
32569
-3971
-14332
23676
-15250
3091
25354
10763
12790
-20154
3344
-26014
-18911
-26268
16739
-28343
612
20090
1662
-26493
-5256
-26238
-21630
31083
9995
6141
3340
1410
-26110
7939
18180
-8958
-30950
17489
15618
7815
-472
-6655
-2047
-30719
-11779
21535
22920
-16139
-4796
-29058
-30973
26120
-16887
16900
17211
14975
17925
15484
-14480
-5356
13835
-3317
8181
3400
-7150
10085
13603
-6811
-26267
-19893
21604
30842
-13955
-28285
-14472
-27774
-15742
-26516
17675
6653
-30196
17283
-26110
5123
14340
-8958
-7654
-8879
15618
19846
29482
-1535
-1535
-29951
-11779
3360
20108
-8459
12101
-6022
-19453
15881
5642
26884
7228
14720
-29947
-27523
31091
-25067
-20469
21773
757
-11448
16914
-415
-25307
-409
-22172
-16050
25188
10106
-9347
-23421
-27784
-29566
-17278
-13467
9484
6909
21516
-10882
-26110
5379
2820
-8958
26
21074
15618
24966
-32469
1026
-1535
-28415
-11779
4896
28558
22261
2886
-26500
-19453
18697
-30966
26116
-9156
-17791
-16635
15997
14451
-31978
19724
17421
16628
-24759
-20206
-26780
-19418
3944
-12186
25170
-24732
11642
-3715
32131
-14216
-14974
-14974
-24213
-23796
7165
-24564
8066
-26110
3587
6916
-9214
-6374
-20398
15106
-26747
-1749
4866
-255
-28415
-11779
25376
12431
20468
32327
-20611
-13821
-19191
12043
29956
-23747
-21118
-17147
11133
23924
17431
-22516
-27123
29939
-31926
-21740
-23195
14630
-26265
9318
337
-25500
27514
-14211
20099
-7816
-3710
-17534
8300
-11508
7421
-500
25474
-26110
3331
3076
-8958
24603
-15277
14850
12677
18220
8450
514
-26367
-11779
-21728
18577
25076
-27065
-14215
-2813
4106
-12534
-27132
4926
9603
-9979
-21635
-24972
10775
29964
4878
24563
-9654
-23790
-1439
4904
-30616
-3997
-5805
-20380
26746
-2691
28547
-15496
-13182
-10110
30568
22541
7677
8461
19072
-26110
2819
-1277
-8958
283
27218
14338
27781
20524
8194
-511
-26879
-11779
-15072
-6511
-25357
-18361
28796
-3837
11274
19467
-8700
11839
1156
24070
-2435
31349
-21480
-28659
25359
24562
-15797
-4844
-27803
-13272
30056
15975
4437
2917
20602
-11651
15747
4217
-30590
-23422
-15249
-32243
7677
19725
-18557
-26110
1283
3588
-8958
15643
-22445
14594
-3708
-3285
14082
770
-25599
-11779
31265
2964
-14094
-20407
7549
1540
-31734
24588
-9468
5696
6532
24582
4222
12663
1305
-27635
-498
-11535
1101
-3307
-10395
-20951
25193
-409
-16042
26213
10362
4990
13443
14713
-24958
-21118
-22164
4366
7933
30477
-23678
-26110
2051
-253
-8958
-30181
28755
15106
28293
-21970
18178
2050
-22783
-11779
16930
919
13299
-2231
-7046
9988
-3318
-30964
-6140
6464
23172
-26874
-11138
27255
23577
-6643
-5362
-14863
8013
-6380
-16540
-8918
-2711
16231
24410
-29851
-20614
2686
5763
-2952
30850
-23422
4459
-8178
7677
-28403
-31103
-26110
1795
2308
-8958
-19429
11348
15106
-19579
25646
19714
2306
-23807
-11779
8482
-4457
-14863
27467
25470
13572
-6646
-31987
13061
-702
-11130
16903
-16770
-25736
-24038
-12786
7440
30192
19790
14615
105
24363
-18327
-1431
-7846
-6555
28282
-5763
-4734
21625
18306
-4990
-20110
8719
7677
2318
-15739
-26110
1027
3844
-8958
5405
-15787
15362
-29051
-18129
27650
4354
-22015
-11779
14115
-7782
7665
-1716
-12932
25348
28939
10509
23301
-2238
904
7431
4479
-3462
-5350
-9202
-17393
-15889
17487
13336
-8090
31276
-20375
13416
-12196
18533
-32134
-1411
-9854
-3720
-14974
-29054
-10644
1296
7677
-32242
-6014
-26110
1795
-509
-8958
-5092
1622
15106
-6011
5937
27906
3842
-23295
-11779
32035
-29283
18673
-28339
27003
27396
-8181
19469
25861
-17598
15240
20231
22143
-32134
17947
20495
20496
-28689
-8113
32535
-3483
15149
-10903
30568
-32418
24165
19578
9598
-6526
-10888
30338
-18302
5997
-9712
7677
-22258
25218
-26110
1795
260
-8958
-32228
-18091
15618
16262
8241
29186
4866
-22527
-11779
29475
2974
-5138
4943
-7041
-29948
9740
-7666
-2299
31044
-21623
14344
-21378
3452
-7652
-12528
7698
23277
-19120
29723
1642
-10963
-32151
13674
-11680
-15771
15994
1406
-28542
4729
-30334
-31358
21361
785
7165
17679
14213
-26110
1795
13060
-8702
-29921
9818
16642
-27513
-24525
-27902
8194
-16639
-12035
-7388
-26975
-16657
3153
-18565
-17404
17932
-6643
-17659
-5053
-3703
-16121
31870
-4740
-3812
13840
-23791
-1555
-23215
14106
11366
-11731
-21912
10599
-15007
-30875
14458
-15491
30338
9593
21378
-24446
26217
13074
7421
-15601
-23936
-25854
4099
8708
-8702
4383
22363
16130
27528
-1997
-26878
7426
-14847
-11779
-7900
9382
3313
31828
-32391
-22012
27660
21261
-22779
-702
1160
-29433
-23172
-6276
25628
11024
11538
-20242
11857
25
-17564
7212
-11420
13154
21602
23397
-20614
-7811
29570
5753
-21118
-19070
12652
-10477
7933
-19184
27009
-26110
2051
10244
-8958
-4066
22617
15618
13447
20787
-29438
7170
-13823
-12035
10788
30887
495
-16298
-10373
-11516
-14324
12302
2822
4164
26760
-12537
15228
-25474
-27875
-24560
31505
-24340
-26286
-29668
-29850
-31442
27493
-11419
-411
-19867
-14214
382
-26238
20345
32642
-19326
10862
23316
8445
-25327
-23422
-26110
2563
13572
-8958
-31969
-167
14594
135
20533
-21502
8450
-16383
-11779
15653
-15446
-22803
-15529
-19337
-8444
-5108
-25332
18694
13892
29832
-9209
23931
-6784
17181
8464
1810
-22805
-21422
-10469
-11935
31278
-16540
11617
-22424
-31131
-29830
1406
4738
-8584
20866
27266
9830
-20203
9213
14610
29053
-26110
2307
-253
-8958
287
-12711
13826
16774
10806
-27902
4354
-16639
-11779
-4316
6573
2796
601
-2439
-4604
-9716
17933
-11770
-2492
-17016
-32504
32122
17025
2846
26385
32274
-18455
24403
8989
-22684
1584
18021
7267
-19349
-25499
17018
19070
-3711
21113
13698
-32638
-21397
-21994
9469
29715
-31104
-26110
1027
3588
-8958
13343
19803
13570
22917
25910
-25598
5378
-19455
-12035
26661
15535
8170
5979
-14982
4613
8717
-12019
11271
-11195
-8823
1801
4218
26754
10271
15122
8724
21736
-20396
7456
869
561
1893
29283
17774
-15771
15226
6782
-4991
2681
28802
25986
620
-24809
9981
8468
-13184
-26110
1283
-253
-8958
23327
12379
13314
19589
5175
-18430
8962
-12031
-12035
14630
-2125
21994
-18340
-27530
-32763
-1779
-23539
25607
20294
31626
8201
27770
1156
-16609
530
19732
-9241
-939
18718
-1439
9523
-11163
28001
-32654
-12955
27514
5758
4226
15737
20610
-11390
31336
-8935
10237
4885
18814
-26110
2563
-3837
-8958
-9697
29532
12802
25477
-6601
-15870
6402
-13567
-12035
-18906
14774
2536
3677
635
-1019
3343
-28401
22280
-21689
-25205
-1782
20602
11142
4387
-19948
-26602
14053
-24489
-20702
-13978
26422
26471
-19867
-29833
7782
30330
18046
-16511
17785
25474
-24446
111
1051
9981
-16107
4738
-26110
3075
-2301
-8958
-5345
5212
12546
7811
-13255
3075
13826
-6399
-12035
18471
-28744
22758
-4258
1147
16646
-26865
-32752
-5880
23369
-13172
-32757
29050
-17016
6436
27925
-30953
-13853
3929
-12507
-20890
30263
-13977
27750
-16519
10854
-21638
14206
28289
-26247
27010
-31870
-918
18972
9981
-25834
-3713
-26110
4099
-3069
-8958
-22240
30813
12034
-31101
6972
10243
16130
-3327
-11779
11048
-15684
-791
18015
20601
-14074
5137
-4589
-7416
13645
-15218
13836
-130
4487
-14298
-19688
31259
9187
-6824
2850
25446
-1735
15211
-17559
25708
15206
32122
13950
16513
-13191
-29310
-28030
20845
-23778
9469
-26093
-9599
-25854
9731
-30972
-8702
-219
26212
14850
-2424
8253
-2045
-22270
29186
-12035
31017
3005
26852
1120
2942
-25593
7187
-18154
-24823
2640
5013
21773
7040
-16246
31017
-14312
-7654
2528
-30116
-21976
23660
-31939
-13717
-24980
-25216
31846
28026
17534
9601
18297
18562
-26238
-17291
-12002
9469
-23276
-11130
-26110
16387
-7676
-8958
-26842
9830
15106
-19832
-30658
18692
-24318
29954
-12291
23851
-12352
-18974
31330
21372
12552
22804
1303
-31478
22353
-19819
-28402
29824
30349
-6358
18970
-8164
11998
17245
8490
618
-18114
3180
-662
-23932
-32410
-19590
6526
23681
32377
-3199
31618
5488
15649
9725
-24043
-16253
-26110
21763
-18684
-8958
-25050
5479
14594
4233
-30144
26628
-22270
26882
-12291
-14037
2244
24546
32101
15482
-10489
-11245
-11755
-20982
-27824
-15981
10510
6527
10125
12586
11546
25372
221
-20387
-11224
20840
20542
13162
-9368
-23162
32615
-10886
21374
-5760
-16775
5762
28546
-17297
29987
9469
-3306
387
-26110
22275
8197
-8958
-7641
-16025
14594
-20086
17729
23556
-23294
24066
-12291
-14036
-5692
17119
20583
11645
2568
-18669
22294
30731
-16048
-2414
22031
-22404
24205
-22997
27675
2334
-15911
23646
22574
-12693
3647
13417
7787
30599
30568
-13702
12414
-12416
-4743
3714
17026
23922
7204
9469
-32488
-9085
-26110
17923
9221
-9214
-29912
15721
15106
-26743
7234
28676
-16894
-26110
-12547
11565
29129
17630
-18838
23418
3081
277
21782
21772
-9135
3731
272
32124
3216
17965
-17124
-4578
22232
-10401
26158
-4760
20546
618
-13720
25997
16233
15995
10878
-32640
-11143
4226
8322
28266
-26585
9981
-29670
-12161
-25854
23299
-8188
-8958
-32728
-8088
15874
32393
-31676
-18428
-8702
-19710
-12547
1070
973
30685
-5780
2426
-24823
-32746
-16617
6157
9554
-25453
-15343
24188
13713
26927
1055
-28895
25302
10849
18479
-1944
-9405
-24983
-24984
-368
12138
18299
16766
-31104
20602
9602
22914
-14226
-24534
9725
-14309
-28543
-25854
30723
9733
-8958
-10968
-20118
18178
-632
-17084
9733
5123
-5118
-13059
-9170
24782
-3367
-7057
30075
24585
13334
2327
-15859
8018
17300
-31471
-20613
-29551
17967
-10211
17184
29907
-23967
30772
29802
-29116
29032
-32407
403
9579
23419
-26498
2688
25466
642
-32126
8303
-13013
9469
1564
-29055
-25598
27139
31748
-8958
-20699
-29082
14850
-16507
-5822
-2044
-7422
-16638
-13571
4141
22230
17883
16247
14968
21256
-28143
-31727
23056
10318
27281
-22000
32383
6807
-32213
-10727
21020
-24876
29533
19767
-26265
-23738
-3483
-13468
-24413
-32149
27259
-26498
10624
25722
26754
-17790
-11412
24115
10237
-8939
-1410
-26110
7939
-10237
-8702
6173
4189
10498
31372
-30151
-27901
17922
3074
-12803
21538
17880
13019
-28037
-18821
-1528
-14578
-4336
16402
2124
9363
8723
30593
32664
27435
19226
-3043
-25902
-31136
-9415
-31891
27721
-26008
16232
1451
5228
-32133
23934
15232
-22406
10882
-2430
15989
17461
10493
8724
-2171
-26110
1027
-15101
-8958
-29160
-29091
13570
32399
-26321
13827
14850
5634
-13059
28197
-27428
-19751
-27773
3453
13834
-26354
-14063
22292
13388
6038
-19692
4226
-15711
-211
19484
-26337
31696
28771
7489
-24466
4173
21098
8811
18098
30572
-17541
-20866
-6273
-22662
16770
-30334
30326
-17350
10493
-12267
-4473
-26110
259
-11261
-8958
12567
18270
15618
-22895
11568
21251
18178
14082
-14083
2343
5601
-28711
12681
17017
-13556
13839
24337
-20714
-7861
-30057
-8427
-9598
28332
-28624
14877
-24032
6095
-7579
-11201
23404
-31655
-23701
12394
16061
-10388
-17541
-5762
-8065
-24966
4994
-28030
-13196
20545
10749
-5354
-13690
-26110
771
-13821
-8958
21780
5468
17410
-26477
-22482
23043
14850
5378
-14339
19496
-15389
12757
4749
1148
-11763
27664
1556
-9192
-4019
4505
-26088
23169
11951
-13773
16672
20260
-1847
2920
-20155
17775
18268
20587
11884
-13631
29293
-16005
2431
-29313
-11398
1922
-32382
124
-7099
9469
6937
31882
-25854
2819
-3581
-8446
-11243
27488
23810
-31087
-30414
-13565
28418
29698
-17155
-22998
20965
-11827
15758
18557
-6898
-32751
789
15132
8785
-4966
-5862
15488
-26191
29495
28707
-17369
29891
23658
-15796
-25233
-32672
11885
-14481
966
4974
-22405
-4738
12159
-9350
8322
-28286
-8329
-12216
5885
4891
5513
-26110
4099
-3325
-8190
26135
7522
24578
-18800
15926
3332
-30462
-24318
-23299
-20436
20455
-9781
27791
18556
-3568
13843
-22251
11293
-4782
9883
11804
20096
19892
-10695
-13276
22568
6080
-15252
22603
8047
23398
-2707
-20883
25033
10094
-18821
-25730
1407
1403
2690
20354
6518
-16564
4349
-28132
22920
-26110
6403
-2813
-7934
-8681
10338
26370
-29297
5944
21508
-26110
-25854
-27395
6190
-5912
31431
14484
-30593
10514
-29933
12312
-18401
-684
13725
-3810
-19585
-15690
1085
-11993
-31445
10171
-20370
18516
-29325
-4758
12910
5233
7629
32622
-4997
25470
9599
-17030
7810
9346
19325
8016
253
19742
-31348
-26110
7171
8708
-6910
-26344
-12700
-29950
5263
-25799
-16124
-9982
-1534
29949
13359
-10262
-27964
-11113
-28291
-22509
-2796
20504
17186
5975
21662
1568
23424
26811
28991
12841
14637
22200
8048
-28330
22129
-21138
22382
-17297
18128
-24466
-13957
-11138
-17026
-12166
17794
19586
-23433
-27820
-3332
-21217
-120
-26110
9987
6404
-6142
-5351
7781
-30462
-28273
-964
-4604
-9214
-3838
24317
-10449
-20501
19134
17813
1405
-6893
-15080
2588
-6621
26204
-863
-30430
-6784
-12617
11843
10796
14128
16562
24434
4183
6001
-11156
9840
7792
-24113
-10130
5756
-17026
29566
1915
-12159
26498
6518
-9898
-13316
-28128
-13689
-25854
26627
30980
-4606
-4322
-20887
-19454
-16245
27458
10246
17667
26371
8957
15154
-5654
-17748
19084
1918
32275
29731
-3290
6691
-8859
28066
-2011
-31110
-9813
25417
51
16951
-25948
-25739
24924
-20623
23654
-1170
25457
32711
-658
3452
-15746
19582
-26758
-30335
12162
-8333
86
1020
-4053
-12157
-20222
-9980
30726
-1022
12590
-911
5635
8066
-7850
-6390
-32763
8966
22012
17978
-5909
-24150
26764
-30086
1302
16935
11305
19491
-10393
18083
22567
12923
-22100
29259
30005
22586
-23135
18295
25690
-11666
-22936
21104
-5009
5320
-14226
-14725
-27010
-13699
-17286
-24191
-19071
15981
-21672
-8197
-4306
15488
-12798
-24315
-4602
515
-31183
25460
18947
6531
20058
20748
32518
-29433
7164
-1220
-15891
-29018
10126
-22150
26135
41
24362
-17628
29289
12197
-27096
9595
-23891
3150
22583
-9671
-24420
12409
13404
-30609
30827
-13200
31088
11467
14447
6012
-15234
-22659
-8838
22145
-22911
-10639
-26275
-26885
-19920
16770
-10494
-7419
-28153
1539
30515
-8842
26115
24963
2908
26125
-4602
-1274
-20485
-6082
-20242
23711
401
18044
14617
10538
3629
4137
-6293
24230
13868
14714
26032
-4784
-3014
-26306
-1898
20090
-11164
-143
-3731
16497
-27534
21710
28527
-1157
-17794
19837
-1926
-30847
-23935
29299
20320
1531
26162
-23166
-3582
8198
12040
8195
11829
8825
-18941
-19582
19550
18446
-27129
-26616
9467
-8129
28400
-15458
17043
-8584
13339
22572
-18900
-9944
-25748
-22874
17452
1403
-15438
15442
-16326
-962
10901
11900
23138
-14227
7025
-23439
-12433
-9007
-23441
-1925
31358
-2436
-26246
12161
-16255
-7572
-18075
-1542
-17613
3455
1283
-30714
19464
7683
-30667
32121
-19453
19843
-22944
-13042
-25081
-26360
-2822
-10944
20721
28056
23444
-13190
10780
18221
25136
-3795
-23954
5544
-10704
26234
30642
-24235
-26561
-28604
8334
28285
8807
-656
-7308
13939
24948
-31019
3440
14716
13439
-2692
4987
8833
-21375
-26765
-17048
22010
27189
12162
4099
-10490
521
16899
6456
23931
11524
23683
-32158
6160
31240
22537
7162
-28094
28914
-19055
-5993
-11909
-14051
1583
30257
-24015
-22416
10921
-31437
-9350
-4683
-13480
2113
-6331
-27256
8831
-17554
-20622
13943
-7309
24948
20439
-4497
-17797
-18306
-12676
23675
28801
-14207
-3981
-12436
-28167
20791
28546
7939
11271
14345
23299
-15560
31613
20996
-15485
-26524
2321
-22008
-6391
23545
1348
-24589
31122
-25447
28536
-20705
-23504
4402
12594
-20112
1449
-11469
7291
8375
15961
18754
8775
-9849
29824
5739
22383
-7816
-19597
113
-30759
22384
3964
5759
-24196
11899
-31615
-22911
-20112
27761
-22023
28216
-16256
14851
-29689
28169
26627
23865
-4739
-30972
-27005
-28059
-32751
23561
-27894
16377
-15548
10740
3731
10397
12154
30241
15667
2103
-11726
18547
-11605
-15307
-1413
16822
22619
8004
20808
4997
-16767
-913
-8334
-24967
-13198
-2958
-11814
-27792
-13701
1151
-26500
29563
5249
-25471
-8839
-23181
-20743
28984
-9340
30723
12808
-32757
-32253
-16069
21120
23045
-14460
24677
-12269
-7414
7180
-13064
25158
7157
142
8096
10874
-3038
-17356
-3529
-4297
-908
-31317
-24008
-1157
14009
-7075
12358
22603
-8320
-17278
-20107
-5006
13691
25715
11636
-7716
625
-3461
-10626
7292
22651
7809
-29567
24693
-6537
3321
1338
387
-25853
-17144
28171
-20477
5437
8577
-29179
9605
-7576
27156
3339
9996
7672
32327
-4875
-28019
-9823
2424
-23260
9270
31544
26680
14709
-9813
28729
1404
22714
17759
-23737
16715
-9858
14212
27506
-28047
31613
-18573
-22926
20702
-12944
18812
-6018
6268
25467
23681
-27519
4724
-11909
-520
14139
898
-20989
4361
-26357
-19709
-16580
4738
-24571
17029
19817
1813
-24053
-5365
-15881
2376
29942
-9850
26021
26235
6437
-30922
-21701
-12996
-2442
25772
-20163
-27526
-28486
3682
-3766
-31921
-25736
389
-22149
-22155
11902
21107
-18827
3296
17009
14204
-29570
3452
11131
29057
30593
-32134
-28290
-1033
16701
-32123
-16381
23817
-10996
-3325
31294
-3709
25606
-31100
3178
26390
-19956
-11507
-28938
-2232
21751
-20349
-14169
29049
-28377
28216
11324
-23489
-7049
12461
13119
-2182
-27203
27491
-1717
29778
4214
15750
12669
-9102
12161
8051
20851
10722
22897
8572
-8578
-19845
-25733
24705
-25727
-7564
28291
31991
-15554
19842
-3325
-3831
-9204
7684
7487
27780
-22522
23685
-916
-1002
-2804
-30450
2806
-10935
-1289
-10624
26025
14712
-9688
-14023
-28100
15936
13433
32685
20031
23418
16831
9573
2894
19281
-14990
-5497
6524
-14734
-27004
-21645
14708
4069
-27791
14460
-8834
-29317
15483
24193
20097
-18828
26247
-522
9280
31361
772
25098
16653
8452
-4801
5509
-29434
-24444
15214
-14825
31245
7694
20981
8523
-30472
-16775
-32594
24187
-6616
4665
7995
2627
17017
-18004
15680
30839
24511
-1178
1615
17490
17773
-30584
-31355
17013
-28028
11890
-1931
28901
-18831
26492
639
6523
-23173
20609
32641
-3211
9867
-24075
30532
19842
-7677
22794
-29171
15108
31809
-13434
11782
12676
31600
4632
-7156
15885
1268
-16053
17657
24698
-31055
-9097
10283
30266
-20166
7237
10362
22188
15937
21879
8642
-7321
21839
8276
12140
4746
-15996
22898
-6010
-32398
3443
5863
-13711
22908
-21122
-6534
-23941
-2944
10369
-17811
-31856
-15627
-11962
-26243
2564
-27382
-22516
26116
-3520
-22139
24838
-11645
-31630
-9193
-3060
-12274
-16909
23628
-19463
-24202
-17229
10359
32556
30523
-29893
-23992
-24710
-3669
-18621
8311
-62
-12695
-1456
23126
-23704
4235
2694
14194
-11895
-15246
-24462
-16920
7794
-28804
8831
-2182
-18309
12929
24705
10866
148
-2572
-19128
10623
1540
25610
32268
-23804
31296
-30844
-13818
-16510
-28302
28184
15373
-10994
-13070
-8116
9466
-17297
-10824
25976
-30675
-2757
1596
16207
7292
32685
28999
27510
6086
12909
-684
-7591
-26525
22668
-29552
13172
-6772
18546
-18317
-31766
-28558
18044
1151
4987
-10885
8833
-25471
-18061
-11881
24563
25930
-29569
-7933
30730
-6645
1285
-22209
-2684
-10234
22145
11123
32536
28429
30222
23281
589
-23302
-13968
-9799
-25740
-8400
6462
14141
4943
-15236
22189
19527
-18314
-19001
5742
-4267
-15781
-25758
14477
6796
-1425
-371
12146
22128
-7445
26738
-31620
4223
-19590
-24709
7041
-30079
-12692
-7524
-23821
17996
19067
19460
14091
29196
6405
-27839
-29307
3591
10625
-14987
-17383
23054
-14065
3313
12622
-8454
-28052
15034
-23690
-28622
17984
9537
26449
12414
24237
-16054
-7051
-14906
-29584
-20904
30814
-19875
-15730
656
17011
26511
18802
-23437
-21524
-16014
-1412
6015
28794
9596
7297
22401
21362
-27745
-32270
-7090
24190
-24060
2828
22030
32517
5699
24966
19976
-3201
-10377
15644
-18416
10515
27887
4176
12283
21096
27837
119
20532
24385
31810
-26538
-16257
4526
28750
3445
-16695
22387
-2213
19298
31834
-32368
26007
-21133
5009
27505
-23439
-26643
3443
31868
-6274
15226
-901
9089
14721
-3215
21923
22257
-15791
-3203
-7420
30988
-7666
2310
-22205
-13434
-14328
-4738
-30343
22301
-26095
-27628
20462
32337
-27653
5225
27840
-31118
28471
14403
10818
-19369
-14208
-11858
-18354
-2700
-1077
2677
16732
-17311
7001
-20847
27283
29552
30101
-25231
-8849
-30225
21619
-8580
21631
-9351
-6533
10881
-11392
17519
-21336
-29199
-10413
-9349
-3836
10765
-26610
518
-26300
-14458
-14328
15743
-21893
-2275
8465
28946
-12563
22354
-15365
-8607
10179
-13963
-15048
-15293
3140
-27555
386
12975
-5294
-1421
-17460
17272
608
5733
21843
-1646
-24421
-20877
-29288
25969
23666
-12560
-1933
-23940
1919
-3207
9596
1665
29313
31094
24747
23535
-10411
-17537
-5372
269
-2801
-19962
-15292
15496
-21239
-2179
4476
23583
28690
17684
-28693
339
-11013
-419
-2877
4726
21562
31045
-28859
11616
-14718
-13393
-7339
10868
-7475
-19590
-12191
30056
30544
-31340
-21089
20596
-13416
11633
20081
16881
6516
-9348
26751
-391
17532
3969
-31103
882
-17492
3566
6231
-29571
16645
-13043
20495
1287
-21179
26249
7690
-25474
3966
15904
-23278
-15340
21738
19540
13052
24924
6855
-15757
-12228
-7353
-8634
-16028
-29308
-11344
-18345
28531
27089
13181
-3996
19049
-1971
22166
21149
114
23710
17010
-19087
-24333
32628
-1156
29311
-12167
14972
-17024
-384
-6545
-12877
30701
26458
-4229
8197
-10994
8208
-21497
25415
24970
-21494
-10627
-2432
-25055
16660
-27371
13545
-4267
22780
23126
-15926
32375
26688
-9912
16969
6761
29574
15794
16220
-17294
-16686
-1920
-409
-23187
-23224
-27752
26793
23159
-27489
2417
1908
-269
2933
637
11647
-30087
-31876
-7296
13185
24182
15799
7659
-5539
-14209
-21243
15375
-15855
19208
-4536
16012
-16373
6013
-19582
27939
1557
-31209
-24602
-17833
28668
-15790
-822
28533
-3518
-3765
-21687
25449
11143
-8015
5726
12403
-32046
-895
15209
28527
-22203
6041
-7512
-11660
-24160
5234
-32653
6132
-2444
-12164
23935
31609
15740
-14208
-896
7537
-16711
-24343
20319
25212
24326
-17136
-2543
22280
-9399
13964
-10229
30333
5765
-21468
28437
-9961
2789
-3496
-29700
4687
-13365
-23436
14662
29773
-28085
-25236
31112
20657
-9377
-17038
6611
-24701
-14230
-26767
-16575
11674
-28249
30836
5795
-4239
-27791
5365
29557
1149
29823
8313
-28292
-8320
12161
-11152
9149
-5145
-29855
-10373
-19962
28177
-23022
-2040
7499
-31091
-10484
-10116
-2683
806
791
-28391
-13854
22106
-23556
17224
-20786
-31880
2632
-18354
1359
26996
-31350
17074
-10139
2674
12500
-3193
-8336
-31370
3900
8348
690
120
-4956
-12943
-24972
-6923
6006
29565
-32641
14969
-20356
-20608
-10112
372
-31808
30180
-28572
-18563
9991
2066
19732
27914
1101
3471
30222
10876
-18296
26664
-24551
-6884
11487
-677
-15620
583
-30256
-908
-29364
-2479
9295
30582
15756
17331
-23706
-24462
-10026
-31351
-2192
24183
25658
-17507
12721
24949
-12631
27251
-18829
3575
11638
15741
27263
-136
-26756
-30080
-12160
-18325
-31291
-15389
-2202
20089
-4857
-17133
4884
-17398
17998
-27761
26382
-6532
-20085
23081
28953
27164
1758
-30883
-12292
11073
7634
-13196
24143
22355
19537
-8583
-18291
-22605
-21655
-17039
727
-22132
18292
-25734
29749
10655
14515
29302
-4692
-9612
12661
-25609
30582
25213
-24193
-10888
-20100
-14464
-9600
-10896
25800
18912
9578
-9862
264
8468
-7915
-29941
-27057
11664
32527
27515
5260
18987
10779
-4578
20442
32606
-8452
21562
31188
-12682
16723
-5291
-14766
3199
-22640
22965
-18834
-28559
-11560
-7536
-24457
-19587
30000
-22879
29116
-30088
-8784
-2955
-7048
24056
-25226
-24963
-27521
-20104
-16004
-22656
-12672
882
5836
-24101
-15251
18043
-5368
15381
25366
-28404
-18095
15249
16400
-32646
6288
29997
-21733
-20961
6358
11361
-4868
-17097
-17195
20595
-28071
-21671
-20908
17795
26514
14518
-11407
-4494
-37
-30317
32378
20353
-4051
1444
21946
26485
28853
-14473
-14731
4345
19575
24701
-28801
32120
5245
-28800
30848
-10901
-7984
-22055
5744
-21385
29961
11798
-1258
-16883
2386
-24943
15633
1402
-15982
-20946
18461
-8927
-15917
19810
-3588
31794
-25385
-8075
-22692
-14757
-10921
-28536
28819
9399
-19850
26994
-12580
18072
-21888
-31098
28713
6566
9409
-30087
9655
-10890
-23690
-31239
-28041
30589
-28801
19832
20349
22144
26752
-10127
32467
9941
8819
-5510
-10999
12311
-27112
13327
7252
7315
-2542
7801
-12396
-32463
544
1060
6607
-20892
-2308
20524
3545
14455
-5791
22624
-4515
19601
20120
-17990
640
31092
-8481
9630
28038
-24436
14116
-18520
27081
27003
-8516
12154
-4997
24058
14712
24445
27007
17528
19581
28032
27008
25715
-18986
-6450
1653
19068
23819
-1768
-19175
-27631
6231
5526
-18411
32633
-1129
-5068
-22494
-30939
-12856
19815
-1028
-6614
-10790
12147
24935
-5277
22367
-1390
10906
17852
-23935
-3468
17634
-9824
9864
13198
6690
28842
22214
-13192
-3135
-20613
3706
-16134
32632
-18307
-29057
-8841
6781
-30080
-30848
12657
2011
20941
-30345
6266
8716
-31206
5915
27410
3416
-10602
7191
-17287
-19046
31287
6180
296
-827
8553
-516
27173
-15907
24438
-4500
23654
4452
-14948
-13156
5821
-31351
-12428
-5149
-347
-1137
17813
-21731
-6996
29646
-22916
-12859
1915
11899
8955
9593
-4995
-24193
-19849
-18819
-19840
-29824
19065
13789
-20026
-21638
11902
14349
-27109
22814
11798
11099
23193
-17638
1402
5789
-2758
2600
-31957
20671
15723
-4
19234
-32288
13942
-22927
22633
-9626
1954
10143
-7490
1166
-7564
2535
-26198
-6254
2713
12059
2223
24787
2429
6346
-6277
12157
30459
15993
-387
-14209
28791
-8835
14208
26752
-5772
-32544
26306
25981
3452
14862
-27875
7712
6424
24157
-24677
21788
15995
-27231
-19651
-28887
-6867
11195
-22676
-4
-9185
26337
30324
25975
-5780
19817
-6234
-21344
28606
-6767
11125
-2586
32685
21142
-16995
-29672
-27984
7890
28284
22733
-16004
-6276
-17669
-903
-13699
-15489
15223
-7299
18304
12672
19572
31971
-23874
-17793
-14726
-12529
-28641
-24542
23834
5728
-32611
28190
-13189
-27741
-31936
28203
-12497
14006
-29586
-4
27675
-15133
-30856
27513
-13970
1134
-2132
17315
9919
28312
16500
24295
-11343
11164
24737
15381
1203
-23846
6785
-6962
-21380
23679
-7941
29818
-6531
-13697
15735
13694
2176
10112
13690
-30491
-2890
-22909
-16514
-21488
-224
10789
-22499
17762
-5730
-15583
4219
-23899
1348
18223
-11213
15023
7793
253
1306
19173
-18315
-7298
-19342
-15762
25519
-4188
26816
19611
30836
-2071
-26188
3487
-25692
-13805
6836
-10022
-4994
-13103
-13187
4223
2556
28282
-6531
-10369
-15754
10878
9088
22144
-12172
7144
16308
-24186
8827
-29934
20003
22821
-19938
-22941
30112
32034
-29317
6569
9542
32560
3892
-8533
-18062
253
-17385
-15898
11893
-11389
-27787
28785
-19277
20646
-11073
-18786
-11916
27369
29110
1442
7336
-26863
-4171
-28197
-12674
22740
9598
12415
10748
22651
17534
3968
-12938
14462
28032
10624
17013
15850
30383
-11383
10107
1812
-24796
26663
15649
31845
-26463
18468
30843
-30550
-11193
25394
-29130
15014
-25996
253
-19180
29416
23672
-29562
-19081
-4237
17592
-15960
3777
-30813
6772
3562
-5703
-1628
2219
24079
-8009
-21023
-5503
5846
-28546
-16255
15100
-29061
27774
-15233
-22666
-25218
17024
-1409
16248
-25621
24744
2957
-32388
-29163
18214
-12248
-2781
-19609
17571
-11738
-10886
-18260
-4022
27956
15416
-7521
-3722
253
-4845
5866
1141
23437
892
-17035
27835
-18775
-24383
6821
2164
-8468
-18500
-24152
-15187
32014
-8775
9697
30591
-6952
-8066
2175
22012
-4741
16254
6016
24694
-12930
11392
10112
-20368
6638
30630
22928
5752
-9449
-16088
-19671
14118
-32408
-26716
-1497
-12166
-13904
-692
20022
10555
9373
-19592
253
-15343
-278
-3724
4752
14206
-11655
15551
3500
18882
3242
-7564
12269
7872
8364
-12112
-21236
11707
26083
-1408
-16421
-29824
22401
25852
16764
-26754
-9089
23414
-22914
7552
13184
-31626
-25617
22432
-9070
16762
-2792
554
-28628
13097
25963
22950
-32213
-16262
434
-1712
5434
-4803
-3178
-24966
253
-25585
30700
17271
-7533
-19328
-30340
4804
22190
-32060
24494
24948
-27154
-15677
-20305
-18508
5899
7613
3304
-5502
4062
17793
-13437
28412
-24196
-32642
-129
-1675
-6786
9856
-3201
-9353
9201
-27239
5270
-14981
-21222
-21973
-13522
16173
25197
-13913
-2770
20602
-4940
32340
-3268
32577
-7024
-32388
509
13327
12781
9587
30873
901
-20611
11974
7343
-26173
11184
1653
-23313
-8507
3762
-29258
24074
-25154
-9243
-14722
26847
-1919
-9600
30460
3453
32126
15744
-11659
-4738
7296
-4993
4978
31986
11672
26264
11384
-8164
-8915
23855
-2514
-18834
22184
-5585
-29062
21174
5718
2878
21570
-10867
-3715
509
-6644
22766
31605
11932
-1658
-10367
-24373
-27471
-13373
-5451
7541
18159
-21560
-5963
26044
-20216
2496
32233
-9342
-8223
12163
-7548
31228
24189
-19586
7552
-19339
-9346
-6529
-3201
31864
31731
-28017
2715
-134
25630
-2002
26162
-2765
-29840
-30552
14644
10618
-9289
-21159
13890
-1721
6022
-3457
509
-1781
240
28022
-4449
-32119
-30844
-8242
-22349
-3900
-27207
1653
-2576
-28469
29369
-19778
-3065
29122
19692
5764
8675
-2686
-28284
31996
-15491
29310
4736
-31627
29055
-12161
-17281
-30088
-8972
-18805
-1890
14203
28448
9777
11571
1591
-22670
10410
-12234
14202
-15942
-26788
-25788
31561
18306
28290
509
-27381
-23312
10610
-16220
-12404
12421
-20785
27572
-26940
-13639
11125
12529
-25908
-27975
15039
25351
14787
-23574
31873
-28700
17028
-28797
32764
-7811
-4226
-7041
14453
1919
7040
-3201
-3211
-9483
-8567
-10080
-29576
-21726
-13774
-3532
-11720
-24205
-31831
-20936
890
5308
-12706
32582
7500
7807
-28797
509
-12791
-8463
11637
-8794
3215
-6263
32723
-6730
-14651
-1090
-24460
19697
-23601
-23618
-3134
6150
10437
-7442
4997
18406
18052
-4218
-32004
-4226
2943
10112
11381
20095
-20097
-18049
-131
-22538
3201
-14684
-25988
2852
23604
28984
829
20854
-17493
-8132
17529
189
22882
21322
-29875
-1162
-30843
509
21513
-25358
-19083
-32341
-22895
12171
-18475
2232
20678
-3648
-11148
3571
-11823
-11584
7365
-17403
24518
-14609
-28283
23271
-30588
-1659
-31748
-16514
11135
10624
5749
32383
-24193
-10625
-27272
-31241
-30338
1959
-22662
-9946
25398
13112
-19137
27511
3245
-7107
31097
7360
3940
13899
30543
30580
8327
765
-26360
-24078
-12685
18350
-15723
24461
30424
1209
27845
20931
-8076
22514
-24366
17346
-22585
1797
-1338
2799
-23420
2793
29317
-20347
-31492
15999
28799
29568
-10124
-16513
-17281
-30081
-16521
2296
2938
15527
29305
25640
-32712
-23494
15171
-4489
15020
-20927
25977
-6209
-31898
24911
-12971
367
-9081
765
23047
-2317
-32393
13745
24983
-29039
-13093
13243
-28474
7879
-17805
29426
19926
24007
13516
18436
11208
-17166
14729
-24087
29573
26249
-29444
-13441
-13698
6016
-10124
31103
-31617
-27777
14974
-22280
-23439
-23381
13949
-1750
25146
13116
-28857
4475
-4947
-21181
-14216
-1343
-663
-31407
32341
27496
12426
765
14599
-27148
8309
22196
666
-10862
-24867
-7492
-7225
-13367
-26507
23796
19416
9161
-17971
3076
458
-21262
-21114
-7958
10374
-28025
-29444
6272
24959
17280
-28556
-9345
27519
-27777
-6536
25337
-29840
-18259
18554
-32467
-22468
-3524
17482
-22660
4016
-11706
-391
4549
-16020
-19117
26712
4198
-2677
765
-17914
-22028
12148
29111
30876
21652
1247
-25411
27079
10955
-5515
15092
-27431
19914
12750
-21501
5323
-7694
-29306
30956
19078
13703
-29444
17280
20607
28288
30580
-27009
-14209
21375
-32391
-15111
-30612
-28754
1658
15151
-14787
22847
13133
-31107
432
21577
-7303
24517
14191
27478
347
-2207
653
765
8198
5110
17014
-25928
18333
-8809
-10271
-66
-17209
-8498
32628
20724
16347
-29747
-1327
16387
26827
12021
-32120
20460
14468
-1913
-29700
-22912
18303
31104
-31884
-2689
-29313
30079
-8324
11258
4711
1203
-6021
32561
-20417
-17087
27217
31104
-8527
-10164
21626
-6714
-6287
-23207
26206
-12196
-882
765
17926
-28170
-24462
28092
23456
3223
1506
-17474
32710
18894
22388
27381
-22821
-23092
31953
12291
10700
-2061
18565
25324
28803
16005
-29700
7297
-31617
21376
27508
384
-32385
25215
-3724
-22534
23912
-15436
25719
-13516
-19902
-11454
17490
31873
-11086
-2995
20347
969
29811
26713
15199
-10149
24464
1021
-5370
3320
23408
25529
-29795
8337
1760
28091
29890
6090
4975
17140
11225
7115
23247
28675
6604
-8461
8323
13035
25982
-20865
-30212
-32127
-29057
7808
2164
-3713
29311
-28033
25206
-5382
2158
1724
32118
24882
1088
-20419
-20402
-644
23726
32584
-7307
2502
29807
-32169
10076
3935
-27761
1021
8198
30456
28275
-28484
-29793
-23660
20963
28349
4804
-16946
-11666
27381
26588
-1074
-26413
4099
31949
-5899
-13947
19693
29313
30851
-29956
27521
-20609
-12160
8564
-29824
8575
32383
-3210
11515
19047
-25410
-12426
-15821
-16064
-1218
30548
-22915
-8531
30540
-9357
21193
-4750
-25254
13408
14426
7056
1021
6406
-30216
18031
-26432
-20062
12181
-8989
446
29891
26575
-22161
-17418
6109
19407
15829
-1278
-21298
-20236
-6527
22766
24193
-26241
-29956
-6271
-27009
-23168
2420
1152
10879
-26497
15729
-29445
-922
-29249
3699
-17354
14658
-11200
-15531
-30849
13742
-32179
-11149
-22325
19316
32603
16225
-1448
-14703
1021
19461
-22536
-2447
-6973
-3163
32153
25317
-19263
-17723
-11309
-31376
-12298
27872
-22318
-12586
-25598
-6449
-20746
20614
29680
-16764
27526
-30212
-27006
-19073
-15232
18804
16256
-29569
28799
-21129
-18181
-22178
-24639
-12170
-25800
2883
16450
-17064
1921
-21586
-3504
883
-28468
-7561
-14499
11107
6483
-19309
1021
-3580
3065
5747
-5435
-19033
15518
23529
24259
-6203
12247
8048
-10249
20194
3798
-9255
25602
5841
-10505
2951
-26127
-124
22407
-29956
-21886
-12161
-29568
3700
30592
26495
7551
26231
-2821
3162
-30781
2167
4155
837
12100
-16031
-8574
-32593
598
-30350
-24881
25723
-24990
11112
-22450
-11628
1277
2309
-32007
20078
-14904
7083
28063
17898
-2623
-12862
-6700
-12945
16631
20704
-26158
32216
17922
-8752
-27402
-25213
-17168
-28029
8066
-29188
-21374
7808
-21120
-4493
29056
24703
18303
629
12796
-10406
-7995
-2188
2878
-953
3398
-12957
15746
-21076
12373
-28049
-23346
14459
5987
21097
-5557
-31595
1021
19460
18169
30323
-8246
29868
24227
-10261
-13115
19144
-13861
31601
-6665
-26139
-17959
14045
1794
-11822
5625
-18040
-29453
14470
27015
-28932
5507
10368
-12416
-9101
-17024
17535
6527
29822
13820
2127
25029
28538
-31937
10568
-7608
4200
-16506
-15695
32092
-32397
-26416
27521
-30104
3181
12101
23448
765
12036
-19975
-7310
-14642
-4689
-5979
-14355
-21305
8137
4830
-16271
4857
-8986
1757
-12833
-4095
11476
26617
22920
15604
-11642
26760
-28932
20867
4736
-22144
-7821
-32640
13695
-18306
-18311
27388
31820
-22585
25975
9284
25163
-10935
-27796
-3192
4532
-16801
22132
17108
10372
30060
-21391
3650
11674
1021
2564
-8455
32369
-8750
13235
16296
-18962
-5176
-14392
-18209
-19087
22265
32232
6622
19425
-9983
15317
15097
-12153
-27147
28295
30087
-29188
-15229
12160
-28800
-25485
-18816
14207
-642
-14216
-29188
5705
2761
-7306
6985
7502
10317
25200
18059
-5196
-15261
-8844
726
-9593
1647
-31885
6718
-8293
765
-14589
16122
-22923
10708
6581
16556
16112
-5430
30921
-23326
-29071
18937
15338
23264
-30238
-16895
-22314
-1030
-18292
5622
9095
25739
-29444
23940
17792
-18560
-13453
1409
13951
-4994
5503
-24836
-16575
-11829
-27270
23627
30544
-26800
-19083
-11635
26294
-17048
29045
10967
-21621
30834
-27530
24376
-99
1021
-17661
27642
3187
14807
-20552
3758
-17679
-21813
8394
27876
114
-18439
23531
226
740
-18943
31447
-13318
-2423
6135
7560
14729
-29444
-27516
19328
-31872
17523
-21888
4735
-2178
3450
-16644
-9153
20941
6007
6736
-3245
-15534
-3718
7055
6583
28780
9846
27097
32654
18806
-28037
-4299
4767
1021
-24317
-28678
-30350
31961
-17477
-28240
-18958
13516
-4920
9446
6514
-11271
24812
10723
486
-21503
7384
-4358
31625
-23049
-2680
6026
-29188
-124
22400
-7808
23923
1921
383
-12418
-29062
-12804
-25285
-14130
8055
-26542
-17835
31573
-1410
31632
-5961
-13456
-23691
-6695
6033
17272
9598
9522
-4448
765
-30717
-3846
-27275
14043
15293
9909
-6669
15054
-18999
23785
26481
-9223
20206
16358
17641
-23807
-23847
-7429
-1652
-3849
-17016
31116
-28932
-31611
-23936
-14208
-654
25985
21119
-15490
12157
-9220
-18890
25298
-21384
-171
-10153
-7081
6788
1683
26809
-22923
9589
-2086
12181
-1412
-8062
-8659
-6750
1021
-31485
3323
10867
-20258
-16447
32693
10484
-22833
12490
-9752
-2190
31482
-4370
4583
-4376
-24319
-20006
32763
24970
-13832
-14966
-13941
-28676
-25723
32384
-4992
7539
25217
-11650
-16770
15734
-5892
2358
-13613
-18060
-4006
28763
-3753
-31099
-7021
15290
11637
31094
29917
-6250
28030
21635
-25044
-5724
1021
29187
7163
18035
-2848
-24892
24248
17397
-10800
-11574
-15894
3443
6138
4848
32488
10731
-25855
-24613
2812
9868
25849
-17269
3214
-28420
8582
-15744
-8576
14707
16513
-15234
-30850
12668
-4356
-13009
-22572
5239
5215
-10915
-6565
-7286
30870
-15686
16762
5750
28125
31898
-6271
-31865
-32473
29350
1021
28163
-32005
-27790
32481
4293
-22852
29942
5328
-25147
2539
-21648
-11527
20463
-2841
22763
-26367
32219
25340
-18805
-4104
32649
32396
-27140
19590
-18304
-9856
3955
-26751
-10626
-24962
6269
-2820
27182
-12584
-11658
-3744
-4769
26206
-8304
-17769
-23366
-15236
16757
-31011
-9574
1668
-15735
-7132
-12377
1021
26883
27387
-21136
9445
-8759
-1605
-16650
-11821
-11573
3821
-14477
-3334
2034
10475
4845
-26367
30685
20220
-6519
31226
24461
-32116
-27140
-12154
-14976
16769
-4494
-31359
-16002
-23938
-23688
-1540
14891
26072
16756
-29338
-10654
-23713
29843
1434
-1348
-10880
5238
-20255
-28000
-1913
-20340
-23774
-8791
1021
25347
-24069
24691
19174
3276
6336
-23561
469
716
-32529
-20109
-11782
23795
30957
-15890
-26623
30430
-15108
-371
-22790
19341
-10610
-27652
28295
-12928
4993
-3726
-26239
-5506
32638
-26242
-1028
31526
15323
32119
14953
-3996
-9117
27289
-4965
4286
-28281
-17291
-13087
-5468
-26483
18322
-28898
31659
1021
24579
-15109
28276
18664
-1075
-24893
28152
-14634
11980
16881
-12685
10235
25844
13551
-27664
-26623
-20769
2813
-6514
-1030
11661
30607
-27908
-25721
-8064
23681
-11662
-16255
-16514
-22402
31358
-516
23331
19677
-10121
-1939
-28825
11877
-7267
11166
-3138
7051
-3723
-27932
4008
-15984
-8811
27420
20141
1021
24323
-13317
-4752
3818
-25904
29635
-26376
13271
-15669
31217
10868
-28422
-30476
-8977
25585
-26623
-4897
-6660
-18036
32763
-24690
18831
-27140
-7289
5505
4481
-26510
-3711
-32642
-27522
27260
-260
-16096
-23843
118
-30863
-22935
23398
-25185
2463
-22594
-13940
20854
23010
6569
-4718
3992
-10215
-8018
1021
24067
4092
14195
-14357
-22061
13513
-10503
-14631
-26932
3828
15731
3323
12790
754
13555
-26623
-11295
25853
20880
-1797
15502
19600
-25348
-17016
24705
15489
-24206
25474
32126
15998
-26492
-4
7196
-6687
-28551
3702
-21652
-24981
-20311
27298
29375
-28523
16245
-7451
24239
5273
-19554
10518
25521
1021
23811
12028
-31374
-31762
27095
20685
29690
23515
-14387
-18955
-29837
31995
18679
-31501
1525
-26623
17379
32509
-2417
29948
-18290
-11375
-24324
-32375
10881
13697
25714
5250
32638
9342
27007
253
-29670
22756
-32138
1661
-11152
-11155
-13905
-23388
1985
-15974
-14475
30185
-11341
-868
-13661
-30700
-4685
1021
23811
18428
-3728
28656
-28197
22735
-5382
-24356
24013
-12810
-27533
-25349
-265
5621
7926
-26879
22500
-29187
19343
-18948
-32370
-12145
-23812
-5751
12929
26497
-6799
21634
20606
9854
-14467
253
-4329
-7450
-30603
-9086
11125
6769
-3660
-27994
7874
7072
18805
-29717
-17225
-9310
-8024
-4079
-8011
1021
23811
23292
-17292
-10767
4317
16084
22523
22238
-4149
-32008
-20366
26875
2809
-16138
28663
-26879
23269
-18179
-6253
-14084
-11635
-32109
-23812
139
31105
16513
-21903
-4478
16510
15486
13444
253
4884
-24087
-18824
20872
6008
12917
-1094
4266
-28989
-22617
11381
-14612
23485
-32088
-9043
11279
-8264
1021
23811
24316
-7055
-8206
23775
-30764
-31237
222
-20021
-14344
-5262
17403
12281
-5642
-10249
-26623
27109
-19459
-29552
2813
-25715
-17265
-23556
15243
-27007
-4736
-10127
-6014
24702
8830
-25474
253
2323
23530
22133
-21876
-3717
-10634
-13123
8106
-15932
30633
-14219
-18708
-24642
17322
-22608
11278
442
1277
23811
27388
9071
-23821
-11553
29909
-20741
26843
9157
23288
-23953
-13574
-23304
-3851
20215
-26623
8932
-19459
-7283
-14596
-2678
-14964
-22276
-15733
-4735
16257
-16527
6787
-643
-1923
6014
509
16658
1517
-13453
-24176
-32130
29818
-2880
11691
-11328
19625
14452
15084
-20035
29097
31408
29964
-3910
1021
24067
29948
-13966
16883
15582
-4399
-17157
16861
1223
-7176
9838
-10246
25337
23543
5624
-26623
-23067
-16131
2449
-17412
7818
-31346
-22532
27020
-1919
641
-13711
24963
29822
-3971
-20098
509
-26863
-6161
22900
14735
893
-13705
11202
-14933
15553
-25685
16241
10734
-12096
-10580
3763
4108
11708
1021
24067
31228
24431
-17164
-9503
15315
-9221
30173
5062
17145
-20882
-20486
-24839
2296
-7944
-26623
5350
-17667
16782
-1540
-8054
-3956
-22020
-13684
10114
17281
-12943
29315
11390
-12419
18295
765
1041
-14608
-5521
-18283
-11135
-6792
-21564
13229
5057
-11091
-20879
-21521
-17214
-13649
25782
16139
-24899
1021
24067
32508
-17297
-21515
-23837
14550
9980
30942
8901
8698
20590
29434
8698
4345
31993
-26879
-14618
-14595
-10609
9981
21643
-16243
-21764
-13171
-7295
29825
-22927
-22141
6014
2942
14973
765
25870
-2319
15730
-15207
-25724
-26243
1483
6831
31169
16820
-12176
5360
-21562
22965
28859
14857
-25153
1021
23811
32508
24689
-28426
-21275
1753
19452
-14369
15559
-12038
-13203
21754
-25862
-32007
-10759
-26623
1768
-13059
1425
21501
12683
-14450
-22276
23950
10114
-29823
24945
2436
-6019
-16003
-7555
765
13837
-6669
-23694
5023
31112
-18816
22479
-17999
-21566
15801
30576
-32270
-20534
-30536
-26946
22280
25794
1277
23811
-30724
-11412
-4617
7145
32474
27388
-21280
17094
10747
1646
-26118
-4614
4858
-30982
-26879
-12568
-13315
-3444
30205
11404
-21364
-20484
-9074
32130
-9599
32369
-8829
-4227
-23939
-10888
765
-6644
11765
-7826
24486
-32627
-13438
24530
-24141
3267
3260
13936
-1292
32205
29371
-17727
-20729
25540
1021
24067
-32260
-7569
21496
-23
-292
32508
32225
17093
-23557
-7572
8442
10747
-23558
-16902
-26879
-1560
-12547
32144
-30211
141
-1905
-22020
16015
-24190
-25727
30577
10116
2174
-6787
-29314
765
-5366
-10251
14705
8105
-4978
27014
-24362
-5452
24258
9921
7279
22260
16080
-20033
-13372
28934
-25147
1021
23811
32252
-31120
-20488
26347
-28706
-31236
26850
24005
-2565
-21652
-7431
26363
4347
9211
-26879
-23063
-12291
-27247
-27395
-16243
22929
-22788
-24177
-26750
22401
32369
14468
-21123
-9347
30589
1021
6666
-32522
-13456
4524
1938
5768
15832
-10827
32450
-13629
9839
25589
-12078
-8510
-31800
-4859
3015
1021
23811
31484
-659
19705
493
9183
-29700
4322
452
3068
15725
-27399
-32517
14843
23035
-26879
-17175
-12547
1679
-23299
27789
-13426
-23044
-3953
-21886
-19839
-28559
25988
3966
-5763
8315
1021
24073
-8458
-32401
-13392
28053
-20343
6618
-2890
14786
4549
26991
19189
18388
11204
202
18181
20680
765
23811
30972
20338
-25351
-8467
-3868
-25604
30436
15813
-27396
10350
-32519
-13061
-7941
-22789
-26879
-11286
-12291
-3437
-22787
-4465
8595
-23300
-20592
-12670
-23935
4978
-14204
-387
-13955
-18301
765
12552
-17417
1140
31667
-13162
-13939
7390
-16712
30402
11467
15981
10998
4824
26313
-11059
-24828
8906
1021
23555
30204
112
6138
24303
22758
-24324
-27421
-13375
-28932
-20627
-9736
-19205
-24325
-22533
-27135
16106
-12291
-18031
-21251
-1907
-1137
-22020
1681
4995
-3967
-11151
-30076
1406
-18563
-27011
1021
-1273
31224
-16017
-6729
-30822
-30065
16352
16314
-830
-20021
-5779
-32522
-32041
-30776
8398
11524
5067
