-8078
-8068
12415
-17800
-29828
-8320
-15744
19313
-29500
6111
-32665
-29060
-12281
29458
27411
19468
23884
-25970
-22515
-2952
-20595
19496
-25832
-27110
-14374
16476
28973
16744
-29377
11625
23913
15754
-15514
-16006
-1923
-2688
29561
18050
20866
16748
-11229
11005
-28134
27521
-26110
11011
1028
-8958
-13792
26720
-15758
-7812
6527
-13704
124
641
-7808
20842
-19769
-4386
-18073
-19336
17672
788
31252
15116
31565
13200
-8691
17530
-23153
32297
-3560
-3301
26842
-32163
-12246
14436
-12479
22634
-7323
25484
-23450
-8582
-4227
-2432
-8072
28034
30338
8296
11558
10749
1818
-7810
-26110
16643
3588
-8958
30496
-20385
18803
6013
17535
-29832
29820
-7040
-24704
-144
1993
28636
-7576
-7557
26888
-22764
-3819
7437
21071
12946
-7154
-18566
401
9515
14874
-27364
-17961
-12194
12590
27752
23106
25450
-5272
-21875
615
-10630
-3203
-29056
-31367
21890
26498
-8594
15655
9981
30746
30338
-25854
20739
13316
-8958
-2015
-29343
-25485
2429
16255
29560
-32132
-2944
-8320
-23439
-32310
29914
19562
27772
-19192
-4588
23063
23565
14672
-23149
21775
21882
-12655
32300
-4070
6685
1750
-6817
32305
-7832
4421
-5782
-18838
3986
10855
-8326
4478
-31616
22649
18818
29058
-2452
29736
9469
-7142
2178
-25854
22019
21508
-8958
-25055
15202
-19085
-5764
6271
29560
19324
-18560
-10112
-2707
-15156
-5926
10091
-11655
16393
-23531
7447
-13043
-30640
-30317
2832
-11142
-7022
18989
540
-31457
-28203
18016
15663
-14490
-15547
22635
21353
24212
12903
-13446
-2179
-31872
13689
14210
26498
8811
24362
8957
17435
-9856
-26110
25091
17668
-8958
14626
6754
6260
-132
11903
21368
27516
-27264
-28800
-5517
24526
-2345
-31636
-14468
16649
2070
-9704
-17138
-31150
-2668
6673
6522
-7277
9775
27677
-19168
-26926
-21407
28979
-16790
-9914
-30870
16490
22933
-32665
-13190
3198
26496
25721
8834
12674
-19342
-11477
7933
13084
-17020
-25854
27139
30468
-8958
-24541
-21661
27508
2685
-31873
-9353
-25220
-20864
-32128
-27279
-32560
981
-10642
-9093
-10487
-1258
21017
4624
20308
-10346
1298
-2950
-28266
20528
7966
-5599
-7217
-32670
13110
1385
10313
-26517
-29334
-28519
-18841
-21382
22398
-2689
25977
7810
11138
31085
-9683
6653
-6372
-21887
-25854
-32765
-31996
-8958
37
-31131
20852
-2436
15231
-8329
381
-32128
-24960
-17808
-14126
13526
25967
-14982
22282
11800
25369
-3313
29014
-26983
-28910
-30340
-11114
21298
11040
-15070
16078
-29085
10804
-27799
-182
26221
3948
-8039
18535
-14214
-4995
-6017
-17031
642
18818
-29842
7216
6141
14364
-28542
-25854
-26621
31492
-8958
-5592
14701
-24460
-388
28031
-8329
637
-28800
-27264
18810
-20525
-1839
27504
17024
29707
22297
-30435
25361
31575
-25446
18709
31101
11159
-716
2083
-23771
-31798
-25755
6460
-4242
-1972
9838
-657
-24929
-30361
-26246
8318
3968
-23175
7298
15234
-25229
6193
3837
4637
-30587
-25086
-22525
2309
-8958
-12248
23404
-6028
28029
-28545
-3977
-388
20352
-28800
12916
-11563
21457
-2447
-19844
14348
16922
-26339
-3311
-1192
26524
29973
-13699
-24935
-19659
-25566
29222
-19255
-22938
17723
-16021
-18609
-13714
17006
28322
-26265
-1670
19838
5504
32633
-3711
12930
24941
29747
3581
32029
6274
-25086
-18429
2053
-8958
-27095
22892
9845
2941
-26241
-20361
-4484
21632
22400
-25742
12248
13777
3700
31611
-16116
-18149
-26849
-16622
-4007
-15973
21014
-9347
-8294
15159
17700
-15577
-31032
-7322
-22982
13163
5712
14958
3693
-30300
-15001
-12678
28542
-17281
-26759
-6271
15746
16240
12598
3069
-10723
9859
-24318
-6141
27909
-8702
-27606
26477
21877
-29059
32127
13431
12413
-31616
20352
26742
-13607
2764
-18826
-13699
-17139
29980
15392
-19948
-13477
9117
5912
26749
16540
-26056
-24795
-2009
12484
2665
16962
6510
-4784
1902
111
-30809
-2969
10107
27006
8831
-28551
130
-11903
-2959
12856
-260
4383
9860
-23294
-253
23301
-8702
-12501
15727
-15499
27773
-32641
10615
15485
19328
29312
24944
27612
9164
-22152
15738
16398
-6883
13600
-28140
13404
926
-6633
10622
-23906
-29639
-14555
28713
30659
32617
5440
-407
-941
-8850
-18836
20906
-921
1147
14718
7807
-24455
-8063
3970
-23702
-19397
-260
24095
-13953
-22526
11780
25093
-8446
28715
-26257
-1931
31613
28799
16247
7805
17536
-17792
-26510
17118
-21303
-2182
-31878
26638
24350
-6624
-14571
16221
3998
21016
2173
-610
-22726
7718
27689
18624
-27542
23361
-21141
14420
16237
17004
14508
15464
379
5246
7039
-27783
-10879
28546
-22160
19774
-2564
-7136
-29566
-22526
19716
-12795
-8446
-15828
-3728
25718
-27779
-25217
-8842
19581
25216
18304
19828
-8737
8389
-17026
13947
-3058
4383
-29662
-20713
25694
32159
538
-32388
13729
1341
-22488
9772
12476
-17557
8263
18796
-10667
4205
31597
12207
21608
10107
15486
-12930
-16007
130
-1151
-28303
-17600
-7684
-25822
-12158
-21502
26116
1542
-7934
27437
-4238
-17290
31869
-23681
-4746
11389
18560
22912
-29076
28898
-11836
30336
-4746
15632
32032
-29662
4888
1887
22687
6170
-1668
26275
-21955
-5080
44
7867
-13972
-8125
25192
16216
21613
-11927
7347
-20120
-2694
21886
-13954
-29063
-6783
5762
19309
-5052
-7940
26659
-8577
-20222
-26876
13318
-7678
2094
-12174
9591
-20867
31871
-17546
32125
10624
12160
13426
6372
31936
-13182
-27783
10000
-19680
-21981
12314
1120
-1634
16156
-25477
8612
30783
-17878
16686
8886
-12179
9289
29035
12121
-16532
-32148
-11595
361
15995
7550
-30594
4218
-12927
-3967
18803
-10937
-15108
21797
-21118
-20734
-21500
-29178
-6910
7728
-24716
30327
-22659
-21889
20598
-24451
29056
9088
-7566
-26395
-17476
6022
10618
-17648
-31967
-19933
-24549
-18847
-23392
-7139
4987
9637
-9663
-10195
3377
-6480
9583
22349
-29332
9051
11117
-3220
-8781
3433
3707
23422
7038
-10887
-14719
-6271
20593
-25526
-22788
7974
23426
-20478
-12028
25862
-6398
-14543
-13961
-11145
894
-21633
-26762
-19843
20608
1152
18030
-8985
-836
16776
20855
-5103
-24287
-31454
21020
-29599
-25698
-26595
18297
15016
3650
-15828
-14289
16050
6768
-7605
-20119
22620
-2965
-26008
-26949
28777
31355
15998
24702
3962
-6783
-7551
365
15951
-22020
21801
14207
-19454
-27644
2822
-6142
23344
-11403
28792
-7043
-10881
20342
-12931
20096
23424
5749
-280
-13898
13963
12922
23314
4898
31524
-9954
3683
-6240
-5345
-27784
20648
28740
3887
-29391
18860
17778
10067
-10643
2399
14956
-16788
10687
-5015
17787
30590
-7811
8826
-6783
5762
-3980
-19887
28924
-29141
6019
-19710
-25084
23046
-4606
-3791
-2953
-24968
-6787
-10881
22390
3454
16256
20096
28530
-14614
-21581
9614
14713
-9965
-25053
-7388
21025
-21405
28576
-9695
15224
6315
12358
-22992
-6348
27305
3955
-2218
-10389
-27295
-31124
-11925
-28478
-12695
12923
30078
-643
13434
-12159
1154
19566
-11947
19964
16941
-28801
-16638
-10236
4614
-2558
24369
23414
5753
-5507
-1921
17782
11134
15232
-12673
20848
18924
-19534
-28016
-20105
-20716
-29148
-22491
31266
32612
-27488
-16350
120
-2389
-25529
-17614
-26569
-12634
20596
-29100
107
-11165
17004
-2966
-7484
4202
14715
-24706
-8579
25466
-17279
-15487
-3988
-28071
16636
-17874
-30082
-15358
261
8454
-1278
18481
14198
-28551
6270
-11137
-13707
7550
-3969
13952
-3209
18413
-25941
3987
-23173
-26091
-17627
16424
-31707
18534
-20832
-19675
24951
11950
-11958
-14540
-16841
13984
-12683
-8098
-3217
-31899
26988
-23186
-826
28778
23675
32638
30077
10874
-27007
-8575
6257
18012
-8453
21040
5249
-14078
13061
-20730
2307
5170
31351
-27527
22910
-12929
-395
8574
16512
-4225
4210
-20754
-27222
-25707
17016
-14570
-19162
29736
-29914
14951
18594
23334
-20617
-1617
31051
8246
13626
-1634
18039
28766
16748
-9881
1645
-8084
30154
17514
-29317
29054
-27523
13690
-11903
-21887
-26518
15456
-11781
-27087
31869
-11518
20997
-32506
3075
-21710
-23432
-12935
21630
-9345
-24203
18046
-2433
-1153
22897
4592
18344
22935
-25737
6424
-16344
-15319
9000
-6041
-28254
-15321
-32393
4017
24909
6199
22331
-23909
10872
-32162
26220
26729
109
-6293
29132
-29334
-29061
25726
18557
28026
-18047
-15743
-10388
31076
-21765
4403
-3715
-9214
-21243
-762
5891
-9166
20344
-28806
27518
-9345
-27531
-26242
2432
-5505
-22155
-13584
22689
-28518
19834
-2792
15401
-32726
-16854
11114
-28509
17705
11383
-14926
-31921
2105
-29892
918
-16263
-1178
-25490
19307
-24468
-24467
975
-28309
-24197
27006
381
-31366
-17023
-15743
5743
-7578
10235
15925
13183
-5886
-14587
8199
9475
25396
-31880
-14214
24958
-7809
20853
30334
3968
-8833
-2194
16882
2208
-7781
26230
-17126
4395
13867
15404
-14230
-16221
-24022
-30857
1973
-13488
15418
24894
8340
-18054
12901
2155
10606
5485
7532
24530
4459
-27269
-32130
-19076
30330
-9855
-18047
8807
3436
3323
1590
28538
-1022
7686
11015
11267
22836
26233
9595
27774
-7809
10357
-18562
8832
-1665
26738
-17166
3228
27549
21367
19995
-3541
-21716
-14803
-10388
4006
-11988
7800
-21326
-18606
-8387
15169
-15220
-10629
28006
3694
23662
-25747
-5011
-18736
25963
-21125
29310
28540
-28806
-21375
-14207
-25490
-12179
-22022
-23243
-17538
771
25350
-31737
14083
17975
31613
-27525
16510
13952
9845
-25986
-9089
-641
-22925
-25101
-32360
-18784
5752
-26340
17708
-20691
-32208
11117
-19290
13870
2678
-29769
-428
3902
-10943
8077
-29827
-29585
16750
-23182
3437
28525
26838
-5781
19579
-8322
30588
-23174
-31871
-7807
-12691
20081
22266
21049
-17283
3843
26118
-3833
19971
23349
-4742
-20869
-28290
-1409
-5772
-24706
128
-23425
-22933
-26636
-20838
-11615
-25997
16670
-31699
13358
23090
622
-29274
18223
-14987
-7751
-9387
-27329
-7357
-8819
7294
-8855
-10391
-29068
-25747
4202
-27176
-6549
-20357
-32642
18556
-27782
-21375
-29311
12649
31605
-28166
22330
-16262
8195
-22010
-9209
25347
-19147
19067
3196
30846
2432
1909
2175
11136
-13953
-8591
1781
917
6051
-7818
-4578
32046
3887
10292
-9874
17319
-21200
17013
-4679
-7081
23616
-7100
-21880
31359
19056
30317
-32651
-18836
-12181
-12839
12908
-29317
-19842
24188
379
-12927
31873
-29841
30327
-2567
-4037
-1411
9475
-9210
14344
27907
9783
31356
-29572
25982
8064
-3212
-13186
-15745
-9601
-14735
-18699
-20848
-13915
-5514
-27105
-30673
27951
-6090
25967
167
-16590
21108
-68
27481
-21694
19015
-18811
-8320
-5515
26221
-17802
31851
5995
7899
-26260
28539
-16258
10620
-21126
-31615
-12671
30828
-16262
30457
18494
-17796
11011
13319
23304
-30973
15671
5501
31868
23934
10368
-11404
-1922
-16257
-22657
9326
-32522
32399
-27738
15732
-11232
-16849
-15057
25144
20848
24742
3380
2676
5566
-166
26435
-10424
10628
20865
-12430
-30357
-17287
-21396
11626
31453
25964
29819
-10114
5756
-10630
-31871
-24959
12138
-14466
20985
28479
-15238
11011
17671
20488
-25341
18232
125
-2948
-19330
6272
-5516
-15746
-1921
-17537
5751
-24586
-11642
-28250
32633
-17375
30256
5681
11323
-24463
-20056
-7369
-15500
-21058
29278
-6587
20555
2685
-24957
1148
17009
-25988
32110
17262
5086
-13972
-17029
-18818
380
-20102
-23167
-19839
20081
32639
3832
-5311
10623
6659
-4090
15368
-17917
12344
-1412
26749
-28034
23168
-9356
10879
-23937
-12417
18036
29943
25476
26537
-12169
18468
21554
27697
-3012
-11917
20906
-18376
8821
15810
4960
-2490
26955
-6022
7813
23934
-29073
7297
-28049
-1426
16353
12141
-22661
-3970
1660
-2182
18049
-21887
-26773
18820
-21513
-23997
30843
14339
28935
20232
-13309
30008
125
16253
-12930
7808
32628
12671
-23425
32383
-21390
-3337
-23166
-20311
-2186
6438
-20941
8755
1600
26740
-27223
-7622
4725
-27966
-32159
30281
847
13176
32645
19325
3951
12674
-7313
19822
2275
109
-12677
-23170
-30597
10875
21121
27521
-11926
22663
23799
30532
-4998
20739
-17145
31240
-3837
14649
17533
-23171
-18306
14976
31092
-23937
-17537
-22913
-29574
-1545
-16517
22186
-20613
5414
22068
-15307
-4542
-7051
7083
11326
373
32706
-28829
20043
-28336
627
31366
13702
13427
-16509
-26256
-24717
-21277
21357
-20869
-10114
-26757
-31877
24705
29569
11631
-30073
5878
6213
11390
25091
-6393
-1784
11012
23610
-898
-9347
-21378
-1409
-30860
22143
2944
25215
14708
-25352
17540
22192
-4746
21287
-7114
-31946
1346
-3979
16296
14394
-21385
-9539
-5793
-8632
8526
-28557
19078
-11907
-7825
-21635
32111
-657
16859
24173
-24453
-23170
-32645
7547
-23679
19585
31594
-24437
-27401
-9917
-9093
-17149
-17656
21257
9220
32060
12162
-13443
-20098
15488
11892
-31617
-7297
-28545
8309
-16136
-9608
-30549
-11401
-3287
-3529
9017
-1212
-13448
30638
-14528
-6026
29381
-17049
-24242
30291
-27793
-20600
-23420
9841
-13687
3442
-17295
-11034
27245
-19077
-13186
14203
17019
-28543
31361
-31891
-13940
-32011
-19643
28796
-20477
15113
-23030
20740
10812
6017
6782
-18050
13440
28276
15999
1408
-17793
-1672
-6664
19060
941
-27526
8490
23864
-17863
-25784
32122
688
-17341
-10634
26822
24169
1360
14421
-5525
-21879
12940
8051
31882
4722
-30349
-21529
-32147
-21381
-16258
25467
-5254
-22911
-19071
-30609
-6003
-31500
71
-2947
-15869
28937
-25846
-31484
11325
-19582
-19074
2175
12672
26740
15231
6784
31103
-7567
18937
10868
-32595
2423
4652
826
-31687
-4280
-23430
-26961
-26301
4471
-13370
106
-12976
21589
28267
6538
7304
4719
-21365
-9102
-14735
-17944
8302
-645
-14978
21115
-9350
-16511
21633
-12185
-10352
-32524
5703
-20615
-4093
-3831
24842
-26620
-32195
5251
-15746
6271
6784
24692
25471
-23681
29311
-29579
21497
-19854
-17490
-13705
11308
18234
-3525
-19128
29563
-22610
25156
-7562
-3131
29290
5970
-25002
-1432
22154
-13175
-9615
-13684
25715
9332
-8472
20846
2940
-19074
18811
8315
26241
25729
9838
9617
8180
-21433
-22404
-10237
-2295
-10997
-22012
8510
-3199
1663
4991
17536
22132
-16257
-17025
-26497
-23945
-31751
-15762
14256
11385
29229
12603
-1477
1099
31100
-7761
-10427
-3466
-22073
4716
-32430
-18858
-7066
6284
-26737
-9870
-18292
-25230
6002
-10776
-26770
-6789
-9090
8059
31355
32385
-31871
23919
-22638
12275
12873
16253
1028
19210
12044
-16124
-3010
3972
9343
10879
18304
15220
-22913
-21889
29823
-16784
-7175
-18833
-29520
-652
16175
23612
4668
11340
16764
-31312
-17082
9335
29640
-23700
29011
5720
22374
-32116
-28791
11631
-11889
-16013
17009
14058
-9618
9084
-386
1147
31611
14977
22657
-7061
-14187
26867
-29879
-31622
7940
-20982
5644
-8444
-19905
-1917
-31361
11903
28032
15220
-21121
-17281
32639
-650
762
27243
27569
-9353
1328
-14276
15678
29261
-8579
-11600
14665
-11402
-5177
20078
-25004
-9639
-1951
-5235
-11889
4467
21392
-29069
23923
-5910
11887
9596
-4226
3963
-31877
29313
17793
-21646
-7530
18162
-14006
-30595
11780
-18166
-30707
1797
-32447
-16507
-26241
13695
25216
-2957
1664
-17281
31871
23159
16634
2408
-2638
32120
16177
19774
-6339
26960
16255
9650
-14774
22647
-18231
9840
-5546
18778
-3233
-23922
-19052
29043
19090
-6029
-1420
22763
11631
2172
-898
-22406
-20613
-30335
25217
-18065
17561
23025
2380
-25476
23556
29195
-6132
14597
-6335
10119
5504
1407
24704
-10381
-15745
-17793
29823
6260
-28678
-12184
-8525
7798
5939
22079
-14273
-21933
1919
5809
26957
7543
-24374
27249
-4776
-21665
4959
-6258
-21360
-28303
2707
2932
-16015
18156
-25233
4732
-386
-24966
-32645
22401
25985
-1427
21660
-29455
-6580
-24965
26628
-19957
-12532
-29179
25922
21384
21120
24703
-20352
116
-4481
-29825
12159
15479
-3846
-25484
13759
-396
-7888
-13506
-11455
21584
22396
6569
-9914
21878
-13630
-11416
21841
-4777
-14496
-18547
-8818
12914
136
-27026
-20882
-6174
-4753
19836
12671
-30598
-13957
23425
11649
6261
15264
29940
-21169
-4994
32516
-30453
27918
25605
24130
-5243
14720
6271
15488
-18061
2688
21375
15231
31352
-7942
20064
3510
23929
-23243
-30911
-7359
19287
12418
30900
-23983
32631
-30260
-25996
-17573
-3488
-26792
-2927
-31591
18804
-15978
23157
3190
19694
29807
-6021
-9602
28794
-22149
129
11905
1648
-8801
-4882
24911
17277
-19708
27148
23310
-4859
-25788
7307
-22144
15487
-2689
-21645
14976
20351
6015
10866
17915
-28056
5821
23156
9012
24896
24894
28245
-30338
23214
-18356
-18574
14539
4722
-27302
-26529
16220
32656
17043
8816
18834
-25745
19055
-21523
-9361
13436
-18818
15482
-6021
10625
-5248
-2197
-29276
31473
-19885
-22919
-24572
16652
-1524
-18171
-21694
22151
7809
-8321
27264
-32653
17792
-27521
32639
32121
25339
-11423
22975
9081
-21708
-14784
-27840
-423
-8065
-20817
81
-12687
21963
9077
7518
24419
-30889
1682
16797
-24204
12435
24174
-26255
-26898
7024
-32388
-1922
4218
-2949
13185
22913
-25489
12710
27887
-22699
18812
-17660
32524
29197
17670
-14525
-121
6529
24703
-22912
29299
16768
18047
14463
-6285
-27141
-4767
-4416
-24971
3383
-28862
17728
32600
-1408
-14673
5456
-28814
-17203
-16523
2909
-30366
-32426
-27246
-12133
-20367
-2923
-401
3952
10735
-657
8572
6015
-3463
-10373
1921
7809
13929
6825
30959
-31146
-7048
-5628
13325
26381
518
-6589
-28792
-25727
-26241
32128
22387
22400
-31361
7295
11894
-17413
-16550
23486
-20874
28729
31043
28738
8541
-18558
18608
21588
22387
8911
-23176
18784
-8603
-13232
24980
7837
-9102
-8550
-10638
-20623
12016
15728
13180
-9858
-6535
-7045
16513
-9344
4972
28075
-4116
-25001
-14471
-13308
-19444
-21235
-28410
19012
-30841
-19583
-26753
17792
14707
22912
18559
-130
-29575
-8197
29524
-2112
-28040
-8902
-14780
-18877
11363
31364
-30030
5977
-398
-8753
-6277
-1438
23657
-23476
-31851
422
18549
29084
-24717
-907
32241
-26256
21884
-5250
-20615
-6021
1409
-4480
-12435
-13139
31722
8538
-19334
2565
4365
-27891
12039
27717
-20343
-3967
-31361
-9088
24179
26496
18559
-11906
4211
6908
7509
3779
-21643
15422
8007
-7102
-10654
-15228
1971
-3496
-19341
-22062
-10116
20836
-16279
31052
-18538
13474
-31887
26783
-8589
15474
22002
-17040
18300
22399
-17543
-7813
641
-19584
-11930
5042
-15382
-23973
-906
25861
-14323
23821
6919
20037
-2167
15490
-32129
-24960
32115
21376
22143
383
-5514
14588
18769
24004
-9098
-31425
5704
-13243
-921
30086
-2382
-25763
23411
4563
-21377
10599
-21395
-3257
20632
6566
14708
-25183
-5005
22132
17907
-3472
17532
13951
-11399
-6533
897
7041
-8084
-26956
2793
15965
-16007
27909
6158
7950
-11513
-30650
7051
-4734
-14465
-24448
1907
-14720
3967
13951
20089
21756
31309
10694
16504
18499
-17846
-30391
14700
2185
-586
-8095
-7564
-9771
-3454
-20887
-30608
-13244
5786
-15698
6006
-20317
14964
-29324
-7949
-24719
29564
19327
26745
18300
-5248
5761
-8338
15287
17639
-3747
24955
5894
9231
-3825
-22264
24904
-12148
2179
-26241
6785
-2190
-10624
-130
-3202
-20366
29692
-9396
-11834
-6797
-7355
21580
28490
-2453
-31863
20406
28769
24437
7639
9348
24683
-11919
-17597
-10342
-24407
-30094
-8282
-908
-28047
-26380
29297
22396
32127
-28551
22396
-19328
-1664
-32661
28602
-2074
1887
-22920
23558
-16625
-8432
-19448
25161
-4980
24707
-11393
-11136
12915
-3456
7807
3455
-7817
31740
-3765
-27190
23414
19527
-14257
13648
24688
10891
-12107
-12446
-6027
14291
-21373
23403
-15758
32063
-3686
-853
-139
26274
23412
-28300
28660
882
-28804
18815
17785
-28804
-14720
-5504
-7307
16059
26086
-10659
19838
-17657
4627
11031
-11511
6992
-5740
-25725
-7809
-11648
-16526
-3456
13951
14975
26745
-27396
27207
-16437
18039
22601
-18352
-8112
-12686
-29556
28855
19558
-5771
-17963
16520
19823
7542
829
-4964
26802
-21130
-27227
-30604
-18060
-18187
7282
-20100
22655
-3464
21116
-3456
17025
18034
24254
4068
-29600
-24452
-5625
29715
-10730
9738
28752
27029
-8317
14208
-13952
-1678
-12160
-12162
2943
15477
-20228
-9146
-26931
11380
11339
4433
-20145
14964
29068
-30795
3686
-25996
-18218
-27256
-11408
19319
59
-26211
21422
-15756
-20824
12661
-6796
-28426
-29070
-7812
19839
-1416
23420
-20352
5249
-18834
-32318
-18717
-10141
-1927
-29433
4883
-16875
15114
24911
12436
-28796
21120
-9088
2675
11137
6015
1151
16764
-17924
14145
-6705
-20361
-1973
31058
-9645
15225
-15986
-19275
-21654
-12685
-19755
10379
-17548
2938
2358
3487
-22602
23417
681
14453
10360
-3594
-24205
-7556
30847
-6792
-20356
-14464
-3968
18294
5572
14304
-31130
382
-9977
-7149
20503
19723
-27311
-20076
-7036
17536
-10112
-2958
4737
-5250
-1154
-1416
-14340
14400
23761
14710
8271
12884
3667
-3719
30607
29365
28266
-15757
2519
-2677
8052
-24455
565
-13921
27830
19575
-4951
26741
28278
1783
16756
4733
27263
-17032
-19844
-22656
-1152
11120
-18746
-23073
-25752
32634
-21496
14100
-20715
30219
-8368
1171
31109
24960
-9088
-1422
22657
-4738
-11138
-22153
-8708
13630
-20269
-27276
22611
-13738
-10667
21631
-15472
-30795
-6802
-20877
-1321
8079
12151
7550
-18383
12449
-12619
6519
-14930
28534
3191
10232
13941
9597
29567
17016
-10628
-20096
-13184
-27793
-21557
10462
-26517
-20359
27657
-18411
17431
-18420
1618
30355
-2427
-29568
-3968
-10382
-23935
-2434
-12418
-30082
-5892
58
28119
-28552
32342
10585
18007
-25469
-28014
-21577
25458
-2958
26074
9875
26747
18816
-24274
-10333
-32064
7803
18608
-27275
12665
-25096
-907
26493
-23937
30840
25981
-12416
-10880
23923
-20785
13275
-6033
-10885
5898
5655
-2793
-24307
23635
-17516
-123
32128
-3456
-15246
30849
8831
-8578
-11657
-3588
-27592
22748
-6796
-5031
16217
-30892
18313
29586
8375
5495
28529
5600
-29545
-17537
-19068
16942
-18011
-27453
14711
31671
19828
-2956
20217
21366
24445
-28545
12664
4221
-5248
-4224
1644
-21806
22746
-12174
-21385
-2040
-25323
18709
-15858
17489
-22637
32390
-21888
2945
-10638
21377
-20866
-20866
31096
-1284
-14790
23784
-15501
19048
30808
4945
-4972
-2413
-20549
14971
-11662
24045
23714
-18040
8335
-4819
-32599
31943
11895
21194
-19341
-26252
-13318
27255
-17027
-9601
13432
18301
-20096
-3712
21108
30678
9948
-20616
3707
19720
-27377
-2800
-6640
16717
-18543
-3962
-22144
129
-2190
-32127
-14466
-19586
-26500
-260
24888
25324
17525
-6798
-9638
-28332
-20835
13464
15550
13442
21618
17139
-14166
-14449
-8044
-20949
8876
2256
-30087
-31023
-6541
4214
26619
-21897
-20099
-9601
18040
18557
-14464
-13696
29302
10970
28122
9087
-6020
27657
-28914
-1008
-11757
20556
24725
4743
-13952
10369
-7054
19585
-9346
-15490
31093
253
-25033
-530
4976
-24963
29791
26197
-26209
16026
-24382
23936
11380
-12044
8107
-5746
-3435
-26072
5294
-6964
23925
16853
-29325
-14222
-17925
-18313
-10883
-4481
9080
14205
-24960
-3200
1649
19422
-11303
29572
-23431
17419
19471
6929
18708
18255
-25188
-23161
-7552
1921
-8334
-3199
19582
-27778
-21383
253
-11468
-19728
-21391
2951
-29853
-19367
22953
-29538
12227
-26487
-32399
21752
17333
17307
-15201
-14810
-16207
-6702
8568
-32
16756
32629
11004
30328
-7299
-6785
1400
-4739
20352
-24704
4726
-16159
-27945
-15735
17532
7181
23311
8978
18456
-6836
-8552
6536
-896
3201
-3982
-4223
16254
-11138
21627
509
-32465
-24847
-10383
22922
-30106
3422
10413
29089
-20284
-31602
-4240
29944
-27976
3231
-26718
6435
-28237
21720
20345
1762
-9356
32119
16892
28537
-4483
-6785
-2953
-3459
17536
-1664
31095
25828
-18734
-26226
-4484
9742
17681
-14572
21530
-4017
12698
6280
4737
20353
-9614
1154
32126
25214
5750
509
-6101
28401
29550
22161
-29588
-7840
13743
28836
-6714
402
11891
1529
-5957
21153
-17245
-2529
-14667
11991
28791
-1307
17784
17270
23292
-21383
-5507
128
-18313
-10627
26752
-32128
-12684
-32538
-3890
-30577
-27269
1552
7442
-24556
25627
9809
-11623
-29304
19073
3713
2419
16002
20606
21118
13948
509
-4570
-8719
24177
-12908
14447
5990
22708
-29785
-22840
-4714
-27277
10489
21183
-3674
-2393
19740
-26697
2012
10875
10984
5496
32632
27132
8826
11390
-8833
-13449
12926
13952
31872
3452
-7705
6089
-29551
10879
7697
11795
23831
24862
6740
-12645
-13432
16001
13185
-29582
13442
31870
-26242
124
509
-2012
19187
8817
-16743
10867
-3224
4281
10154
-2103
23451
26995
-4615
-21565
19626
29356
-28902
-8263
23519
-32389
-26647
23416
-31878
30972
11130
14974
-5249
18551
894
25472
-23680
-31368
-2839
-29242
5526
-11395
-10734
25620
19223
-3808
30293
158
-4984
20609
24449
17266
386
11134
24702
-1928
765
-10206
-12557
29806
-3170
-10378
-26262
29627
7595
7882
-10596
-14733
9722
11461
428
-13649
-31720
8635
5342
4730
-31253
15481
9337
-32004
18554
14462
13440
-16522
-13187
8064
30592
-27529
-19989
-25917
24728
28540
-19436
30741
-2025
31266
-14250
-5986
31881
23425
1409
31090
29826
24446
28798
11906
509
-19687
-16914
-1675
-21874
30581
11632
23994
3497
-9531
12451
-1933
-19725
-1345
-30551
23982
26387
-32583
-30238
-5760
19680
-21636
2687
27132
-8582
14462
-12417
-10378
7806
14720
-30592
31100
-5910
-6221
27024
18047
-5871
-13284
-32736
26147
-23712
-32350
-2935
-18815
25473
31090
-19582
20094
8830
-31618
253
-13802
-10009
18293
19333
9846
3442
-31563
30887
-2112
2976
26740
25066
21176
419
-17497
-2544
7095
-27170
30335
25556
-23683
1151
17404
7291
-30594
8832
29814
26494
8832
3712
28533
25579
21421
3212
-26758
-2796
-24027
-31192
-28126
-25242
-18014
19338
-17791
-31871
24434
-29822
24446
15230
-2180
253
-16876
30951
-7565
-4984
7289
20340
20919
-3672
18881
-14943
-20620
24809
17081
-19804
10922
8719
-29513
-24355
19839
32726
9599
16513
22780
26747
29310
3456
21366
8062
3712
11648
2933
-6676
23720
27533
7290
4631
18216
28458
-4061
-14488
-30045
-13174
-10111
25985
-32142
-16766
18046
8318
-15741
253
-8430
-4631
10103
-2423
-20870
28792
17853
9129
1727
-10077
19315
-31769
14009
-10331
29356
8973
17080
11490
-27518
25555
17021
-17792
22268
-8325
-25730
4736
20854
9086
-11393
-2433
28281
-6931
19107
31888
31356
13336
-7895
-26325
-8409
14699
-21850
-1654
-9087
25473
29554
-6014
-3459
126
26239
253
-7919
28905
32117
-32369
-1667
32120
15549
-2901
20674
-25688
-6284
-7189
-20290
25770
687
-10484
-17222
-286
13441
-25383
11136
-12927
29692
3708
-28290
12672
14454
23934
-23681
-16769
-30094
-31505
-24672
24209
15737
14618
-25813
-25557
-4057
16747
-25946
17035
-14463
18049
27250
899
6526
7550
16768
253
1552
12522
-15243
-30062
20864
-12677
-5439
6830
18115
3757
-29835
24811
3009
-3412
4788
5131
24764
-16413
-1663
9179
-18815
12675
32252
-31108
31358
-3201
3958
-23682
-6785
-7041
-12682
-25616
-13926
9363
-2950
22043
-22484
7982
21291
-18323
-29017
-9845
-1151
16257
-32142
-32381
2686
4478
-4733
253
10766
-14357
-31881
30101
21890
-8833
-14907
9136
-28732
1969
-16779
23532
-12604
-5711
17846
-10999
-11331
-27672
18052
-3877
14466
-10363
-32004
-3204
-24706
-4737
-6027
2175
-26497
-3457
8313
-12559
24212
12950
-2181
10013
8238
20529
-11986
-10385
23208
-30069
-6015
-26239
-22926
10371
4478
-8579
17533
509
13070
-15124
4980
-22631
-23163
22143
-7994
-27728
30148
-24655
-29578
-14355
20677
15794
31415
-26359
7871
31718
32640
21470
-2174
29827
-31236
-23172
-25474
16000
-10891
-17282
-27265
-11649
19826
5875
32404
29592
-1417
-13026
48
14641
-2513
-29328
-5208
-31604
13954
-29311
28786
28291
-4739
11134
-30337
509
17165
25070
-10893
25754
-3706
-32382
-20279
-10576
31939
-25678
15477
492
-28731
-12878
20152
25096
17855
9704
9090
-32292
6016
3202
-30724
-16771
-12674
10112
-24971
-2178
-27009
-7297
28025
-18445
-26480
-29542
14715
-22240
-3279
14645
-6862
32370
16042
-21620
-7807
-30335
-27790
28547
-10115
10366
20608
509
9485
10736
9332
-26470
-23417
-13438
-4405
-2896
32193
24244
17523
7149
-22586
3253
954
4104
-1857
32746
11138
-30757
-10370
-25983
-30468
1406
-23682
12672
20597
-4994
-31361
-5249
8313
29684
10128
-30306
-26502
22561
-4813
2615
25653
27507
-13653
-10356
14210
23425
-24974
19587
-3203
4734
-8839
765
20493
-18448
13168
3743
16778
29827
-10804
-1104
-575
19125
24179
-5907
-24633
2998
-14661
-4857
-3904
-10777
-12418
-13858
-17281
-643
-29700
12670
-4994
-2177
-28555
-4738
-30849
-7553
-26763
30453
-8304
11680
25720
-21469
-17867
-1225
-9162
25716
29355
12941
22402
29569
-18830
-14973
-643
-2435
14463
509
-27893
-4623
883
4257
-30325
-20347
-24112
-2638
18881
27319
-13966
18414
-15415
-7497
-6980
-10234
12226
-25109
24706
-23329
26239
-3968
-29188
-31874
5759
9344
24181
22911
-22401
-20353
29819
758
-30327
-16989
-8838
14884
-22987
-710
29755
25974
-11349
-21107
24962
26753
-29326
-16253
-4483
-23427
-1921
509
-17398
-17166
9587
29860
-6515
-18553
32722
14516
19650
-10310
16498
-22033
-15413
-4678
3520
23046
16067
19437
-21630
-6176
-21889
-9855
-28420
-9858
4991
6272
15733
15487
-16513
15743
13688
-10762
-19067
17318
-31879
-19930
5176
-32710
-30148
-30345
3501
-115
30338
-29823
31602
-22397
-3971
-15235
-6533
765
7178
30195
8048
-32090
15759
-2680
-24364
-32333
-14658
32186
1394
9965
-24375
2746
9410
30725
20163
31467
25472
-12833
-28546
-7299
-27652
5759
4735
14464
-4236
15487
-25473
30847
-30090
30199
22914
-6745
17272
18472
24377
-27333
-4290
22648
-597
16526
18306
-21887
22642
-7293
4990
-9603
19588
765
-12536
7924
-22924
28073
24721
-32116
12504
16567
15810
-30015
-20879
-15120
-3376
-30272
-13115
3589
11718
-22032
-5243
25060
31872
-24701
-26884
14975
1663
21632
-20620
30079
-29313
32127
-27267
5624
17275
10155
23932
18473
-4551
13373
27459
9594
-28754
32142
-22142
-32639
27762
2436
-29315
-13699
-9345
765
-9208
22773
-23950
-10580
19859
-6261
-16424
-2121
-25662
-23103
16497
20466
14290
30913
4294
-1532
30151
30960
-27517
28645
-21120
19331
-27140
-17537
15999
11648
-11660
30591
6783
-24449
-21130
-8456
-26245
-10065
29048
-215
9018
19514
-16061
18297
-84
-15986
26754
-25215
14194
16260
-12419
-3715
-2947
1021
29960
-15883
-3984
17328
32405
-31347
23002
5049
18626
-28989
-2448
-19470
-4142
7363
713
-29180
-14137
9712
18307
5607
-384
29058
-27140
-17793
1919
20096
32116
-19585
24447
-24705
-139
29177
-392
-23631
14967
-27349
-13766
-29637
4678
26746
3756
9103
-16254
-21119
23410
13188
-20355
-16003
-1916
1021
23047
-266
-16012
-4174
-24681
4496
-20258
-2118
-6461
17097
-23696
8692
-18730
-1592
-5683
4
8394
-7949
-10618
-8984
1920
-1404
-27396
14720
21119
22656
27252
-23425
18559
-25985
-10887
-7431
-29583
9910
26489
1837
-10693
-8389
332
-25989
15789
20623
-12158
-13439
15474
24196
-11139
-17283
-15490
1021
26119
-9
-28560
14776
26011
-18032
2528
-5445
-1853
-3895
17008
-3595
-12072
-18742
-13362
-5885
-20021
-7181
-19581
-32021
-27008
21121
-27396
21632
27519
29568
9844
-8321
32639
-30081
-30862
29690
6770
5050
17525
-21713
-13508
31803
-15539
8316
3501
30863
-4734
-7295
30834
31364
-14723
-4227
27774
1021
-250
-20233
-23952
-23368
5276
-31598
-21280
-25413
32706
-12854
3696
-13580
26584
-27703
-6194
-31485
16843
-19469
-4989
5354
2176
-11392
-27652
-27264
-32641
-25728
16500
896
13439
-27521
-29322
-21766
-19090
-9799
-10378
23601
-1474
30271
-31664
-6020
-13396
-3185
3203
-3199
24434
32644
-7043
-24195
4482
765
28934
-2057
9074
17849
-612
11669
-15646
-31300
-32317
2253
-16785
-28940
-2343
1485
10961
13571
1740
20981
8837
11497
-24961
-2174
-28164
10369
-22913
-29568
-3725
8832
30079
20095
11128
-2566
-6295
-14917
26743
-31693
-8896
9282
26452
22911
21934
-10353
2947
-21631
29810
29572
-3971
-13187
-4231
1021
-23290
24056
-9875
-12611
-18272
26260
-8990
19133
14274
-28979
11631
23030
-2086
20941
-31790
13315
-21812
3828
-11904
11756
-18561
-24705
-28420
10369
-27777
28288
-10893
9600
-30849
28287
-7056
24827
-13973
14270
-11406
19254
-11198
-14528
-1965
11392
-14674
23184
1923
-13183
30322
29828
-3971
-24963
-32130
1021
-5371
-4360
3696
-8512
-10334
-28009
-5915
-11586
21442
-17199
-6035
-19978
-1059
-5424
19670
-11774
-28210
3318
-14205
3566
23935
-22656
-28676
-20863
-24705
-30080
6260
3200
-30337
13695
29302
-26629
8037
18369
-21899
28471
-3518
19522
-4519
16001
-16466
-28784
4995
-18559
-19086
-13948
7550
-29059
15743
1021
25093
28665
-16017
5569
-16478
17305
-21786
17086
-8513
-10288
20846
-8973
28379
-7475
-11820
25090
1742
-18442
-6525
-5397
-10115
8320
-27908
5762
-15233
24960
-18573
28544
-26241
14207
8311
-17669
4447
-10045
-6795
-456
27972
23364
8284
-20862
-9809
-9072
5507
-11391
-27790
-17788
-11139
-20099
-10374
1021
23301
22265
9326
21958
21160
-1895
30952
-19520
28098
1237
26734
30967
-21280
3540
18648
31746
20688
28662
26754
24560
-10111
-28032
-27140
-29310
-4993
-21632
-20621
30080
20607
20607
-24973
-517
-11170
17860
-16269
4412
27974
-9660
-18593
-1918
25519
401
12675
-7039
-19854
-15996
-18307
-28547
32128
1021
-5628
6650
17777
-27958
427
-30818
-4886
-11581
-10300
-17704
19565
-13576
-20765
3800
-16165
15618
-14382
-25608
-11899
17906
7554
-2430
-28164
-13694
-1665
-16512
-28813
32128
15999
10111
-28294
17660
6233
-18231
17271
14143
-23993
20552
-22683
-4731
-8015
-24431
12163
-8575
-9614
-25212
-23171
-18307
10369
1021
-20732
12282
-31887
-13621
-15444
27808
6636
28356
16837
-31526
31341
-1800
-7708
-25639
16349
9474
-28717
-3336
26502
-20750
5763
22405
-29444
-30077
-4737
-25216
-20877
30336
13951
22911
-3722
25596
-11179
-17206
27509
-15295
4938
-18872
29800
-28026
-6479
27281
23683
-1919
-8078
-22908
-19075
-24707
12158
1021
-32508
9466
-18065
-31538
12207
-21088
5356
-31804
-25661
9178
13678
760
32484
31449
-17444
514
-3374
22520
20101
31218
15747
29571
-29700
30595
11904
-17536
-32397
31616
8063
17535
27765
32252
-26286
1995
-24972
1349
-23220
-12982
-18071
-26233
23729
-9327
23939
-7039
-142
-1660
-21379
-15747
24710
1021
5636
22266
-30093
-25906
-9297
18597
15086
-21306
-16444
23262
-11411
12024
-12314
-10788
10976
-9471
17108
5626
7562
25075
-893
8327
-29700
1668
3968
-13696
22131
-16768
9599
14975
-19844
-27652
24138
7117
-29576
21318
-7603
16716
21359
-11639
-5199
-12911
17795
-9855
18803
3461
26493
-30339
-23678
1021
3588
-22790
-22927
31442
25779
167
-14865
13000
-4924
-22561
-18578
6137
12776
-29475
-25631
-11775
-15147
1274
11144
-32268
-27516
31366
-29700
10116
7040
-15744
30323
-1920
-12674
9343
23159
-19460
-31927
-17713
-5260
-31158
22096
7758
-22924
-15734
16818
22418
-32381
-5247
22899
-636
-24451
28797
4993
1021
-6909
-15878
-912
-13612
16054
-18264
-26896
-1080
3781
-26656
-26514
-16136
7913
-17954
-13085
-16639
31446
-3335
-5753
11509
17541
-11899
-29956
-3196
23936
-10880
31603
-4736
-7042
2431
-23178
-14596
9285
5841
-30860
21325
23122
-32176
-7817
-28020
-23117
-28526
-27517
130
-19341
25989
-30083
24957
-26488
765
-22269
-8710
17525
22743
-11848
15533
-1295
-4150
-14649
17124
3184
8441
-30997
-29214
-25372
-21247
11736
26619
-10356
1782
21893
-18552
-29956
11653
30080
-5760
24179
19585
-4738
-4994
3451
-11012
11069
-4654
22391
32592
-5549
23891
29565
-7282
8116
-17518
-25469
-5759
-20109
28037
-12931
-28291
-25213
1021
-25853
2043
-18319
3035
-5188
-20305
3571
-3124
5575
-2843
27504
-7943
-27668
-17437
21479
-22783
24281
5115
-23415
31223
1159
8073
-29700
-27515
-31360
-5504
883
14465
9087
383
-7820
-6916
-10950
-28716
-23181
-18347
20311
23890
14976
1168
21684
18835
-2173
1154
8308
-26747
-27523
-31875
-19072
1277
-29949
27899
-12178
3036
7870
-22093
22260
-20534
16062
25059
-6545
-28938
-18712
9438
-14363
-25599
26583
3067
-31609
15349
-28541
-25725
-28932
646
-11648
-4480
25459
-27007
-10370
-17026
-648
-4100
-19402
23000
-24716
-7849
-1959
-27561
18566
-12655
20147
-30317
-21629
1410
1652
-29563
-25731
1661
29831
765
28931
24315
5748
-32032
8899
-11337
-5387
-10544
7882
-17429
-8080
-22534
-17680
28905
21996
-25855
220
27388
-30068
-9992
12680
24203
-28420
-28794
-23424
-1664
10099
-31615
-11394
25982
31612
-3076
13359
-29992
10103
17246
12125
-26279
-24691
-15979
-11848
-30061
-14973
-8319
23668
24453
32125
12413
-21120
1021
27907
30203
-5520
12516
9672
25785
22006
-815
29386
-23316
14706
3835
8689
-25111
3564
-26367
26332
9468
-4472
-22791
29577
21128
-28676
-25466
-15488
-14976
14195
24193
-19330
-20098
-9610
-1284
23085
28377
31603
19813
-13215
28766
26769
-21864
22971
-12653
-10877
130
18804
-7291
-20611
11901
24453
1021
25603
-25605
14962
32742
32715
20670
-31753
15316
21962
2543
17778
1019
-10254
30188
-23826
-26623
-18723
-17156
32396
-27398
-18550
23692
-28676
19335
-10624
897
-2446
2946
-10114
-27010
-10628
-772
-29913
-20005
18294
-12439
-2460
15203
-5224
30363
-11589
12436
16516
17026
14964
6534
24189
13437
13703
1021
24835
-9989
24179
8169
-6194
-8766
24312
-22058
-1077
241
-16015
-26885
-21260
-8466
26352
-26879
11232
6909
-883
22267
-25973
-24691
-28420
-15737
19073
24705
-25230
15234
-31362
-32130
-26243
-260
8996
16863
-32650
14959
-24985
-29084
17566
1438
-20290
22676
-13693
-9599
29044
-23931
7293
7549
29313
1021
24323
-6405
-26257
-21269
5587
22980
-7176
23255
-15157
-4623
-20878
-27909
1781
28399
-13071
-26879
-17184
4093
-2422
-9221
31629
-9845
-28420
5768
-7808
-6016
-20878
-2175
28286
-26242
-13190
-4
-5599
23008
15476
-13964
10859
-30361
24226
-26977
20670
4757
5764
-10367
-25228
-123
-30851
7037
4487
1021
24067
-261
-3470
15852
-6957
-6711
-10759
18393
-14645
13556
1394
28667
29686
-271
-13
-26879
-30495
26365
30606
5884
-11891
-27760
-28164
2441
8577
1153
-17038
22658
-20098
31870
16770
-4
1565
-32030
-19337
12151
-13204
29035
-26966
11938
-15426
10901
9604
3202
-16268
-3195
30333
9085
-12665
1021
24067
5628
18547
-9491
-27178
-7990
-775
-5671
-32309
22260
21874
24315
-8458
-2830
28660
-26879
30690
27645
10639
11772
-7796
-8818
-27652
15497
14977
17025
-17806
25218
-19074
20862
18046
253
-14309
32740
-11915
-11653
30576
1645
-14676
-12893
15296
-3180
-125
-2175
-14732
4998
20349
12157
9093
1021
23811
8444
-29583
-17169
17113
-20532
29178
-3110
-14134
30709
-31118
26875
24055
-30733
-24588
-26879
-6686
26365
7054
-28164
23438
-22642
-27396
18825
11393
7297
30578
-27262
25470
30846
3965
253
17689
-22555
-12684
11137
-25741
-15505
3249
25509
-5697
30101
16516
12674
-3724
15238
-27523
-6788
13197
765
24067
12284
-20619
240
20954
-21552
-8198
-19749
-7478
-17418
16498
8443
11512
17141
-2059
-26879
-28189
-23555
147
-30468
-25203
-32112
-27140
-3703
32129
27009
-26254
-19070
-23426
13950
-9085
253
-7659
-28697
-11656
12931
-12939
10867
21942
11431
-17216
-3179
31108
22658
22133
-28026
31357
8573
-4481
1277
23811
22524
11115
6639
16342
-304
-10502
-7216
18096
7410
-8338
-2569
5618
27882
-7695
-26879
13790
24573
-30843
11002
-24961
18300
-26628
-15478
-18303
28801
-31374
11395
-32130
24958
15225
765
24859
17646
-24977
-4734
16758
-11661
17334
13474
6324
-13163
20100
7810
23157
23942
21117
-18308
-28281
1021
23811
16892
-10382
-5390
6623
15315
19707
7902
716
-15369
-142
6139
4089
-28170
-1290
-26879
-12060
-22787
17296
2557
29840
-28783
-25604
-9846
-28031
15489
24178
9603
23934
-6275
-386
253
-2030
16362
14197
-12659
-26244
-2698
29628
-30038
15554
-10347
26756
-10111
31605
-15738
22653
-1412
29070
765
24067
18940
-26250
30451
13536
14552
-17413
25823
31435
-3080
1395
-6
-17927
-11017
27640
-27135
-12315
-16899
2196
1533
32399
7572
-26116
5515
-15487
-128
-31374
-32381
19070
-5251
-31614
253
28432
-16917
18807
-24176
-9090
636
20931
-17235
-23869
-7019
22916
4226
-12171
-30842
-31619
4221
-17528
1021
23811
19196
-7821
-11020
-15902
20951
-15365
-4385
-3894
18425
-16269
-8454
-11783
-3593
-16392
-27135
-10779
-19203
13713
14333
23184
6546
-26372
25483
-28287
16513
-22158
17539
-24706
5502
23675
509
-4593
13036
-21389
-31338
-2686
26747
14788
-26706
15811
19094
29828
20866
-18059
-30330
-25731
-1156
-13176
1021
23811
21244
12659
26101
29924
-29734
1532
22497
-14390
250
-15245
-25350
21498
-11272
23545
-27135
-29210
-16131
-17519
24573
17809
-11374
-26372
6284
-12415
32385
31602
-31869
-22658
3966
-7296
509
-18931
-25875
-18059
12697
27525
20608
-311
13488
4291
26262
-27772
4482
-22923
-19578
-25731
-1412
-28277
1021
23811
22780
-3980
6134
23525
-29988
7420
-287
4044
26106
-15501
-29190
-28166
12025
-24327
-27391
-21786
-14339
17555
25853
-4976
-18797
-26116
-32372
4482
-31871
11378
-21117
-31618
-3715
-13438
509
30220
-1298
-28042
-17764
-22649
-25214
-5172
7858
-23868
-29290
-31356
15746
-1931
-25466
21885
125
17796
1021
23555
23548
-26768
-522
-17433
7644
11516
9954
16587
27130
17780
17914
-24582
21241
-21511
-27391
26599
-15619
21135
-31235
-624
5008
-26116
-18548
3714
30081
24690
-21117
15486
4478
23420
509
7436
-11281
2674
-24927
11147
15748
27854
-7246
22725
32150
27780
12674
12918
-32378
-30339
637
21385
1021
23811
24316
8819
-24329
-24600
-3618
18428
15331
-3382
-2054
7028
-1799
-1286
-519
-2055
-27391
-27161
-13571
10898
-30211
-1648
-19310
-25860
-10356
1666
-32639
30322
-23933
26238
-131
-29310
509
-27894
5361
21877
30885
16781
8840
4562
14773
22725
-1386
31364
4226
21878
-12154
30845
4221
24714
1021
23811
24060
15987
15352
-31766
30176
22524
19940
-5686
19707
-29581
-14343
15099
26874
21498
-27391
3304
-12803
1171
-28163
-24176
-14446
-25860
23949
3714
26753
-27278
-7549
15486
4734
2179
509
-19191
24050
24181
-10839
10641
7818
31956
30647
-9531
-27242
-10364
9090
28022
-31098
28029
-5764
14980
1021
23555
23548
-13201
-18696
-27157
14560
26108
-22557
-4919
30971
-7309
-26887
17403
-28422
-19718
-27391
-5913
-13315
-7025
-25347
-22128
-15984
-25860
32397
-27774
26241
29298
-11133
17278
-13187
7040
509
14089
32498
-22925
-29268
19347
14731
29142
-10057
-11323
7831
-8060
28802
-26506
-29306
19069
-2692
23432
1021
23555
24316
-5775
-15881
-14360
-21022
27644
9951
-8005
18426
27249
14328
1786
12024
-6407
-27391
28134
-13315
7825
18429
1423
-16752
-25860
16782
29570
-10623
-21134
-3197
638
-8835
4737
1021
5899
-15882
-24975
-25945
-31602
-21619
-30761
-20820
22184
-10090
-15996
9090
-650
-29050
17277
-8324
20873
1021
23555
23548
8307
16121
13293
-1564
32764
3557
-19512
13820
19571
-5128
-15365
-22789
-29957
-27391
-27673
-12547
-26222
-20995
11664
31634
-23556
3470
30850
-31103
-17806
1924
-6787
-15747
29827
765
32007
11508
24181
3762
18328
1169
-18469
13500
13768
31127
-6780
22402
-26506
-12410
24445
8829
-6266
1021
23811
22780
10097
-17927
-28946
4069
-30724
-22812
-10042
21244
20339
31736
-10757
-21253
-17669
-27391
5864
-12547
-28271
-19715
-1393
-5232
-24068
655
-19838
-20607
26738
12420
3454
-9603
-26238
765
-1274
-19724
4468
9142
17307
-30318
-13091
3005
-27961
32151
-14716
11650
-15498
-1402
12669
-11908
29581
1021
23811
23036
-23436
-14855
26606
-11291
-28932
7653
-15674
-31492
29553
-4873
-4613
-8197
-26373
-27391
1768
-12547
-19563
-18435
-21106
13971
-24324
9615
29314
-27519
26482
28036
-5251
-31363
-5241
509
16902
29429
19063
11447
-32100
-8555
17376
-29250
29897
20375
-10108
13698
6263
-27258
1149
-2948
-2937
1021
23811
23036
11378
8186
-4626
-2844
-28164
-7708
-828
-26116
-12432
-14601
-5381
-773
-14085
-27391
-2073
-12291
27538
-18435
10383
-25455
-24324
13967
-25214
-24703
-19342
8836
-19331
-26499
20609
765
18438
12278
10099
-582
-2146
-7786
20449
4031
-12857
29335
901
6530
19063
-9850
5757
-4228
-1402
1021
23811
22524
21617
19706
21487
11749
-26884
-13085
-830
-27908
-14992
24823
-4869
2812
-6149
-27391
-22297
-12547
-22127
-18691
3471
16016
-24324
-27761
-13182
31873
-12174
-32636
-18051
-23939
11137
765
518
-17418
32114
-26180
-1377
12440
8675
22719
28102
28823
10629
7810
17015
-4986
29309
-1924
-628
765
23811
21500
19573
3834
-8466
12772
-27396
-17180
-1085
27900
-23954
12535
-6661
-7173
-25861
-27391
31208
-12291
28053
-19715
19343
17299
-24836
-15729
4995
-21375
-21390
-21116
-5507
-28035
16769
1021
-30714
25080
25458
-11591
-31843
-22894
4066
-28740
24002
21143
11653
6786
23671
-9594
-9348
-4484
21384
1021
23555
20220
-9614
-29702
12273
-5659
-26116
-284
10437
-26372
2161
25335
1020
14076
2812
-27391
-30744
-12291
-28270
-16643
5008
-4720
-24836
-10865
8835
-26239
-10638
31876
28285
-21635
25979
1021
23814
29176
6512
-22594
-21087
-30317
-29213
-21059
31683
18583
11397
17538
32375
-29306
16765
3709
-20088
1021
23555
18940
4467
-17414
-14607
-18200
-24836
-23067
-9276
-9988
8305
-8458
10492
-26628
16380
-27391
-25368
-12291
-3438
-14851
-22384
-16239
-24836
8336
14467
-15231
-13966
24964
-10883
-23427
-14464
1021
-29179
-27144
11378
-16704
31651
1176
-31259
30143
-25404
24471
8581
9858
-25993
6791
15229
-24964
-29813
1021
23555
17148
-24972
-1030
-22030
-14614
-23300
-8218
-30011
8189
1905
-31498
18428
-16644
21756
-27647
-16408
-12291
-19052
-14339
-29039
-1644
-24580
26512
4739
-17023
-12686
-636
-17283
18557
-7806
1021
4357
-12296
3955
-15677
18086
17820
14056
3778
15045
-26729
-3964
17794
-3209
-11386
-2180
2429
9092
1021
23555
16380
15729
21243
-2317
12266
-23300
-1306
4549
3581
-11663
29430
17916
-16644
17916
-27647
7401
-12291
-10864
-13827
-20079
-17775
-24836
-9328
-1150
-10367
2675
-11900
28797
-26243
-2436
1021
5
6393
-26513
29896
-2391
16285
-26136
20931
-11322
-24681
18309
13954
-4233
-10874
21373
-9348
-9847
765
23555
10236
-27789
25851
13556
-1556
-22788
-19737
-22588
17917
-7311
31733
25340
-260
-30980
-27391
-12568
-12547
-19564
-13827
2194
10132
-23812
3217
21379
-11135
3955
-9340
-18819
-29571
13699
765
28676
7417
-19854
-15927
24491
-13919
8171
21701
-28728
-13929
645
17026
10616
-6010
20093
637
-31605
1021
23555
8700
-19340
-29701
-18700
-31763
-22020
-27929
-5180
22013
-13199
15605
27132
7165
-25092
-27391
-7192
-12291
17813
-13571
1171
-32107
-23556
25489
12931
-14975
8307
-7292
-18819
28285
-21629
1021
21252
-30471
883
-28724
-6739
30371
-22292
-28474
-24377
32407
6789
10370
12152
-20090
19325
-25476
4742
1021
23811
2556
28529
-16901
-2571
-26387
-22020
-17177
7108
24573
-22158
-13836
28412
6909
-23812
-27391
2025
-12291
-29294
-13059
29587
5523
-23812
20113
22915
-18815
12915
-124
-13699
13949
-384
765
10756
-16391
9329
-23344
-4687
-31067
-31763
-825
10185
-15977
7301
-27262
31352
-16250
11389
-14468
4236
765
23555
-3077
-6284
-13317
8950
-21008
-21764
-23832
-17469
-30467
-3983
-5901
31484
24061
-12292
-27391
-2072
-12291
-2667
-13315
22676
-5483
-24068
1938
-25469
11138
23411
14725
-27267
16253
-8056
765
-9469
2042
17013
6866
7603
-4694
10480
28873
-29495
32407
18053
14722
-26504
-11898
-31363
-19076
17292
765
23555
-7941
-9867
-4357
1783
32241
-22020
15337
5059
-29955
-11662
29427
-32516
27901
-8964
-27391
-4888
-12291
6294
-13059
31636
20118
-24324
-10095
-26493
-6783
24947
3461
-8323
15741
18820
1021
-11773
19962
23155
14293
-31562
8620
-22544
2763
18377
32151
17029
19330
-27528
-19066
10109
7805
-2423
509
23555
-13317
6260
4348
3576
-11279
-22020
6889
-18750
-27651
-25229
17906
-31492
27901
-9220
-27647
-31256
-12291
18581
-13059
-23147
-16234
-24324
18066
-21117
-2943
19571
4997
-27779
-29059
10883
1021
-20221
-32006
27250
-5672
-20550
16814
-25359
14028
15817
-11369
22917
15746
-23944
2439
-27523
-2948
-12655
-4
23555
-19717
-30856
6396
17400
26356
-21764
22761
27073
-22787
-2190
16113
-29700
-26371
-1540
-27391
-14872
-12291
-7527
-13315
-364
13721
-23812
-13166
-15741
1154
25203
28037
-8579
20093
16265
765
-28157
-18438
6518
-4135
14524
-4430
28915
31949
-16695
23191
27013
10882
-3464
-5754
16509
3197
-884
-772
23555
-25349
2934
12540
-264
19188
-21508
28905
-6976
-22531
-15757
-9744
-28676
-25347
509
-27647
-2072
-12291
17303
-13571
-30315
-32617
-23812
30866
-9085
2690
-25997
21125
-21379
29053
19076
1021
-28669
-6918
-10382
23773
-6465
-28493
-13581
12238
31945
31127
19845
27778
11385
-12666
26493
-21636
15244
-1540
23555
-20741
-21643
14844
26617
22261
-20996
-31767
10944
-21251
4213
3568
-27908
-22531
2045
-27391
11752
-12547
9623
-13571
2198
2967
-23556
-2670
-13949
11138
-20365
-27771
-20099
5501
26245
1021
31491
-1542
25459
-16930
8642
12215
11253
-31281
-11063
-361
9093
3202
30329
12423
12669
-18052
24977
-3588
23555
-25093
22136
17660
-15879
28150
-21252
29930
3009
-19971
8565
31727
-27140
-18691
3581
-27903
29416
-12291
13722
-14595
-6764
29848
-23300
-23405
-21885
-8831
4980
-12411
24957
5757
-30072
765
28419
16123
8309
2273
-26172
22458
-523
-15407
30410
32663
-2172
8066
-32135
-28026
17533
-5252
652
-5892
23555
29947
-28299
21500
24314
12534
-20740
24810
-1088
-19971
31093
-15890
-26116
-18947
4349
-27647
14312
-12547
3223
-15107
406
-18537
-22020
14483
-20861
-1663
-5005
18053
-32387
12669
30849
1021
27907
21499
15473
-7197
18632
-14662
29430
-10286
32715
-23657
2949
1922
-19079
24454
-27523
4989
-22133
-8452
23555
21243
4981
22780
-25862
4087
-20484
13290
-1602
-18947
3445
-4116
-25860
-16387
5629
-27647
23783
-12291
13463
-15619
-18028
-29291
-22020
-7277
-6525
-6015
8564
15493
-19075
19581
-378
1021
25603
31227
-15501
15077
19914
-10818
-27657
9941
-3381
19095
2693
14722
-11399
-8058
25213
8829
2446
-13572
23811
14843
-2186
24060
-6150
-16393
-20484
29162
-27714
-18435
-2188
-25108
-26628
-15363
5885
-27647
17895
-12547
-26984
-17667
-17517
-13162
-22276
-10861
-11389
4482
10612
-29307
-30339
17533
13448
1021
24835
-22277
28532
6631
-27444
27585
9208
18902
-28980
-10090
14981
28802
-1927
32646
10365
-2180
30598
-21764
23811
-2566
-7566
25596
14075
-29961
-20228
26089
8893
-18691
-16267
13035
-26884
-14339
6909
-27391
2022
-12547
15508
-18947
-2668
-15724
-22532
-19565
900
21890
18036
-31355
16765
8317
-22910
1277
24579
-20485
-23440
-11288
16335
-25919
15096
-32298
-14389
22167
24453
11650
-10375
-4730
13949
-1412
5516
29948
23555
-14342
23157
27644
24315
12537
-18692
-25111
8891
-18179
12149
21737
-25604
-13059
8701
-27647
-4891
-12547
-15209
-19971
-32619
-2153
-21252
25492
15492
11394
4468
-16507
23165
3709
26248
1021
24067
-5893
-24717
4586
-18480
25543
15353
26840
-2358
16280
29317
27778
12154
-5242
23677
-4484
-20852
19708
23811
-18182
-24971
29948
-12805
-11015
-17668
-10263
9915
-17923
14196
-2328
-25092
-12291
9469
-27391
-16154
-12547
16024
-20995
22933
18584
-19716
-28523
27780
22914
22900
-7291
26237
3709
5000
1021
24067
6396
4211
-3860
-14636
26058
-7
28890
13261
-10856
27013
29570
21370
2439
11389
7037
-1658
7676
23811
29946
-6287
31228
16636
-2823
-17156
10217
22713
-17923
14452
25576
-24580
-12035
9981
-27391
-15898
-12291
-32619
-22019
-12395
-23915
-19204
17046
21636
20866
18036
13958
12157
13437
-5244
1021
24067
14332
-30864
-17425
-17959
1740
-31494
-25381
7630
922
-16507
21634
18042
26503
26493
-1668
22413
-15621
23811
15098
16757
31740
26620
15867
-17156
-15639
-27464
-17923
26484
-13082
-24580
-11779
9981
-27647
-26906
-12291
-19559
-25347
-32619
23192
-19204
-19305
-19068
25986
7284
-21114
20605
-3204
22925
1021
23811
20988
19572
-2064
-293
467
18427
-21539
-26675
30106
-18299
13442
-19078
19079
19069
9341
18573
27131
24067
-7687
-6795
31996
-32004
-15878
-17156
28136
14773
-17923
8820
16357
-25348
-11779
9981
-27391
15078
-12291
-25447
-29187
-10860
21400
-19972
12696
-13180
17794
29044
-25978
20605
3965
-21881
1021
24067
24316
-9359
26354
10462
-27438
22523
-12835
-29236
10906
-9083
31106
-11398
25991
9341
-1412
-10102
2043
23811
22777
-13708
31996
-26372
7163
-16900
-30745
4787
-18179
23924
-15646
-26372
-12035
9981
-27647
12773
-12547
29848
32253
15509
-5226
-20484
18584
-1660
-32638
28276
-20346
1661
-2180
-27258
1021
23811
24316
28017
-31501
-9505
-25644
-30725
14046
-31285
-11366
-12667
14466
17787
-15481
21629
6269
-4976
29690
24067
5113
24951
32508
23548
31481
-16644
-4379
17072
-18179
7025
22497
-25348
-12035
11261
-27391
-30236
-12547
-17252
31485
-25200
3221
-19204
3225
3205
21890
-12684
6023
20349
-12420
10122
1021
24067
29180
-2190
19955
16349
15567
-31749
15580
-26681
-8038
-14203
26498
18555
-29561
19069
13949
28044
-23303
24067
-24584
-27531
32764
-28164
506
-15620
14309
31663
-18179
21873
-13345
-26372
-12035
11261
-27391
-21021
-12547
-14440
24829
-31341
-31850
-21764
-25959
901
-30846
-11404
135
14461
-6788
-20860
1021
24067
30460
-17297
20212
-25632
-13872
-21509
7133
5831
-7270
-21627
-12159
-10117
18311
16765
20093
-4726
-2312
24323
-521
-30859
-32516
-24580
-19718
-14852
19940
2733
-17923
18545
-18468
-27652
-12291
11773
-27391
10978
-12803
27032
17405
24981
22424
-24068
-14183
5509
-5759
19573
-2170
7037
4989
-5756
1021
24067
31740
-13201
-7692
-23583
17876
2556
-6435
28869
21147
-13947
20354
30331
19847
24445
13949
12689
17144
24323
-15625
24697
-32004
-15364
7419
-14596
-22299
-11603
-18179
-16783
-23332
-27908
-12291
11517
-27647
-6942
-12547
22428
6909
32149
18587
-26884
-28518
13189
-29310
3445
5511
9085
2429
15751
1021
24067
32764
8305
1782
24548
-4138
12796
-5409
967
29339
-16763
6274
-21636
-22393
-14723
-22659
25742
-6165
25859
-19733
15482
-31492
-5125
-6410
-13828
5082
12704
-18435
-7562
13768
24571
27901
-15364
-27135
-21035
-24067
-21606
-11271
21655
-25958
23291
-16998
12933
21122
-9611
22663
20349
14205
-22911
1021
24067
5116
-3217
-14
-24866
-11311
-19205
-30249
30137
4763
-31099
16514
15996
-21625
7549
23165
-30580
3063
24323
-17418
23670
-31492
-3332
-21509
-13316
-23580
-26709
-18179
30578
32730
-30980
-12803
12029
-27391
-25886
-13315
-103
-4612
-11114
-13927
30460
667
14725
24450
-17803
-31609
-9604
3709
20869
1021
23811
-31492
-26257
-3593
7913
31195
30204
-30752
-2107
1947
-8059
4226
-30084
-27513
25469
-28803
13968
-25867
24323
13814
-10888
-32516
-1284
-4357
-14084
25317
6316
-18179
-24717
12250
32252
-12803
11005
-27391
-5662
-13059
15772
-11780
-24425
25755
22268
11931
29829
19586
-9611
-31353
6013
21117
-2170
1021
23811
32764
-18064
28920
22250
-24867
32764
26337
2246
-23398
-28283
130
-17796
9607
-31875
25213
30856
-23564
24323
-28939
8821
32764
2045
-6149
-14340
-28444
-13910
-18179
-26764
19417
28156
-13315
9981
-27647
25825
-14083
-21097
-20484
-32616
1177
11772
13467
13701
19074
5238
8071
3965
3709
26753
1277
23811
31996
29037
-3592
27628
4574
-30468
-19231
-9020
-28006
-21115
9602
-4740
-19833
-23939
-30851
5518
17651
24579
-4364
-16009
32252
2045
23548
-14596
-31260
21673
-18179
-24204
32470
25084
-14083
8701
-27391
-7200
-14851
-2662
26876
-1128
11420
-5
29595
22405
22658
16246
-9081
22909
10621
28039
1021
23811
31228
-13968
14585
-16660
16610
-26884
-17950
3780
29338
-11131
24962
8829
20871
-22915
24189
-17265
-31503
24579
22772
13945
32252
4349
-22020
-15108
24293
25771
-18179
-8331
-25386
22012
-14595
7677
-27647
-10528
-15363
3740
22012
15769
5789
-17413
-30821
-28027
-16766
12918
-32121
17277
125
-7288
1021
23555
30716
-9615
-8455
-19474
-18716
-25348
-2332
-18235
15002
-23419
29058
9853
-30329
-27267
15997
-17526
14320
24835
16371
-7051
32252
6141
-15108
-14852
-25627
-10326
-18179
20342
1750
17404
-16131
5373
-27647
-5153
-18691
-13415
16892
17562
19611
-13829
31387
29829
-21374
12662
-14201
15229
-12676
-6010
1021
23555
29180
20592
31994
-2320
-26138
-24068
30438
6599
