14695
-20855
-22426
-15238
1918
-2176
28793
29314
15746
-31125
-29916
10749
-32230
897
-26110
11523
4612
-8958
-20960
-22177
4354
-27007
-3010
-24573
26114
6402
-12035
-25559
-11006
11361
-11768
-23710
7775
-2550
24675
31610
30845
6536
-21640
4995
-8574
-22412
32259
9213
3076
-28535
22275
-13560
-24818
-8958
10089
2957
-15258
-9606
-1155
2945
19577
20354
23170
20844
-7131
10237
-11750
-11647
-26110
16387
8452
-8958
4129
16224
5634
20609
28736
-3581
-31486
22530
-12291
21546
515
-12191
-30199
18019
-21920
-13301
14947
-31110
25725
11656
-24968
-4222
5251
18288
32515
8701
5380
-11385
18947
-16120
10509
-8958
18023
12431
-27546
-17542
-643
-15232
14201
31874
28290
-2967
-1753
9981
-25062
-11649
-25854
22275
10244
-8702
4130
11360
6914
-19327
20033
9476
-29694
21250
-12291
17963
-5374
-20896
-9207
7013
5473
23308
611
25466
29053
-10873
-28552
-1662
7299
-22162
-32765
7933
2308
27526
14339
12552
23052
-8958
1129
18577
18791
1659
11134
29056
25721
8578
-25214
15473
-4568
9469
-11238
31363
-25854
22787
27652
-8958
-29918
865
9986
1409
27969
-28924
-17150
-24830
-12547
-22997
9731
-13212
-19191
-5277
23395
-7924
-26525
-24710
-21891
-30329
31096
-16254
17539
21365
-32765
7165
772
-23670
8963
-19449
-18164
-9214
-32407
27796
-30873
6779
18046
14208
18553
8322
-29054
109
-26838
8701
-28389
-18559
-26110
26371
21508
-8958
-5342
18531
10754
21633
-10686
-20732
-14334
-23806
-13315
-31188
19715
2914
27146
31332
-1951
-11763
29283
31098
-21379
16263
32376
-12158
7555
-3730
-32253
6909
4356
-10106
7683
-18681
16651
-9214
-20632
10391
5991
-3718
10878
27520
8057
3970
32386
-26773
-5588
7933
16412
-9088
-25854
30979
22020
-8702
-8670
-18590
12546
-17791
-17341
-11004
-7934
-22782
-13571
4653
18179
-28831
-2550
4197
13154
-24050
611
29050
-16515
-21113
14200
-25214
13443
-14994
-31485
5885
8708
-18554
3075
24071
-15606
-8958
-20628
12954
-12953
-8070
26750
8576
-19591
23426
24194
29042
8494
6397
-3556
-25724
-26110
30211
-21244
-8958
19493
-23963
15362
3202
15429
12037
-2814
-16382
-14595
-1235
-15869
-3483
32523
29030
-15257
-28145
21859
32378
-10883
22151
-20872
-5502
9091
-8335
-30973
5373
7172
-25208
-3838
-8954
29962
-9214
-11668
-7527
21863
-26502
-5507
1920
30585
5762
10370
-18577
25392
5629
-29924
1155
-25598
-27133
-22012
-8702
-8407
-15506
18434
-15994
10825
-9211
17411
12547
-15619
5424
-19709
31333
8716
-24471
28520
-27377
-14494
3450
24189
27527
27512
-14462
-7038
-21905
-29949
4093
3076
16520
4867
-3065
-25077
-8958
-1172
-20577
-17817
-18054
7806
-14465
30585
4226
4482
29039
1586
4861
-26340
-28798
-25342
-21245
-2556
-8958
-728
2412
22018
4998
28744
774
23299
25091
-16899
13360
-7677
-32412
6157
-6807
-27545
29969
10595
19066
31101
10631
30072
-10622
-1662
18034
-28925
3837
6404
-22904
-1278
19207
-21236
-9214
-19089
-23647
-13977
-8582
24958
5760
-23175
4482
-5503
-22926
22323
1789
-7651
1157
-24830
-16125
11525
-8958
10282
-11156
24834
-31867
-27574
26630
31747
22787
-20227
23601
25604
28774
14093
16745
-24217
9234
355
20090
-13699
26247
-28296
-19582
-20606
-28045
-27901
3837
14596
-21879
-4862
-10490
23820
-9214
-147
-16475
-31897
-12934
15998
27519
-19335
-18559
6530
32363
14390
2813
-10467
23425
-24318
-3325
9221
-8702
-19158
-12178
30722
3207
-22197
-11514
-9981
-4605
-19971
12338
23556
-27806
13070
-9366
2663
-15597
-23710
19578
-21123
-8826
32632
31106
-5758
365
-25597
3581
13828
4230
-6398
4871
-9462
-9214
14701
29095
-5785
2427
14718
23423
-14983
-10111
7554
14704
16185
1277
-994
-4478
-23550
3844
25605
-8702
14379
-7826
29954
-29050
-6581
8455
-11261
-22269
-22531
25138
29444
-25499
7951
-7318
-20888
31764
-6302
28538
-22915
-15738
-22920
-32126
-126
-14990
-22525
3325
17156
6281
-11006
27910
19467
-9214
-31890
-23894
17256
7547
18814
20863
-16007
-2431
2178
-15503
12347
-2820
16160
-30845
-22782
9220
30981
-8446
26156
2672
32258
24198
-3251
-31225
-3581
-10493
-27651
6196
-10748
29542
-22001
26730
18281
-7915
1379
-31110
-21891
-11642
-29832
-13694
-6782
18547
-20221
3325
26884
20617
-13566
21510
-30966
-9214
-5014
-11348
4456
12411
-29314
-2690
-21639
-10879
2434
22123
-706
-2564
3105
28287
-21502
24836
-22011
-8446
2861
31088
32258
2695
22607
-21753
-3837
5380
-28163
3380
26628
10339
-31984
-28821
-15002
-5866
-13214
31866
-9347
-25978
31352
-19326
-2942
-6545
-14845
3325
26116
13959
-14846
8966
-29174
-9214
-3476
-24912
-19864
11899
27518
-6786
-23175
-14463
-3199
881
-29631
-6660
-12766
28290
-21502
30468
11270
-7934
-4819
-10639
-27390
28806
24400
22280
22276
28164
30717
13877
10501
16742
-3312
2923
-26264
-18152
14179
32122
-12163
-30330
28792
-31358
387
-2954
-10493
3325
-27900
-13430
-18686
-26363
-14838
-9214
8812
-6222
-14488
12411
13182
-1154
-4487
-24959
-7807
-29839
30276
-12804
19748
-18046
-20222
-24316
1798
-7422
1839
-18061
-23806
-18554
-17838
-17144
-30204
24836
22781
25398
-28923
28262
22801
-28054
-29849
-5863
-670
25210
-19843
-26490
32632
25986
-12670
115
-4861
3069
-14332
-12408
-19198
32005
-16887
-9214
23145
-16972
3177
16507
24446
-26754
-4487
642
898
-21139
-9656
-12036
-8155
-21889
-21246
-25340
19974
-7422
29999
-25997
-25086
20103
-16557
-8440
31236
-30460
21757
26422
15109
-31132
-12784
1898
13670
-10982
9571
24186
-24963
22662
-31880
-12670
1155
-9103
5380
2813
-11260
1928
-20222
23557
3338
-8958
12909
6327
23401
28027
23934
24446
17274
-3967
-895
21365
-25269
-19972
16423
-8829
-20222
-30716
23814
-6654
12594
-3465
-16126
-29050
-8875
-14583
8453
-12796
7677
-6345
4614
2666
25874
-7574
23915
14364
16739
32378
-15235
5766
-16264
-13438
899
12410
12548
2557
1541
-13939
-21502
29189
-26358
-9470
-2710
-1094
-32151
6779
15998
-31362
-2951
-22911
-6015
7279
17999
-28932
14634
24448
-19710
-30716
2822
-5374
-15312
-7562
-14334
-3707
10071
24585
-4604
10757
253
19000
29958
-2204
13842
19304
2662
29982
10339
17530
-31107
11910
-23432
-28030
-7806
-15758
24068
2813
32261
-15736
-22526
-3836
9
-9214
-20630
32448
-24471
9339
26238
-8835
12410
7810
-4223
-25491
19539
-32004
8235
14975
-18174
-19708
17926
-4606
20785
3447
-11006
-5243
-21161
-10231
9733
-32251
-8196
31032
30214
19556
27923
24424
-26778
8226
12899
20090
-19587
31109
-17800
4227
4483
25202
-27388
2557
-23547
13704
-23806
-18428
3849
-9214
-9619
-31806
4458
11899
-23426
-7555
25210
-13439
3458
31347
-19627
16636
558
8834
-17406
-10748
15878
-2046
14641
-23946
-2814
9860
14425
-27382
-32507
-23547
-30724
-1223
-3833
10599
-6637
12902
871
-29149
27235
15994
-9091
-25211
-23944
-11390
-10110
7797
-17916
2557
18438
-25975
-24318
-28668
2057
-9214
-1175
-13116
5482
17787
-16514
-28803
25722
-16767
-27263
20845
-679
7932
5679
1919
-13566
3845
7686
-1278
-27087
19575
-1278
-11133
-26789
8715
-29947
32005
24316
-20678
6664
-21661
31508
15718
-22941
12325
2915
14458
-4995
21381
27000
-19070
-20862
16493
773
2557
32518
-23419
-25086
30468
-19961
-9214
6252
3273
29034
24955
24702
-25731
8314
-25215
-5759
-6804
-2723
1788
-30672
31870
-13822
20229
31494
515
-5839
-25737
7683
-31613
5212
-20981
9478
26630
10236
16187
-761
-669
-2027
-18330
-8605
-26328
26723
27258
-24963
29829
-31624
-29310
2691
14449
20229
2813
-21498
-2682
-25598
18436
4616
-9214
-8850
-2870
-27030
23931
30078
-20867
14458
-9855
-6527
7024
31328
-27909
-21198
1152
-10750
26629
-17146
4099
-7118
1144
14083
-126
-24482
19468
27654
31238
-21765
-31684
16905
24933
28438
4966
10341
19498
19555
14202
-22915
28293
26744
-5246
-4478
-11918
-31483
3069
7431
-6009
-25854
6404
-4345
-9214
-24213
15820
26218
31355
22142
6269
23930
-23935
-17023
-3993
17253
-25861
-32717
4476
-7422
-15355
-16122
5379
30771
-31624
18691
32130
1632
-21236
-24058
17671
-27397
2109
11529
-23200
-16617
-26266
-4766
-24277
-670
25466
-31619
-3964
29816
-25982
-11646
19307
-2555
3581
11271
13955
-25854
3588
14087
-9214
11886
-15920
3947
-24965
14462
-2436
24442
-6015
-15743
11629
-23448
19963
-9676
-9091
-5374
-11515
10503
8707
26932
17529
27139
11138
29024
25613
6919
-13817
7931
-3523
-22007
-2973
-20712
-16283
-22173
-8657
-28573
30586
31357
645
30072
-5246
-11902
-3728
19718
3837
-31993
5254
-26110
-13053
21511
-9214
1646
-7215
26987
25211
-11906
-4740
-30342
-26495
-19327
-32146
23659
-13830
-29898
9854
-1790
3846
19975
16387
-25804
12153
-25853
1665
17506
5902
32519
-12793
-28422
7743
-9462
-30620
-30183
-32154
30565
12081
-17309
14202
-7299
-11388
-22408
-27518
-8062
15728
-25850
4349
-9209
23173
-26110
-21245
-24058
-9214
1645
-12845
-29333
-4997
-28034
-15748
-27782
-27263
-12159
-18583
22895
-1798
-2507
-5253
4355
27910
29191
15363
5431
17790
-13309
17795
17252
-26353
31752
-22776
32506
-29888
-759
15459
-32228
21865
-3738
-29645
-17565
-20358
-24707
-20860
-24712
-22398
-4222
28270
4615
4349
30983
-32635
-26366
-15357
20742
-9214
16236
-10026
-10389
11387
-18306
21628
-9862
24449
-22655
24685
883
31994
-18375
19581
2307
-32762
-10233
20483
-8907
27770
-12285
-3201
10085
23567
-5113
-14840
2554
17217
27147
19044
16667
2406
21860
-22218
-1693
-1927
-11907
21636
-14728
24962
-10110
-2958
-28921
4605
30984
-16250
-26366
30979
262
-9214
28525
-16168
3948
31867
-24962
-25732
-9094
-24447
-26495
7277
1141
7674
-29125
26749
6403
-10490
-11513
27139
-24778
-9605
-7933
640
23655
-13041
11528
29448
-22535
22082
-31988
-7325
-8933
-9115
-3741
2873
-5277
18554
-15747
-32636
-9864
-24702
-14718
-8595
-10489
5117
1289
-25980
-26366
32003
31493
-9214
10858
31962
2668
-26757
-29058
26492
-17030
24193
-21375
28778
-19592
8442
2364
20859
9987
-2810
-2553
27395
-29130
-7557
-7421
-9601
-28569
2064
28168
24073
-27143
22594
-15861
-20126
9757
-31642
5731
32315
-11677
30074
-25219
-31612
-9608
19842
-13950
-23956
25096
5373
6665
-21885
-26366
28419
30725
-9214
23660
11484
11116
-28549
29566
6012
5243
31873
-11647
-2192
30331
25849
-27074
30590
10243
519
-9720
-31741
-1226
29308
12036
-24194
17768
14097
13833
8714
-14344
28995
24845
-29850
4125
7525
-19868
-21187
-8605
18042
-25219
11396
-1160
-27774
-1150
-18574
-11768
5629
-15607
24711
-26110
14851
-8700
-9214
25963
6109
-24212
-21893
-18562
-7045
30842
29057
-29055
-9365
-29826
-8968
9792
-18053
9731
18951
-16632
-22525
-13513
4733
15620
10110
5739
30481
11017
-31478
23800
6212
-1779
12643
17437
5476
-415
4671
4964
28282
-12419
388
24184
-29566
-10622
-22932
23049
6141
1034
6019
-26110
14083
26116
-8958
9581
-4129
-10388
-16517
-13186
-7557
-19846
26753
-21375
14186
25217
17912
-21439
18299
9731
7687
-19705
-21245
-7369
-29572
17412
2173
-27797
23057
12553
7178
-23305
-20156
11278
11874
17438
-15005
2145
19523
5220
20346
-4227
-2173
-19336
-23934
-2430
-29845
-8951
6141
1291
-23934
-26366
11011
29444
-8958
-20112
18913
15725
-10629
-16514
-1669
5499
24961
-26239
-27280
26500
13559
-7101
-20866
14595
28167
19720
-7933
16441
-10115
-32508
21116
-9107
30226
-23287
522
-31754
-3003
10257
-27803
19231
-11166
4195
31557
15716
24442
-10627
10116
-7304
-27518
-16510
15470
29194
6141
-16885
-12413
-26110
9219
32260
-8958
1136
-9246
877
-20357
-17282
-16005
-22662
-20095
-24191
28779
8327
-3338
-19388
27259
22531
-17401
-26872
1796
21048
16254
-10492
32124
-1426
3603
14602
-15861
17398
-23482
-20464
10850
-8928
-24733
12641
21576
-12189
16762
-7043
-5245
26232
-16254
-11134
-2714
-246
6141
11276
4992
-26110
9475
12804
-8958
-28816
20708
19565
-26757
-11906
-20101
2939
19329
32385
21099
-6776
-20234
-1980
-27269
31491
1288
-3832
4356
-2247
-18050
-3580
-17796
28015
-29933
-32502
-14581
-8459
9799
-18928
8547
-24798
-19612
22115
2379
14948
9850
-4227
-16509
-17032
24450
-17022
17771
24331
6141
23564
8578
-26110
6659
17668
-8958
8052
-23069
-10131
-31109
-17538
24187
10875
29569
15489
-19088
-18551
-17163
8772
23167
-25853
-20984
-8951
21252
12350
29829
-19707
-26241
30321
29974
-18932
17165
30708
11081
5139
9063
-6876
22120
-31128
21578
-24220
12154
-11907
32643
-9352
-26750
-24190
-15250
-29685
6653
-22773
3461
-26366
5891
8452
-9214
-29326
743
-29843
-26501
-30850
31611
7547
16257
-32127
-24728
-29043
27125
-3515
-9862
-14589
-27383
17930
28676
5692
10881
-18427
-14979
29556
-2539
-9973
19213
-28172
-21943
-24814
-28575
-8923
32103
-29853
-30384
22116
14202
-28035
-21373
-11912
24450
-13950
18534
28940
7165
-15604
15999
-26110
5123
-1277
-8958
-30350
14312
-18067
-12933
-16514
-29061
4731
32129
27265
30317
-23410
-4364
23622
-26756
-18685
31497
14603
-30460
6973
24449
-1019
20861
18803
4375
-12532
2063
-5901
-1463
-8686
-30876
-6106
-16025
19046
9555
30564
11642
-10627
-16509
-16520
-26494
-15486
-11157
-20724
7165
-18420
7810
-26110
3075
9732
-8958
29555
14568
1390
-13189
-4482
14203
18555
-27775
-32639
9327
-20081
-14093
-17593
25213
-10493
-10743
17419
-22268
3646
22403
3078
30333
1653
-28393
-10228
-7667
3571
2891
-3820
-18075
-6362
24935
17253
12115
-28572
16250
-7811
27779
-10120
-23422
-9086
-10645
-3828
7677
13069
5250
-26110
2563
-1533
-8958
25969
23017
2926
-14981
-29058
8315
10875
19585
24193
-29335
2450
5364
4168
-25479
-2557
8202
10507
-23292
32574
18307
-10491
29566
28533
27927
-10484
24846
243
11851
-15854
-19614
-25304
32104
-25757
-12715
-22940
18554
-27523
16259
-17032
-32126
-23422
24937
-30195
7677
12045
-17280
-26110
2307
-1277
-8958
17010
31209
27246
-2949
-22658
21371
24187
9345
25729
22127
23443
17907
7497
-8580
2564
29706
1036
-13820
-1473
28803
21254
-1155
2422
-18152
-20723
24079
9458
8780
-7404
6246
-12760
-16536
-32154
16726
-5020
22650
-17283
-32637
15225
26498
-17022
-10640
-7667
7677
18957
30852
-26110
1539
12036
-8958
-27534
-32279
-12690
-1157
639
5755
-22661
6529
28545
24943
11925
-23566
10570
6013
6404
-23798
12300
-4092
-6593
22149
-29178
-29314
23927
8473
-16883
-20978
-25871
3405
25622
-4251
298
13417
-23961
27478
16997
30330
8318
22915
19321
17794
-12926
31340
24078
7933
-21747
26754
-26110
2563
4
-8958
-912
4331
16239
-3973
-4994
-12678
31099
10113
-9600
8301
1688
-14606
-7350
-6534
15876
7947
-29684
1797
-6592
24198
-16378
23935
23928
4634
8718
-32241
16113
-9395
29205
13669
10795
14186
-10394
14170
-29339
17786
-6531
9091
11129
21378
12674
-1429
10767
7677
-10995
-15231
-26110
1539
-3325
-8958
-5516
-11797
-17553
-6277
-9858
-19590
24187
23681
15233
32116
29337
23793
29772
-18306
16644
9227
-24563
30213
-2750
-30841
29447
-18818
15481
7195
14095
-3057
-7697
-4274
11800
-20887
-16853
22121
-25238
1628
-10395
21882
-4227
-2942
3449
-21374
-15998
25970
-26865
7677
-31730
-23931
-26110
1027
6148
-8958
-18828
22252
-22673
5244
-2690
-17030
-29061
19841
16513
-25745
7324
-25360
-7859
-3716
-32508
-3317
22285
-32763
-5310
20104
30727
15999
-2694
14363
13071
-29168
20719
-11185
-7912
-31130
12844
12393
-10137
30557
-22683
32122
382
-4734
7033
-23422
-27518
-16276
26128
7677
-10226
-11646
-26110
2819
-1021
-8702
-19085
12780
-1425
6524
-1922
-27270
-29573
16001
15233
-11665
29854
13041
31053
17020
-19196
27148
29965
-28155
-9915
19852
-6905
-6528
-8069
15389
10001
27153
-21010
-16304
3608
1640
30510
30827
-22423
21597
-4251
25978
-131
-22142
-648
28802
-20350
-8082
8465
7165
11278
9604
-26366
2563
2052
-9214
32373
-6931
-6289
-2181
-12674
25466
-19845
-1920
10113
-28045
-7521
24303
-23984
-642
-25596
-4341
9230
-1787
-5821
9097
15624
-4739
20603
-15588
-6896
4882
31469
-17072
-30181
14953
-24788
-19865
-29592
-11423
-17819
20602
-13187
-27774
5241
17538
-30846
-20369
-24559
7165
-20465
12932
-25854
1795
16388
-8702
-19345
2286
-7313
32380
-3458
25210
-13445
11905
5505
24428
30372
2289
-9389
14458
-20988
19468
21517
-8699
30530
6279
-9977
-18564
-10884
22300
27408
11795
-9490
7505
-24039
26212
-8149
-1948
25443
14946
18533
-20614
-4995
-24446
1657
29058
-26750
-15257
14355
7933
-28912
-1409
-26110
3075
3332
-8958
31086
25582
9840
11388
2175
4474
-5509
14209
29313
14188
-28505
24816
598
5754
-11516
-22004
19981
-21499
-7869
-27513
31495
30844
-11395
-15588
28688
-31983
-5139
-5551
26137
8293
3629
-18332
1891
31843
-15771
-32646
-2179
16002
11641
30850
-6782
13932
25364
8189
23569
-25215
-26110
2307
13060
-8958
-16783
-4882
9840
19836
127
-23175
-13701
21889
11905
24431
-1880
21486
29527
-23173
-5884
1805
21774
28166
-32700
-26232
19208
-11141
-11393
-4067
25873
3091
-1301
23634
5917
8550
22573
-17564
-13469
4197
-32667
-25734
-6019
-10879
9337
-25470
-21118
-28051
-3820
8957
-8431
16002
-26110
2307
8708
-8958
11379
-23568
-1169
7548
16511
-5511
-18309
11649
3713
15975
13740
25324
-24744
-12425
-6140
269
781
-28410
9028
9608
8968
4475
9602
-25571
-5360
531
-30998
16979
-1765
-160
7471
-22684
-23201
30314
16997
26490
4222
10370
1657
28546
30594
-16538
19990
9469
-238
-14723
-26110
1795
-5629
-8958
10100
29681
-14736
28284
4223
-3463
124
-2176
13953
-23700
3503
31211
-423
11642
-252
15117
-32499
-5370
-3260
-12408
-12792
-18822
-19071
-11234
-5359
-1261
2025
12884
-19939
-6556
30768
-10396
-16542
25709
-9115
-28806
894
2946
16505
17538
-25470
4460
-30441
9725
-9709
-19072
-26110
1539
1796
-8958
-18317
6386
-4752
11644
13951
-28295
-13189
19841
1665
-3987
-12367
-22039
-24996
-26502
25861
-26099
-22259
29959
23366
-118
-2040
-1671
-17021
-27617
5650
5907
-27161
342
1569
-27547
10802
18533
10596
-8337
-7835
22138
6526
-15999
4217
28290
31362
-3733
-12520
10237
-8940
-21120
-26110
2051
772
-8958
-14223
4851
1905
28540
6783
-15751
-9861
-13696
8065
-409
-2635
-19991
-14243
6775
-27643
16398
27406
-14329
-31930
-22390
-6647
20346
19845
5409
-21229
24598
5863
13654
-30433
18530
-24013
-25755
-14496
-10637
-10651
27514
13438
-2943
6521
5506
-28030
-8856
-7910
9981
24341
-7810
-26110
2819
-1277
-8958
31348
20980
29809
22396
13439
13945
15740
-11648
13953
111
-22089
9959
-21155
-13702
5126
12815
14864
-25080
-8120
5005
3083
20346
-25722
25891
-1004
23
17636
9560
-16861
-12442
-15817
10344
-154
27001
10342
30074
7038
24193
20601
18562
-13694
880
-13541
9981
14358
-31870
-26110
3075
2052
-8958
-19596
-13324
-13967
21884
15487
30073
31356
1153
-4992
15215
-9543
23781
-26785
12923
30214
-8177
-14576
16649
-18359
8845
-17653
-32134
-25463
-3292
10518
-31464
-20254
-3239
31526
-16282
17208
-30361
22885
-21125
20838
32122
5246
-30079
30841
22658
-26750
-1174
797
9981
-7658
10368
-26110
4611
-3837
-8958
1651
1781
-399
-11140
32639
-7560
26492
-19328
-7040
-20113
5821
28391
-28578
-1926
-29689
19987
-2283
19977
-11187
16019
-16884
16768
27785
-7129
11288
17690
12514
4955
26404
23144
-31684
14700
-3991
19581
19046
-7302
27006
-896
22905
6530
-30078
9327
-9698
9725
-7917
23427
-26110
17667
-20988
-8958
25717
-3595
25714
32636
16255
-648
-20868
-12416
-384
17271
-3394
-29213
19297
-7042
-12793
17939
24344
16138
-3504
-22891
-26866
7296
21899
-10454
6682
11548
-290
-12964
24874
-17812
3134
8300
29037
1922
-28058
29050
12670
7297
-24199
21122
-24958
4725
1824
9469
9749
-6778
-26110
16899
-2556
-8958
1397
21238
-9102
-16516
28031
-19592
31612
-22912
-19584
23664
-13886
12514
7269
-11398
-20985
-27373
22
-17654
32080
12180
-7667
-19842
19341
-3543
-13543
25884
15837
11613
10282
27240
-18627
-15767
25961
-893
5991
-19846
11390
-13696
30841
8322
13186
31855
-27102
9725
-25066
6531
-26110
21507
3077
-8958
32117
2551
-18573
-22404
32383
-7048
31868
-22656
6273
367
-17723
28641
-23962
-7559
5128
12308
8983
10251
-17840
31379
-2802
-29826
-20851
18731
3867
22047
-22053
2654
-24535
20072
25919
4970
18280
18312
1384
-27270
23166
-8064
30329
4226
-19070
26479
-21980
9469
26135
-15486
-26110
22787
19461
-8958
-7817
17143
-19084
-132
1919
-15240
-11396
-9600
-12928
-1420
-21306
-14115
21865
18045
-22264
17940
-32234
10508
30289
29842
-7153
2684
3982
-11476
-29412
-18914
7384
16735
26159
-11157
2625
-23191
19819
-8567
5993
3451
3710
-8832
-4743
17538
-32126
-25231
28197
9469
-6375
31107
-26110
20227
1541
-8958
-31626
-1289
5493
20349
30847
-30600
-11140
-9344
-14976
25711
1484
1246
-11924
-6279
27145
15894
-1770
-28404
19538
-8045
-23024
31868
27281
20270
24605
-2530
-32553
4961
10032
-21144
-11966
-19607
-23449
-27250
-23703
17019
-29570
22912
-13703
11394
19330
15209
-16087
9981
28187
-14722
-25854
30211
-12540
-8958
-28043
13049
3958
24189
24703
-28296
19325
-29056
-12160
20847
4049
-25379
14192
-2952
-12791
-8426
-25577
11278
10835
-32364
-24047
10363
27795
16432
287
-11487
-18731
-16286
-8399
-18072
12103
-11415
23145
12952
-23702
23931
18046
21120
15738
130
-32382
-32147
23854
9725
-5092
-28800
-25854
32259
-14588
-8958
17526
-20999
-8586
-20867
-129
6008
25213
-24704
-4224
-17806
25811
22488
31348
-32390
-22776
-749
-13036
-19953
-5296
1940
16913
-1413
-18028
-4051
-10980
32
-21806
-10913
-24264
22377
23109
-17307
30822
7068
26219
-26501
-10882
-8833
24442
16258
-12414
16752
-32208
9469
18970
26241
-26110
16387
6916
-8958
-30861
-6662
22135
30845
-23169
26744
26749
-24448
-18304
-13202
12503
14556
-24199
4217
-27128
-20465
-18672
11025
-27060
1683
7186
-14207
-19305
-19158
-9959
-27875
980
12127
-202
-25239
-28344
-26008
-14234
-4697
-149
-32389
-23426
11392
18810
13698
-21374
-30865
7476
10493
16916
12674
-26110
3075
-15613
-8958
24692
-31749
-18313
-27267
-22913
16504
-19843
31872
-12928
-10636
26075
30426
16256
-2181
-4599
29710
12817
-7149
-16565
-26475
16404
-5247
31134
-8916
18715
12831
-5168
2146
-23492
7022
9548
25706
-20374
-3920
28268
-30597
-19074
640
-17798
8834
28034
31862
7737
10493
-12524
-32377
-26110
3
-13565
-8958
-26508
-17925
2680
-7043
-6017
13432
-22403
-32128
-11136
-31115
17375
2521
-27512
-31621
-30197
17679
-32238
12054
-30391
-8557
6676
-4484
-10335
-28627
24092
13344
-14643
30819
-4544
-4499
9039
-2968
1642
12724
-29332
-12677
-9858
-9857
-26246
11138
31362
24183
-32450
10237
-21226
3464
-26110
1027
-9981
-8702
-27277
12540
10872
-18307
-3457
888
-20355
15744
-22912
8561
-19486
-28712
-30325
24697
-31219
-18417
-31982
14615
-7604
-23144
-10986
-23166
-11858
-1743
3358
15650
-27699
14439
26945
27756
-12965
-9877
19562
30912
-20628
-13957
-14978
-24193
-24966
3458
25474
-13964
1092
10493
10520
8071
-26110
1283
-9213
-8702
-26762
16636
8313
-6019
-17537
-10121
-13955
22144
-18048
-17801
-29980
-13871
-22131
-1412
11534
-31983
-18668
9754
10576
10394
20505
-1408
-9810
-19659
-10463
17701
-30266
-14743
-16313
2416
30813
12395
-32405
5571
-1939
-22405
-16514
29823
-19590
6018
30338
-31619
21831
8189
23578
7052
-26110
5123
4
-8446
6522
23804
-25223
3966
-129
-21897
3454
18048
-15488
4984
-25882
21452
-17520
-29315
-241
8210
-236
-13796
-15279
9371
10779
-5505
20915
-6856
12068
9767
29121
-4245
25422
1136
-11677
-19860
-19091
4040
1902
-10373
-6786
11135
-7814
6018
-22910
9080
18763
4861
12828
21641
-25854
5379
-2045
-7678
-13193
28156
-7815
-6531
-4481
-19593
-16259
27776
-28800
11894
25320
27081
26001
26492
-13807
-28653
-8938
-15586
14419
8860
-19683
10368
28085
7995
-2779
-6358
20925
21357
-28083
24687
-20887
-32402
-32402
-15669
17262
-24197
-13186
9343
-17286
9090
24450
32374
79
2301
21789
31624
-26110
7171
1284
-7422
-7815
31484
-29830
9854
4992
22903
894
-27008
-20608
18046
-23
28869
-6251
10624
-5870
9492
23064
30241
9046
-11107
-17121
4480
-11080
16191
-2264
15148
-12872
-18577
19031
28276
-24212
4974
-30863
-21810
-12178
-13189
-2690
-9090
-12934
14978
-25470
-9604
-28078
-2564
-1762
20108
-26110
8195
7428
-6398
21626
-30980
-27782
24958
-12417
9847
7038
-2177
18560
20858
-21013
27586
-12904
22398
-4076
-21226
-4326
6180
31065
9122
26658
27266
31677
32066
-16085
30511
-2891
-911
21081
-24206
8050
13168
25969
-25646
-16530
8316
-6530
-22146
-19590
-15231
9858
26488
-25002
-6404
18975
-1143
-25854
16131
22276
-4862
-30339
23804
1659
-25218
-8833
3703
8318
15488
5504
885
6891
-24141
12941
-3974
22546
-10721
12835
-19423
24162
27041
-5853
-27268
-29779
9286
14639
-26061
30890
-28045
-7595
-31634
-13465
-28561
32623
-18487
2927
7548
-11650
28542
-14214
130
-3199
10609
9302
25596
16423
-15742
-24574
16900
-16635
-3326
-1664
18684
16251
-22658
5248
-9354
23422
6272
8576
25722
14571
24745
-12405
-7811
18453
20006
7721
25379
-3737
17315
-13530
-20614
-11861
23371
-9932
26168
-20576
2423
-4004
-18575
-27033
-16785
-18318
2248
-8338
13180
-11138
-7555
-15238
-20607
-6015
1140
-5290
-13573
7726
-3197
-14078
26373
8967
515
897
23036
23931
-31362
-641
-31114
12414
-2433
-17793
2677
20461
24743
22414
-29318
-24809
3369
20010
-28380
27753
-9309
-13529
19323
-8786
-30131
9014
2105
-27490
-28296
-19107
9071
-1430
-13456
2672
-10294
-4242
-7045
-18818
-28035
26746
-30079
31105
-18836
24924
-22277
3632
-6529
-6398
-763
29191
1795
-5251
23292
-16773
-29058
18304
22646
23422
-5249
-7553
10358
29166
-22105
16016
19066
-26344
-5335
25899
-17882
25451
-26202
-14551
-30597
-23123
26447
-19399
-964
14747
-8839
-15780
25456
30316
-11151
-13455
18891
19823
1148
1663
15229
-18054
27009
-20863
31603
-32673
-23045
14896
6787
-5118
8710
-20729
4611
12676
29692
10876
30078
4480
1910
29054
-20609
-12161
-20872
23535
-868
30354
12668
30232
-9430
4653
-15831
8299
20903
-30932
-18822
-14929
-10927
6459
-193
16020
6524
-28570
15473
17519
-1424
17266
-28976
-26513
-7557
-7554
-644
-13702
22401
-27775
28019
22370
-12550
-23245
-14974
-9470
14342
18184
8451
-4479
31228
20092
-12162
14208
7286
-21890
-12673
-1921
-29583
5361
-3429
-10349
-15752
16668
19501
-26835
4651
31341
16040
11566
28795
-21581
340
27452
1601
13202
20605
-1181
28269
14706
27506
9071
-26158
-31121
8060
-13186
9597
2427
-31871
-24191
622
-7833
-18950
-25292
-24705
3587
-18426
19208
10755
-4734
-31748
-14980
-31618
-2945
-14475
-2690
-24449
-6785
-31881
-3855
-9835
29845
4475
24349
24622
1329
15151
-20369
6568
6962
1147
-17485
19799
-15040
14661
-30837
23422
24681
-26767
-31115
12915
-17037
-13354
-2961
-5509
-17282
-21124
19835
21121
-22655
-5261
-5526
3066
1846
19586
8707
775
-6392
19971
-31099
-31236
-900
-23426
20096
-10635
-11394
-31873
-17537
-5000
1779
31120
-30311
-2693
-23266
-3537
13106
19761
21361
-32087
-17101
-19078
-23370
23897
-27327
-29627
11143
-32384
18288
26226
25207
19571
-16525
14808
3696
1916
5759
-21636
8315
8577
-29311
-26509
367
27385
7480
25218
13059
23303
-21239
24067
-31107
-30980
22653
-27522
12416
-17035
-7298
-24193
-23681
12148
3316
-7019
-13413
5752
-18655
21299
-21964
-23758
-14990
-18006
8245
-7044
-24138
12123
-29885
-697
-23673
9089
20843
-17808
7544
3188
26481
26585
18800
380
-14466
-21636
14203
19841
30849
-12430
10611
762
-16585
-6783
29955
7688
-1783
29699
-27520
-30212
-13955
-10882
11392
-24459
1919
-29569
-20097
7545
-18956
10128
-16226
-31110
-4574
-4557
13880
23094
7284
4011
-25544
-6277
-30793
31325
-7099
29514
15234
-31870
-3215
-27789
24953
-23438
11634
14299
-12944
6268
-11394
20092
24699
15489
-30335
-28550
118
20985
17465
31365
-27901
22280
-18933
-23549
14466
-29444
12414
5759
3200
23413
10367
-29569
-23937
-20616
30965
-12660
-14431
-12167
-14045
-32715
-5320
3896
31861
13228
28729
-133
-17479
-418
-19130
30027
26239
-12157
10358
-910
28284
11635
-8589
-25379
2929
17020
-18562
13180
25723
5249
22401
-22923
-27783
-7432
-8902
-6782
-18941
-4856
-1269
-19197
24191
-28932
15230
-4738
-3713
9333
19327
-24705
-23425
-19339
27126
-1909
31651
1144
-11739
-15562
-199
-1479
30070
26539
-22470
32379
-7238
30048
31049
-26291
-4228
-30332
-6029
-14479
19838
19827
-8334
-16929
-9616
11132
-17794
-10373
29563
26753
29569
-7053
21886
-15624
-23749
-24447
-8701
24585
9740
-11261
-16766
-28420
9599
-11906
1408
-8076
28287
-16001
-25473
-24707
-11018
-9853
-15962
-16261
32038
-17353
-29893
-12484
-27529
-4180
24893
-22918
-24133
28002
-30646
-4018
22134
7814
8318
12150
7552
-22158
-22411
-31519
-26511
124
-20610
-25477
-25477
21377
-31615
10106
-28288
32503
16958
16005
-8701
-14071
11789
-2045
-19328
-27652
19839
7551
13184
-10380
26239
25471
-8833
17016
-21257
-28285
23210
15737
-28888
-12999
13884
-32448
-23432
-30547
-26306
-32134
-19011
13156
-21684
-13487
-29580
-2426
3454
13939
-15744
-14477
4468
2274
-20879
20604
-4226
31355
17275
8577
-24447
11125
30085
29431
-706
-22398
4100
28682
8205
8708
24705
-26884
23167
-10626
24960
-20620
-30081
-22401
-25473
-11914
22520
2686
427
29560
25898
-24006
14141
21570
-5255
9902
15937
-29062
1984
-19866
-19890
-173
20080
29576
-28546
-10126
4998
628
12660
-14363
-25743
2428
-642
15739
-27525
21121
28033
-31372
-13687
30966
31041
-17535
7684
-21238
-28147
21508
24964
-27396
-20097
15231
128
32372
-14465
-19841
-32129
20091
-11784
-12169
-13905
-390
-25815
-32455
29244
5702
15738
-25172
-25534
27255
-5696
8040
13649
9046
-3478
12169
-16505
6773
-30075
-25999
27508
18150
-12687
24444
-26242
635
-16005
22401
13953
-15243
8589
13557
-23483
-4735
-7421
31754
-13043
28932
-16511
-27396
128
7295
19072
29556
-17025
22399
-26497
32373
-24327
13688
17843
13943
-24020
-16837
-4294
-13241
-28038
-26708
26947
8055
-19005
25705
-25263
-8619
27754
-24694
-13690
-32399
-5496
-28046
26225
11496
5234
22396
-642
-2182
-18053
10113
-27519
8301
28307
20213
3912
-15748
8708
-5622
11788
-26876
1154
-27396
-28544
30079
18304
13940
-2433
30335
-30081
28790
4858
-25997
-21578
21879
9262
16700
-30149
-1462
16251
5293
-1980
7543
-5948
-17045
7251
16984
13926
1420
-15735
11123
-22133
-7055
-24207
-23575
-29838
-23172
-3714
-15750
3196
10369
27009
2674
15511
19956
-9399
9343
1796
-29430
-12021
-15356
-2941
-27652
-13952
-32385
29056
16500
-4737
-26753
-31617
-4488
26618
-19090
-23878
-29576
-9426
-31684
-32707
7760
-15492
-1619
-32184
8054
-15674
10862
-18603
-12966
-3231
24461
-5230
-2189
28046
10354
24435
-32277
-28814
31612
9855
-15238
-13957
22657
-26495
18291
26010
7667
-12981
25727
6148
-25590
-30452
10245
-21375
-27908
-16000
24191
-30592
-397
-5761
29567
32127
-16528
-12038
7792
-5447
12148
14642
-7617
-28098
-689
3454
-20819
4681
-28554
-5177
-9874
16215
14685
-29087
-31346
21388
-10129
25998
1650
-20625
29420
-27534
29052
7807
21882
-13445
14209
22913
29549
-9826
29939
-6323
28283
-26364
-6901
11021
17413
-28289
-28164
11393
-17793
-30336
-13709
-18305
25471
24959
-907
5883
-22933
20156
15222
-23757
8513
26689
-22189
20606
16045
14156
18805
29639
31345
19802
-17313
14172
-25713
-10607
20083
18319
-4496
25712
-8724
-5774
-14212
9087
15482
-20613
7041
12417
30834
8866
16114
-15024
17534
-15612
25868
-30962
-23291
7809
-28420
-27263
-31361
32640
-19085
20352
-32385
23935
-25481
26619
-3482
32191
4727
3894
-12990
-16830
1879
29568
-4434
-22193
-7820
-9014
117
-27300
-29855
-26792
-11119
-26216
-14989
16018
-6288
-25487
22254
23667
-25988
11391
378
11388
14721
20353
-2959
16550
-4368
30547
18558
2309
781
-27634
-2299
-27521
-28676
11906
-13441
-27008
-17805
17024
22655
20351
22898
-18693
-13210
16578
17267
-6600
13379
7234
29531
29825
30638
12113
-11916
-22323
12406
9566
28004
16727
31890
9622
-5008
-19818
-1168
21615
21232
-1933
-14468
20607
890
9340
10369
17025
-18833
-25686
-6416
23636
6780
-1020
-7924
19982
32518
7297
-27652
7298
-19073
-16256
-18317
-28800
24959
25471
-5257
-17157
-27551
-28989
5750
313
-32444
20037
2397
14723
18097
5460
-30603
9675
-22153
-29089
-17307
-29103
5268
24987
-9356
-24682
-6544
-4751
10224
4212
-14468
26495
-11911
-30340
12161
22145
-29576
-342
14319
8533
6785
6149
-30195
4368
-19194
20867
-27396
-23166
-10881
-11392
-17549
-30592
28031
17535
-19082
1532
3932
9670
-18059
6204
-24762
3910
-23199
-2429
28336
-12970
-24461
-21297
17019
21603
-3224
-10674
-29035
12449
-9357
-26214
-15504
-19856
9970
12404
-4228
29823
-9607
31100
7041
8321
26225
11440
23789
17753
7293
22789
23566
32528
18695
6018
-28164
-21374
-7809
32384
-20621
12928
3199
14719
9844
22524
-1446
-6455
-10381
-14784
2377
-4026
-28827
24197
5810
1113
16243
-23341
4223
-31131
20587
16972
24471
13729
-6030
22432
-32655
-14992
-13
28276
-6276
6783
-18567
4988
-14208
10113
6768
8375
-2324
-27300
-19589
-23035
13071
-19696
-15865
-14204
-29444
30083
-1665
-27264
30579
-25216
3711
11647
-29572
25084
11090
-31798
-3721
-22207
2122
587
17003
21127
-31567
11358
-28814
17362
9602
1386
17263
32325
29592
20651
3192
-18272
18545
-17035
14836
6517
-7556
20607
24697
-30084
-14208
8065
6006
17336
22249
-16546
21887
2822
-4081
15634
-26872
-12924
-29700
-19325
-2177
-14464
-28813
-7296
5503
21375
-2442
32508
593
-28469
19573
-17340
-10164
26187
-30613
-25720
-29774
11871
10355
8659
32387
29290
-26769
26691
5018
27818
-4492
-9567
10098
-23694
-12
19061
-6788
29055
14969
-25476
-14720
14209
15472
28603
-12824
20832
-9605
-31226
7185
-12270
-7928
14981
-29700
-4221
10880
-15232
29555
-8576
6271
-2434
2934
-25092
-10164
-17204
-20108
6216
4687
-181
-22928
29065
-17487
5474
-22158
1492
-22651
-10387
-15501
-25025
6043
-17751
-8588
-21596
19826
-2191
-23307
-26251
8829
19839
10105
-25220
-3712
-9088
-8592
31423
-9754
4707
-20613
-1786
7698
-13294
-29687
24456
-29700
30852
30336
-11904
25715
-6784
-2434
127
-21637
-19460
-3771
-6961
25975
-11703
-32176
-14513
-8074
-18805
-11086
-10393
-11407
-20268
-26999
15473
6776
-10183
-3172
-27213
-6793
-15449
-3726
27766
30710
6518
27773
-26497
377
-23940
-19840
-8576
-21901
-1342
10467
30566
-12676
25863
-2798
-9964
-17398
25736
-29956
-27260
5504
-11648
19315
1665
-5762
-16770
13174
-13316
-27325
3794
-6540
-27058
11347
-17330
-25993
19853
-12364
20071
17266
-26153
-26229
5746
-29576
-1481
-14946
-1103
11125
25772
-652
7542
32503
15734
2941
-29057
-10376
-13956
-22400
-24960
4203
23239
-11295
26217
31096
14600
32276
25620
-6902
-8568
-29956
8325
17024
-18304
-32141
2433
-11138
-18306
-5257
-9732
1854
14547
7285
3154
4949
-7598
-2948
12943
-16461
8556
-7823
-27176
-1394
15478
-9861
-206
-16736
-8779
-8074
32687
-7307
20598
7928
-16778
11645
19839
7289
-10628
-29568
-11136
-25744
-19510
16862
13164
-19078
20232
-20716
-19946
23820
-10870
-29700
-26235
-18048
-4224
22643
-24447
11647
-12674
-20357
-6916
-31690
-14380
14967
-1451
26967
25685
31108
-18799
10678
-14990
12402
26586
9620
-30340
17282
25901
20387
-1346
-29831
-6734
10615
-30600
-15624
3447
-24195
-30849
-14984
13181
-11648
-20096
-8335
16846
-23848
7279
14971
-15352
26645
-12010
-7923
-13691
-28420
646
-20608
-1920
16243
-26239
2943
-23170
16500
-3588
-9418
-10537
22386
15707
7003
6486
-31610
-5485
17079
-9357
5492
-27941
-4717
124
29827
15659
30372
-13382
30325
20148
-27017
32628
2041
30583
31869
-26497
-30600
20605
-12160
32128
13166
13523
-12072
7025
-9096
-12023
14359
-16874
16654
31369
-28420
-24698
-32640
641
18291
-9343
-11138
-31618
21115
-2564
-22226
4312
14710
19553
-4002
21851
23181
-14186
11450
-31621
-6285
-25378
-12389
20868
-7287
-10459
-29273
2500
-30342
-24901
28025
26490
5114
7032
22909
-23937
18040
-32131
-23424
-31616
-15245
-21035
21713
11380
-13701
-4854
11032
-16616
14608
-14708
-28420
647
-27776
2433
-3214
-11903
-24450
-19330
12925
-1540
-4823
25050
27511
-7580
-25759
-20129
30870
-4455
-18757
-13693
22644
21473
30880
-26230
-6768
6690
-17495
-10550
-16261
-1090
-14727
23419
-23814
16248
23165
-19841
3704
-32387
22656
-26240
-23437
-552
16076
-18314
22652
-5109
-23783
-12518
23315
-26487
-28676
13447
-13952
5505
11123
-13695
-24962
28030
-25736
-516
-29144
-31780
-22413
-7829
11110
21090
-10856
18331
8380
-13435
9589
-30749
-15965
-17268
-9326
-8929
-18261
-4408
-9607
-25405
-390
18809
763
-23176
-24707
-25217
-2185
-31363
25984
31360
-3471
-28452
-24630
-5000
-16518
13581
-997
7709
-22764
14221
-28420
-14201
13185
-6016
-11918
3970
-20354
26750
-31106
-260
25379
20191
-17802
9328
-24473
-13210
7072
-3427
-25667
-3700
-11660
28901
-3416
-17519
15511
-5349
25006
15058
-18819
-4153
-3718
30843
23035
8569
1918
-22913
-28297
-16259
-30080
24192
-22406
7135
-7485
-1157
-10882
-19955
25372
10528
27415
-32625
-28164
10888
6785
-7552
-13710
2946
-31618
32126
-15235
-4
13344
-28703
18038
-8332
12395
23913
19878
26272
3775
5778
-7308
21223
25005
13718
13981
16921
5552
12501
20093
-31796
19068
29309
-24069
25209
-4995
-29825
24439
-15491
17536
-27520
-25227
6882
13759
-28033
8316
16911
-226
-12511
-12775
-5748
-27908
11145
14977
12161
-9614
30594
-27010
28030
1148
253
-30946
-12062
-29836
-28294
-11410
25194
-23128
-10079
17086
-6764
23669
-24344
8623
-873
20382
19223
-17487
-28716
-7556
-20274
26748
-8325
-13061
23418
894
-7809
21879
3966
18816
21120
-30604
4325
28860
-6271
-13702
-27632
-23520
-734
16411
-4210
-27396
25993
19841
1665
-17550
-23934
-25218
28286
4996
-4
11034
1253
-14472
5756
1649
15726
9646
-15709
-21313
32665
11380
-25
3507
18077
418
-749
-12621
2780
-16511
3024
9084
-24194
-4357
28282
6526
-23169
4983
17022
22400
26240
-7815
-11546
-32076
2182
9854
9745
19490
-21980
7710
-17009
-27396
-22391
18049
17793
-26254
-20350
-31106
-29570
30590
253
-1000
-26
-395
-20351
4468
10608
-1615
7078
3520
-3940
-17292
7402
-30795
-26721
-31067
-13806
-30027
-22564
-24450
22994
12669
-1155
6140
-18566
1662
-6273
-11402
16510
14720
27008
8820
30185
8882
18825
-4486
-11245
14628
7974
23584
32143
-27140
-8567
-25215
21889
-29838
-8830
-20610
19326
-15235
253
-10474
27623
-6540
14469
-27018
15474
14773
19623
-1344
-20833
-7564
9705
-12105
3234
-3673
-24816
-24650
-22820
8319
13014
2175
-16257
13564
8827
24702
-3201
-31882
31870
23424
11648
-24459
4331
28077
139
-17030
-31468
32549
-12249
-26846
11662
-25604
-26230
-24447
-22911
-30350
17539
-32130
20862
-2943
509
13588
-32534
-6026
-29560
30329
-2954
-21316
-5465
22974
419
3955
-792
3769
32676
-23380
9742
-8009
-16927
16001
-29741
29821
17024
14588
-17029
20862
18560
-27274
-13186
15744
6784
22392
-6420
-3162
-32625
24188
25366
-4057
-7639
-7642
8850
-25604
-16246
-23679
20865
30578
12419
22142
-10371
-4227
509
-15086
23274
8821
-27249
19582
30326
-2372
7595
9411
-30041
6005
23021
20415
-7766
2736
-24563
-12358
19426
-17025
-25638
13184
-11392
25084
-2437
19838
128
22902
-21634
3968
-23169
-26768
11247
23459
21393
2424
281
-4055
-5590
-27609
-26478
-26116
10635
-24191
19329
-14478
-32381
31102
17278
-23169
253
-32496
-5653
26229
-12141
-12928
13435
-7487
-4179
3011
-28244
-22668
13294
-21822
-31826
2995
-25333
-26436
19685
22401
-25379
22912
-32383
28156
-32644
20094
1920
24950
7551
14464
10880
-18826
-9232
27548
917
-9862
-29670
-30421
-24787
19499
12693
-26372
-23413
-17279
18305
-19086
19331
-25730
3454
27522
253
-21746
1261
-138
1942
-31358
-32130
-7481
27055
13507
-4175
25204
-3090
2246
5298
15288
22538
-67
-8984
-12670
12510
-6272
25730
28924
-6020
27518
-2177
-651
-1666
17792
4224
7288
-22543
20630
24727
-32645
-20965
45
32559
-27088
-16752
-26372
5772
-7551
-24959
23154
8835
16510
-28547
-4742
509
23310
6638
29810
21915
-27770
-22145
11977
27312
9413
-16718
8821
-22033
-32313
-26445
1978
-19703
-10305
-2074
20607
12769
-23934
17793
30972
20861
-23170
17280
-19339
-14210
-12417
31615
22643
23795
8853
-6247
-5513
286
-8658
7217
-13775
147
-26372
-31348
-17023
30081
25458
-22397
13182
4222
25217
509
23564
-8466
-15243
26270
-27256
20355
-1844
19634
1988
-9545
-2956
-8209
-1847
-10313
22717
15624
19905
23786
25731
-8222
-26237
20101
31484
-8579
28286
4992
30581
14463
-7041
2688
-14215
2036
22669
-21604
-19845
18975
-209
13619
21045
-5228
-26116
-11892
-1407
-32127
19826
-27005
30590
11134
-4478
509
20235
29424
-13195
-28767
8843
4486
-20272
12980
12741
443
-14476
29681
-21300
2747
-10304
30727
-18494
1261
132
-31261
-4222
12165
32764
5502
-21122
12416
25717
13183
11648
-7297
-22664
20213
-21112
19104
26234
23585
3634
30260
13113
-12656
-25860
5773
6274
-22655
-27278
-9597
23678
-4995
2686
765
-12534
14321
24946
-21338
15758
-13945
-8750
22965
-10300
3261
9589
-18447
15310
26044
-11070
-14586
964
492
-2687
-3867
2692
32131
-32004
22142
-21378
23936
23669
32639
4992
-17025
7286
28406
16518
-19550
-17288
-16349
-17869
-8139
-18373
22929
-25860
-32627
25474
25217
25458
-14717
14206
-9347
14468
765
14345
27634
30325
-12887
16273
6795
-15915
-26697
32710
-16704
29300
3570
15057
-29760
-15931
-20475
-19771
-4881
-12155
3047
-21628
-20090
-31748
-3714
7295
7808
12661
23423
-9601
-21633
-32386
7415
-10371
-24922
5757
31269
-32203
-15048
28479
-6255
-25860
5518
23938
30337
-21646
-5501
-4739
-23427
-6526
509
-11512
-13070
-24971
-15700
9107
-9588
19160
30392
-3387
3267
-24716
3571
-15918
24770
24775
21509
-31802
9456
17285
-5145
-29308
-24699
-31748
29567
-2946
19328
9333
30079
-28545
-23425
-10376
-13577
31867
-28249
28794
-217
15671
23097
32578
-9844
-24068
15502
-17022
-31615
-27790
-9853
-3203
-12931
-8065
765
23560
4084
8818
27567
15254
-10098
31449
5559
8129
8640
-28301
-25616
14032
28095
-1849
-26876
28102
-32018
20867
22246
5251
27523
-29700
-23937
26239
13440
-4748
-32385
-23425
-23681
27768
24824
25976
-15190
23417
7466
2618
-8646
27972
-10863
-23812
30350
31618
32129
15474
-31356
11902
-17027
30089
509
3847
27636
9848
-1614
-28008
21650
-24100
14524
7880
-4663
5493
9459
-2089
20424
13516
3588
-28727
-29709
-8055
-30998
21381
-11127
-29188
-8065
12671
12160
-26508
7808
-10369
-29825
8062
-1288
26479
19885
15741
23084
17467
3645
15689
16530
-23812
-13426
-24190
-22655
27762
14980
8318
-6531
25731
509
-15354
-13068
-8332
15543
-31589
3476
-18977
20414
10952
-16693
16501
32757
20185
20682
27087
-16125
-25654
4339
-7802
-23316
-21370
9865
-29444
12416
24447
27520
-32652
-20865
-24193
-18561
-393
-20743
-3988
-28754
-16007
13103
-31171
-26563
-31411
2962
-24068
20111
-15998
-10879
8818
17796
-3971
-24963
12674
765
30470
21493
32115
10681
-27491
12949
-26401
11710
27336
-25140
-21643
244
-14119
13770
26831
30723
22731
24051
30854
-4372
12677
-24954
-29444
-11136
31359
32128
8052
-5505
31359
28287
8314
2298
17002
-17488
9082
-8400
-6338
-29377
-7603
-1133
-24324
-29041
-14974
23681
26994
7812
-17795
-20611
1158
765
-5627
21494
-19851
19899
-3938
-20328
-1822
-31809
-21049
208
-25228
7669
13276
13518
10962
5379
204
-15883
-32120
-20500
-17021
26759
-29700
129
24703
11392
19060
-15233
19583
28031
-11140
28154
-2716
1972
28283
16435
833
-2238
-16045
24209
-24580
-25713
-5246
-30591
30834
14212
-13187
-5507
27519
1021
10502
-6666
4978
-5187
-23904
10135
-31774
-24129
199
26574
-5261
-8971
-7461
4045
13010
7683
-24116
4084
30340
21741
-13693
-28540
-29956
11905
-28289
20352
9844
-17025
25983
-22657
-16780
-14342
19559
694
-10634
-10955
-5054
-4286
26963
-3184
-24836
-29553
4995
-18047
-17294
-31612
-17027
-9859
-7810
1021
-28154
15096
369
-6214
-29282
-15470
18914
2492
28353
8908
-28818
-4876
27354
10444
-304
15107
27852
19700
-31101
-7445
-13441
-6784
-30212
9601
-12673
30592
15476
15744
18047
-22913
8310
2299
13675
5309
886
9779
-25024
31807
-14510
-1646
-24580
8592
19331
-7551
-21134
-30076
-20355
-26499
32386
1021
-5115
-24584
-23437
-20291
11681
-8811
2533
-10818
31939
-8496
-16018
-17163
-30499
20943
-6957
-5118
28878
22518
2694
-11795
27010
19844
-30212
-8319
-7553
-23424
5748
17792
19071
13439
-16266
23035
19045
-10817
-19594
-10188
5953
9281
-29608
-20080
-24836
16528
12163
-12159
-19342
20868
-7043
-23171
15995
1021
-17147
-22792
15215
-19262
10149
-21353
-9499
10432
-9020
-3631
17264
12535
-27426
-2096
3031
-14334
-24881
18933
-24702
-19985
24195
-16511
-30212
3458
-7553
-29568
628
9600
30335
23935
15730
-19461
29539
-23872
-11917
13880
10051
5441
-13223
32402
-24580
20368
6275
-30079
17779
-21372
-12931
30333
-1407
1021
6405
-8456
27250
-22075
6311
-8549
-29977
14530
-31803
-5164
-25488
9975
14817
-10797
-17961
30210
-10288
5367
-14202
-31760
-17789
25988
-30212
19074
-16001
25984
26740
-31360
19839
12415
-14472
-10757
-2213
-31806
-4746
-5063
-19389
29764
-675
-1910
-24068
-5488
12675
-19327
17011
-7036
-13187
-32387
31872
1021
517
-24071
-16528
-25916
-9818
-17506
23785
19648
-1602
-12591
-22929
8436
29404
-22835
-28202
12802
29135
247
5253
15085
6273
-4991
-29444
-18302
-6273
30080
9332
-26240
17535
1151
19831
5372
25690
9158
29046
19515
29766
31812
29793
27282
-23812
4753
32131
-12415
4211
-3196
-15491
26749
14207
1021
-29180
8185
30832
23499
429
12961
22507
16581
-32057
18906
-21391
-29448
-23580
19928
-26403
8962
24530
-26889
-28539
3571
23174
-14459
-29188
1923
12672
-15488
1396
-11648
17023
12415
-8586
12284
-12461
19396
15990
-17601
22344
-32442
-2203
17556
-23556
5777
9603
-7551
3699
-16764
-24195
-26499
11909
1021
11780
-26375
-31373
32716
26798
-26204
3309
967
16840
25053
22897
-30472
-18970
25819
3550
-2815
-12845
-28935
-23671
500
13446
26504
-28932
16515
-129
-16768
-24205
-20096
5503
18047
9087
20988
-24244
18887
-31622
-27327
-20919
12106
28011
1429
-23812
-31855
-29565
-12927
2675
10629
-10627
21629
-24189
1021
4100
-8967
-6542
-6448
32177
28327
32238
-20536
18121
-29473
26737
17401
-19993
-17955
-11808
-7679
-4652
-15367
-10104
-3596
1927
31624
-29188
-10877
25216
-25984
-27789
-4992
19583
-2690
-20359
-32260
-10423
-4664
20087
24902
-24244
-31669
9327
6293
-24068
-6767
-25981
-2687
29043
-14460
-28547
19581
-23679
1021
-3837
250
-13455
-15405
-4172
9129
-17169
26825
-31288
-16416
1650
29945
-9240
-23075
18657
-13055
-4395
-14343
25736
-4619
29063
17032
-29444
22404
13952
-10880
-24461
-24192
8831
-11650
22905
-25092
-28090
202
9079
20298
20047
15183
13684
21143
-24324
3986
-30845
-13439
13939
20357
-12675
30845
11402
765
-18429
26618
2422
23765
-26954
-16979
2289
7883
10441
19684
22641
26105
5611
-27422
-32540
-18687
-2602
3579
-17012
-28682
-27002
-12918
-29444
23684
17792
-16768
23667
4993
16255
-4738
-13186
-19972
32063
22733
2938
-29619
8274
10321
6776
7575
-24068
28306
-14973
3970
-27533
7301
-31363
23677
-31612
1021
-21501
-29446
2419
-16424
1723
-30545
-11535
-30516
-11063
-26395
-16527
-12295
9708
32739
-4891
-20223
-41
-3590
-6263
-29449
13192
27529
-29444
-13692
27264
-6272
25459
1921
2431
-5250
-9864
-13828
-22979
-22578
-27786
-28846
-28075
11859
-7045
1687
-23812
-21870
-15485
-4479
18291
9349
-16259
-25731
-29821
1021
-27133
-21254
-31630
18395
19389
-5711
-2318
-25395
-1336
25831
3186
-4871
5613
-32540
-30233
-22527
-1576
17659
9610
-1545
-1656
22921
-29188
16261
-26240
-7296
-2958
5761
12159
11391
-16262
-10756
-31687
3280
3959
25173
12119
-25258
-22656
-28261
-23812
1427
-17277
2946
-28813
-27515
-25987
18301
16777
765
-32765
-7430
8054
-8740
-5697
18615
28916
-25649
24009
-32023
-30606
14074
-1042
3047
-10776
-24575
8154
6140
27533
30712
-29814
-22642
-29188
-17531
-26496
897
9843
-32639
127
-17282
-25987
-7940
23348
11474
-20616
14168
-2983
-28839
-12922
28056
-23300
-4974
-15485
6274
-30349
16517
-29571
15997
17283
1021
32003
2555
-5262
20192
23491
6327
-3084
12240
-32311
8426
-7054
-31750
-29969
14312
29162
-25087
-4646
-25093
21386
17913
22410
-16501
-28676
-10875
-21120
-1152
-4494
14977
-12930
-14978
-5515
-4612
-22221
-5421
15988
-14243
-15524
-26535
2697
-14192
-23300
-26221
-12157
-13695
6004
30085
-7811
19581
381
1277
-23805
-4869
1131
-28196
31934
-15689
-3596
-9020
-4435
6626
7023
32245
1510
25305
25571
-25087
13782
15355
31873
-4109
-13957
29048
-28420
-24442
-18816
-18816
10867
28545
1407
-19330
-23690
-1796
30011
22494
-19856
-20902
-27556
20317
20362
11161
-21764
-26477
-4989
19842
-10125
31365
-17795
17277
-10616
1021
26371
25851
-3724
30435
-3129
28349
-6666
28627
12748
-3859
-11662
-11782
4594
28907
22765
-26367
19421
-17924
11918
17658
11148
-9074
-27140
-14202
-17024
15745
-6030
30337
-9602
-21122
10110
-2052
31530
7128
1912
-14493
-19871
10848
11412
19349
-22020
16019
3972
14978
12148
4229
-30339
1917
-2688
1021
25859
-32005
32624
9190
-21557
29886
-28937
-18220
18124
-22546
15220
-10502
-13838
20716
13038
-26367
-2339
26876
17802
-15878
17037
14476
-27396
-18554
1153
27265
2675
13697
-15746
30078
-19591
-1028
-16856
-28455
-6028
2665
-9116
-17822
6808
16279
-22532
9620
-7805
22402
13684
-25979
23165
13949
23175
1021
24835
-22533
21107
32743
-5428
-16959
23288
28886
-22580
26608
-23181
-17926
-9741
18414
-6673
-26623
-6434
-7172
6030
4091
-20595
30095
-27908
-24185
-8576
27777
-6286
-7295
-20610
31102
-641
-772
-6621
-13605
-27017
30827
-7323
28774
-4963
11671
-22276
18580
-9597
-3199
26484
-10875
-28547
-1412
21384
1021
24579
-16389
-5261
-23832
6863
20164
-15624
-3114
27852
28145
-4493
-27910
30708
16367
-22799
-26623
-20001
4605
13967
11003
-22131
-31345
-27396
-5753
-5504
-1408
-19086
2178
-16770
19582
-13698
-516
26401
-804
32119
-11154
873
-32666
-6496
-11116
-20740
-17004
14724
20610
16756
-26491
22141
-13700
12676
1277
24067
-4613
-9104
28651
28882
-7484
9465
23256
7628
13810
17780
-774
6133
30191
-30223
-26879
-29472
2045
25485
-17669
6287
13967
-26116
24456
8833
26241
28274
-9855
-25474
16766
3965
-4
8223
-32289
-5259
-17548
28267
-22424
-32093
17047
-19716
-8811
13444
3458
29300
134
28285
-17540
-18807
1021
24067
8700
-4493
-5396
-14892
-12342
3066
-23846
21709
-15372
29555
4603
-15370
-270
-5133
-26623
-19742
31741
15249
2300
31373
-31345
-24580
19593
7041
5761
31090
15490
-21890
9598
-10876
-4
-26086
13283
15482
-24712
6254
21356
28843
-28777
-19204
6294
28804
14978
10868
25734
5501
12413
-14713
1021
24067
17916
24178
-6161
11482
31950
-19206
23772
-1843
32502
9843
-21509
-521
27380
18421
-26623
26596
-28675
27024
-31492
25486
29073
-24324
19081
26753
21377
-1935
-23934
16254
23166
-5762
253
2585
-26650
18294
23169
-32397
22383
12210
5015
-19204
-22889
-24700
20354
23412
25990
15741
15229
-13947
1021
23811
20476
-21136
-21007
-10276
5585
3323
-8484
3276
-28681
31091
-30981
31992
-23819
-12298
-26623
-3868
-24835
32143
-19460
-29043
7567
-24068
-32118
-32639
17025
-9615
-24190
13438
27518
-6530
253
29206
4840
-14219
16263
21111
30834
-4938
31385
-19972
29848
-24444
9858
-27532
-3706
13181
10365
16269
765
24067
23804
-13196
30962
-6179
-8748
30459
-29218
1228
-16136
19570
16123
14585
-11274
26103
-26879
-21019
-17411
-18285
-7428
-17523
23443
-24068
18827
-32383
6785
-4495
2691
25214
25982
-17277
253
-2030
7914
20088
-15990
8314
8822
-4164
-20072
-21252
-26728
-380
12930
-19084
-14970
10621
-7300
-18810
1021
24067
28156
-29071
18674
-27938
8915
20731
8924
-26426
5623
19825
-16902
9464
-18187
-10762
-26623
7909
-22531
-23665
-7172
-16244
-15729
-23812
23947
-4991
18817
-5263
-10110
12158
6782
17273
509
7703
-28434
-12687
-28023
15736
-5259
-14406
-25196
-19716
4761
-13180
17794
-21132
-9338
3709
-13956
-27516
1021
24067
29180
30831
31731
7647
-14896
-24325
17372
16327
-30472
-18578
-4614
10745
6135
9464
-26879
26597
-18435
-24946
-18180
7306
24460
-22532
6284
-17279
18049
-21135
21891
10622
-6019
-21892
509
-20462
-12306
-5006
-15473
16253
31862
-5441
22680
-21764
-22631
11909
12930
2421
27015
10365
2429
-22392
1021
24067
30460
20338
5364
18144
-4397
-7685
-25635
9415
31993
20078
-7174
-19719
-1033
-28168
-26623
-1051
-14851
7313
-7940
14730
-22386
-22276
-5236
6018
19841
-17295
-19581
10622
11134
-642
509
-27632
18416
628
-17262
-11905
-30855
-7228
-23914
-24068
-13671
6277
18306
629
-2426
10109
-132
643
1021
24067
31740
26223
14837
-3614
-23597
764
3038
25542
-26119
-14482
-22790
-12551
29176
14841
-26623
-23578
-16387
6542
5629
651
25996
-21764
6797
-639
19841
-32655
27267
-6531
-899
18807
765
-5361
6897
-32401
-12393
-18813
-9862
-28473
-17768
-26884
-28774
17285
19330
24437
6023
893
2941
-8316
1021
24067
32508
-23953
20214
2277
-4394
15356
-6690
4806
26618
-22675
16890
20474
10489
31993
-26879
29415
-13827
-29297
14845
-118
5518
-22020
9614
13698
-32127
-25231
-15997
-4227
-1923
-132
765
-15091
4083
-6799
25501
-14202
22911
29901
-19813
-31492
-6502
32645
-16510
23925
7047
-2180
-10116
22662
1021
24067
-29700
10864
-4873
20201
-16420
30972
-25375
-26681
-30725
-29076
-21510
11515
-27910
-774
-26879
-2583
-12547
-15728
32253
32651
6032
-19716
-22642
-26238
-11391
-28815
-13693
-14723
-10115
-29571
765
-18677
-26891
-23951
-10587
-13172
21635
23252
1433
28412
-18022
11909
-32126
-7307
-25465
5245
893
31103
1277
24067
-32004
-16788
11000
21225
-23334
28668
5345
-12603
21243
-17811
31482
-6
13562
-32006
-26623
-8472
-13059
10125
-32515
-9333
-29301
-21508
-7538
23426
-23935
-12431
15492
-8835
-8067
-22407
1021
-4085
27893
-2450
7592
2702
-31612
16596
-12647
22524
-4966
-29819
20610
-14219
20871
8317
-132
-13435
1021
24067
32508
1648
-32264
-21782
32734
-32004
-22303
-31804
-9221
-14740
1018
19963
-10758
-6
-26879
13801
-12547
-17008
-31235
31628
-22642
-22532
-31345
-20606
31617
-24975
9348
-6531
-11651
3455
765
9738
15862
21873
11178
5776
-3449
-14889
-11110
8956
8347
-29051
14466
-8587
27527
5245
2429
-11898
1021
23811
31996
-17808
3321
-1557
-1569
-28932
26850
7877
5372
-8596
-19719
-32261
18683
23547
-26879
-4119
-12291
-31855
-25859
15757
-6000
-23044
-4721
-7806
-30335
32625
17540
-4995
-8323
-20867
1021
-30199
-10250
-7312
-2642
29331
-6519
19674
18074
-2821
11163
24965
27778
14198
-27513
8829
-11908
-31868
1021
23811
30972
-23185
-29447
6638
8674
-27652
-32029
21700
21756
-27794
-31495
-23301
-20485
-17925
-26879
-21014
-12291
1169
-22787
3472
-13680
-23300
16784
-17790
-19839
-23695
-32636
-10627
-23427
-2437
1021
-8184
14327
1904
-18510
-874
27018
-18981
-23140
-18437
-30821
26501
-25470
-30090
-25465
1149
-21124
-8566
1021
23811
30460
-654
-6151
-14098
26597
-25092
19173
7878
-24580
10606
24825
-8965
-1029
-14597
-27135
13803
-12035
-18540
-19715
13200
-22381
-23556
-2416
-17790
-4223
-6543
-19836
-19075
-30851
-6013
765
-16377
8952
6772
-4683
7321
2191
10975
-6244
29179
-10341
-31867
-15742
-21898
-20345
14205
893
-25975
765
23555
29180
20338
30202
-2064
-13849
-23300
-16410
2248
-6404
18799
6905
4860
-30724
18428
-27135
-15125
-12035
15508
-16387
29841
25236
-21764
-32111
-1150
-127
-9615
-9852
-1411
-17795
-9090
1021
10247
-28424
17521
32443
414
21393
8930
