-12291
-24169
-13059
-17002
-11112
-26884
-17003
-14461
-7551
-24462
-28283
-23427
11133
28549
765
-17405
18170
-29579
1753
-11589
6832
-4623
-10295
-13369
10469
15217
21241
-4631
27872
6116
-18431
6872
-1542
24970
-2058
-11385
9098
-32260
30340
10624
-19584
-15758
2945
12671
-19330
23673
-15876
-32448
4047
-4745
-12291
20892
-13315
-4458
10140
-26628
-4203
-13693
-12927
-9614
-24443
-7043
24957
30603
509
-24317
29434
-25223
-23335
-15172
-9037
-1806
-24885
-30519
-24857
-3472
-12551
-11029
-31262
1509
-20479
-10024
-12549
-11635
19959
-8568
27533
-31748
-12924
14464
-24192
-7822
7553
16511
-13442
27260
-13828
30012
-5680
-1671
-12291
-9319
-13315
-9577
-20838
-26116
2710
-8829
-5247
-17550
27013
-12675
21117
-21882
765
-24573
27642
-14730
-22821
14015
18355
-3342
-6197
10697
1512
-19599
10490
8940
4323
8679
-20735
28889
24315
8331
-8713
26249
6795
-31492
-8572
18304
-17024
-16014
-15488
16767
-10882
27765
-11012
30012
721
-26762
-12291
11417
-13315
-19561
-19047
-25860
4502
-893
-11135
-13198
22661
30589
30589
-15226
765
-28157
28922
28790
26076
11712
-8269
31731
-5428
-15159
14824
16753
-18439
4589
-20765
4071
-22271
30937
-22277
18059
22776
-10615
10636
-31236
10885
29312
-26240
-26510
-6016
-6018
3711
-30086
-9988
-16583
-17967
21112
-12291
9372
-13315
14743
-19812
-26116
-30826
-10621
-639
3187
-31611
31101
31101
27529
509
-31741
-28422
32120
27869
12481
-13129
19444
3790
27082
5610
25969
23546
14574
-17179
6632
-23551
25050
15868
4749
22008
31625
-18036
-31236
-17019
25728
-14208
-13454
385
-16002
-1666
28283
-8196
26166
-2350
-904
-12291
27801
-13571
29080
-16741
-26116
-22890
5508
2946
-10382
23429
21629
7293
25730
765
-30973
-24070
3956
22495
7876
15030
-31244
-10035
26058
-279
17778
-29190
238
-25627
23273
-23807
18139
-17157
6025
3321
-29814
11147
-31236
-12155
-23424
-17792
28018
-5504
-21890
-21378
15478
-6148
10295
-7213
15477
-12291
-25447
-13571
10392
-14438
-25604
2967
6276
11906
-8078
-891
-23683
18045
17288
765
30467
-22278
-22410
8160
4804
-4679
22261
-9777
-29239
4844
9074
-23814
-30481
-20505
2795
-24831
-8741
14588
27532
10233
2955
21900
-30980
24198
-26752
-384
23410
-32383
4223
-17538
-645
-5380
-27854
-25900
19576
-12291
-22120
-14339
25748
-20586
-24580
-2154
-5245
4482
3187
-26235
13693
2941
648
765
30723
4091
-24459
14305
28101
4540
-15115
-25139
27077
-18966
10352
-6663
-1299
-10524
-1559
-25343
20443
21500
-18549
9464
28552
9354
-29700
17798
28544
-8064
24434
19585
-20354
-25474
-23941
-4100
-5326
-15144
-29833
-12291
-21356
-15363
16532
-13676
-24580
6551
-9085
-4735
2675
-12923
25725
-388
-13695
1021
30467
251
2674
-21535
5062
-18762
-21003
-25138
-30777
-8214
22129
-2055
20207
2023
-21526
-25343
13788
8700
30089
-24328
-29304
904
-29956
-21114
18304
-16768
17522
26241
-15490
27774
-5511
-3332
27953
-10793
8822
-12547
-20841
-15363
18067
11926
-25092
30103
3460
22146
29043
4486
30333
9341
19847
765
27395
8699
-11916
3554
-17979
-4935
-25610
4304
-16698
-16148
14704
11002
20720
-4120
-2325
-25855
15324
-19716
-18548
-23816
-29560
22923
-30468
13191
-24704
9601
-31374
-13439
-12930
-29826
29569
-2820
-25300
-13351
-19847
-12291
15512
-16643
7059
8086
-25348
23447
-14205
20610
-910
18566
12413
-132
-29562
765
27651
17659
-28556
-8222
2247
-26183
-22538
14545
-4665
4589
-9105
29946
-13840
-24087
-22293
-25599
19677
-23300
-32372
22777
137
-6773
-30724
4743
26240
-1408
1394
130
-26754
28030
2939
-1796
29229
24028
-14730
-12547
23701
-17155
25235
1684
-25860
-12393
11908
13442
6003
12166
24445
-3460
8580
765
26883
18427
-4238
-26396
-29751
-25414
13047
6353
-24378
-16915
10864
19706
1009
-2327
-18451
-25855
-23331
-27396
-28277
-25863
-29560
-2423
-30980
-29817
-7808
3457
1138
-9343
-19074
22398
12666
-1284
32555
-10788
-651
-12291
-30824
-18947
-19822
18582
-25604
26520
22148
18306
-32397
31878
17277
14461
-21877
765
25091
24827
-29834
-26396
5066
-20546
-13321
6867
5575
-10769
9327
15354
-32526
24556
4335
-26111
-18466
5885
-9841
-4359
-29048
12686
-30724
18824
-8576
8577
12914
13698
-27010
-24194
11904
-1028
20519
-10786
19321
-12547
11928
-18691
-14190
-8043
-25604
13464
20868
29058
-31117
18054
17277
8573
-12922
765
25091
30203
7796
-27674
12236
-10307
-16137
-8750
-13882
-4369
-14481
-18950
-18958
21484
10479
-25855
6623
253
14989
-4103
19592
10634
-30724
14216
-128
17281
4466
7298
28798
-31362
-27014
-772
26919
-25376
2422
-12547
-10090
-20739
147
-9836
-25604
-27752
31620
20610
-31373
3718
20861
-12676
23685
765
24835
32763
10611
-10265
5838
-8513
28664
9939
15046
-5904
-18577
22522
13811
-21779
-8464
-25855
17631
3069
-24948
18938
21385
24971
-30724
-11896
6017
6273
-3727
-8063
-31874
11902
-1158
-260
-11740
-19743
-27275
-12547
-15206
-22531
25235
-28519
-25348
-5480
-26236
5250
-12685
19334
24957
-12164
-30325
765
24067
-28421
24950
-29976
-26930
-14141
1785
-20524
2759
28146
27247
-21766
19700
-5650
-7951
-26111
23008
22013
-3953
-22790
-4984
32142
-30468
7817
16513
-3456
7538
14466
-27522
12926
7806
-260
-20959
28131
26743
-12547
-14953
-21763
-18031
-10861
-25092
3737
-25212
13698
-9357
-28794
27517
1661
-18811
765
24323
-25605
19571
23530
-24368
26305
-8968
-12588
-5691
-3087
-3473
10491
20212
-1554
9713
-26111
-12832
10749
-372
-32518
-31608
-6775
-30468
28809
19585
9601
-8079
28290
-21378
23934
15478
-4
17442
-30492
15219
-12547
17045
-26627
-7793
-28783
-23812
19865
-15484
22146
-15757
-27770
27517
13181
-4220
765
23811
-21253
-18319
-26646
-22319
22212
31225
1748
21442
-32270
-32402
18170
-18701
10734
24817
-26367
28640
18685
-7029
19450
-21114
20616
-29188
8074
28545
10625
-24207
-20350
-27010
24190
31867
-4
-20193
-16410
-18828
-12547
-29542
-23043
5266
-26473
-24068
-26727
-21372
22146
-27021
-14970
25469
-2948
-8056
765
23811
-19461
10357
13804
-1838
11718
-9479
-16937
14791
19700
-1170
24059
-8459
23025
-15118
-26367
-5407
-31747
28559
17147
-5496
22924
-29188
11402
20097
15745
-7823
-24190
24702
15230
-5508
-4
-9956
2280
9590
-12547
10647
-24067
11667
-619
-23812
20121
-24956
23682
9844
-9082
32381
5501
16769
1021
23811
-19461
-16784
-15123
7637
15301
-4615
12759
27591
22772
-8337
9211
3574
-25103
-29453
-26367
-32286
25085
-17014
-21509
-30071
-14455
-28676
28810
19585
18561
-14991
-9854
-23938
14718
-10633
253
21532
10472
31602
-12547
5784
-26115
-9582
-31851
-23556
3226
-12924
12418
12660
-30330
25725
-4484
13446
765
23811
-16901
-11918
21742
-13098
17353
29178
216
10950
-11531
-17298
-2310
1015
23027
29685
-26367
-798
-29443
8846
-12549
-6520
-2677
-28676
19339
-28287
18561
-20623
-14462
22910
12158
7549
-4
19737
-15383
2421
-12547
-26471
-29955
-17773
-17001
-23812
4250
-19580
19586
17012
-2938
21373
-19844
-25209
765
23811
-14597
-27533
20207
-15145
-12086
-21766
29657
-9274
-25354
17518
9467
29943
7412
5622
-26367
-23325
-24579
-24946
2556
20873
9612
-28420
-31093
-30591
-31359
-18063
11651
21886
-8579
16509
253
-6633
-21269
18037
-12547
-14699
-31491
25748
-27756
-23812
13978
-3964
11650
-31372
-24954
17021
8829
-2687
1021
23811
-14341
-10385
32752
-1830
16586
-24326
-24615
29126
21750
-8850
19195
-26377
9716
24821
-26623
-27421
-27651
19852
18940
-23671
22921
-27908
-5237
-19327
15233
-14991
-10110
22654
4990
25210
253
10775
3308
-398
-12547
-2664
30717
25492
-4202
-23812
-30310
133
7810
-17036
-8826
11645
-6020
16775
1021
23555
-13061
2675
-10256
-3366
29902
-774
-24870
-12603
-19977
3950
-2566
16632
5877
-32010
-26623
30948
-19203
28047
22268
28553
-4981
-27652
28812
-8831
17793
-3215
14723
27006
7294
-1663
253
8724
20205
-24458
-12803
-2919
26877
22165
-17256
-24324
23962
10373
22658
-21900
3207
16509
-1668
26503
765
23811
-12549
26995
-3599
18909
-23602
1787
31194
-24891
-9737
-7571
507
-27656
-21003
-5386
-26367
-29724
-19715
-6258
22780
11401
1419
-27652
26252
3714
18049
-22415
22659
18046
-7555
-132
253
17172
14574
29556
-12803
15511
26621
11414
19862
-24580
-24678
645
6274
-15244
-21114
29821
-388
-22652
1021
23811
-12037
-27279
-32270
-4899
18128
14843
-1830
-22332
-31240
13166
-19974
-17416
11254
-11529
-26367
32740
-20227
-14451
-23044
-31351
7563
-26884
-12148
3970
10625
-24719
12675
-30082
5246
-14469
509
-14574
30702
20595
-12547
-31845
19453
-2411
-24168
-25860
3739
-8572
27522
-25996
-4730
21117
1917
5773
765
23555
-11013
32117
-18446
-5922
3027
31227
21468
-19004
13049
5997
-28934
22009
6391
12280
-26623
16101
-15107
-20078
-19204
-1399
-5746
-26628
24205
-11391
-21887
29041
20867
21374
2686
-4479
509
-19440
-18705
23926
-12803
-11624
9469
17300
-12650
-25348
14747
15493
13698
-5004
1415
26237
9853
-24698
765
23555
-10245
10866
-29453
-16929
12243
28667
-806
12482
-16392
877
9722
-19720
-17163
-24841
-26623
17637
-17411
13966
30716
-3193
28297
-24836
-8051
20866
29057
-20111
31107
20094
9598
15995
509
26129
-25872
24690
-12803
27546
16381
-29800
-20838
-26372
20123
-9596
-30846
117
10887
-1668
13437
-32377
765
23555
-9733
-18317
-31244
2018
6613
-24069
32221
-15163
-15367
-2451
-19206
-9991
10232
12281
-26623
-27674
-15619
21904
5117
3981
16527
-25092
7822
-8831
-22143
-31631
-15229
-4227
8574
2428
509
-18929
-15632
-2190
-12547
-22370
12029
21912
15518
-29188
-24421
-2684
15746
12405
17799
-1924
-2692
23949
509
23555
-8965
4215
-16652
13282
-26409
-17925
-3362
-31290
17914
-12691
-20486
25338
-23304
-19207
-26623
24551
-13827
17811
10237
909
-16239
-25604
28814
-3967
22145
-15759
-11645
1150
-1923
-9602
509
-22770
-20751
-26252
-12803
-20325
7677
-25704
-18277
-31236
17819
3973
21890
18037
4487
19325
-8580
16264
765
23555
-8453
-22156
-26891
25316
-12842
-18181
-32546
29637
15098
23662
-22790
22010
-20488
-27655
-26623
25831
-15363
-17520
15357
19085
20367
-25348
14478
9858
27009
-17295
-27773
10622
-10627
21879
765
-20466
-25359
7793
-13059
-24933
6653
-9320
7322
32508
21403
9861
19330
-29323
11655
11901
-2692
-17527
765
23299
-7685
7541
7158
20454
-31526
-14597
-24352
5320
-13062
-22672
-29702
-14086
22521
6906
-26879
8424
-13571
-32110
22013
32399
-15472
-25860
-30066
14466
-32639
-12175
-8061
2430
-3203
31357
509
-1524
9714
6004
-12803
-26978
-4
-5992
-30051
28668
-32357
-3196
-29566
-32139
1415
9853
10877
-8564
765
23555
-7173
1399
-31498
-2585
27358
-6661
16354
-27448
26363
-12176
-26118
11259
9722
-12294
-26879
-28696
-12803
-1901
29181
26255
14482
-26116
-7538
8322
-25727
-23695
-31869
-1923
2430
6784
509
-2805
-26638
26485
-13059
-24676
9981
-358
30621
24828
-28517
7301
15490
-25739
-13434
22909
-9348
-22139
765
23299
-6917
12659
-32521
-20247
-24355
-5381
29922
-29494
24315
-19086
-32006
17403
3578
-29446
-27135
-7704
-13059
16528
-28419
7569
27793
-26116
15759
23426
-30591
-22671
-32637
6526
-4995
380
509
9995
16626
-24462
-13315
4509
8445
-7782
-27235
22268
-10085
12421
25218
-26507
135
10621
-4484
25995
509
23299
-6917
-9355
-11017
-27414
23776
1788
32739
-7735
-2565
5234
12538
-32517
-32262
9979
-27135
-32279
-12547
32147
-27395
8848
16786
-26372
-25457
-31614
31617
-24719
-10877
2174
-6787
28033
509
-7415
-3086
11637
-13059
21662
-772
-27749
16031
16124
-17765
11141
19842
-18315
-3706
15485
-3972
-8308
509
23299
-7685
-13194
-1801
1259
9954
1788
5092
-15671
1020
-1167
12538
-25093
-16390
10235
-27135
-21783
-12547
24724
-25859
6801
-15725
-26884
-19825
23426
-28543
-14991
-16765
2686
-10115
-31615
509
-27639
28915
-31627
-13571
10394
-6660
24220
25500
9724
-28517
10629
16770
-5259
10375
23165
-644
-25209
765
23299
-8453
-13453
11000
-21781
2017
1532
-27933
24521
764
9331
-5383
-29957
-21510
6907
-26879
19689
-12803
-18031
-24579
-15727
18322
-27140
-17777
21378
-24959
-14479
4484
2942
-7299
-130
509
24073
8691
3700
-14595
-22629
22012
-21864
24473
6396
17052
-3452
14722
-14987
21127
8829
-16260
12427
765
23299
-7173
-8844
9208
-28949
-25884
5884
-5920
-27965
-8453
112
20985
22779
15866
2811
-27135
-10777
-12547
-2926
-30723
-2930
-19567
-26372
-22896
9090
29057
31601
22404
-643
-31107
-11899
509
-28408
9972
31606
-14339
-10850
25340
-12645
1951
-5
-2661
-3196
-1663
-6795
22151
16765
4733
-19059
509
23299
-8453
-22153
-15112
27373
22245
5372
-18203
11723
28924
8051
-29191
-4613
23035
-13829
-27135
-8471
-12291
-29035
-20483
10899
28822
-26372
13968
13442
20097
-15759
19844
1406
-12675
22146
509
17160
-9997
13430
-16387
-12133
28412
2973
6557
-5381
-15973
9605
28034
5750
19079
21885
-18308
22155
765
23299
-8965
-18315
-5640
-3347
-30747
6140
6629
17865
31484
27507
2297
-4101
-29189
-12293
-27135
-14359
-12291
9108
-18947
-9325
-22635
-27140
17040
-31614
-21375
-8591
13700
1918
-26755
6017
509
-4345
-22541
9333
-15875
4511
13564
29340
-22625
-13573
10908
12677
-30334
3958
21383
14973
-8068
21651
509
23555
-9221
6266
-9480
24045
29671
8700
26341
-19768
-21764
2931
-13320
2556
-9989
-2309
-27135
-20247
-12291
-15208
-20483
-10862
-31080
-27396
-8560
-27774
-7295
-22159
21636
-1923
-13699
6535
509
15879
11252
-31112
-15875
18078
3580
-30821
-4963
-18693
16284
13189
11394
3446
15751
20349
-7044
16782
765
23555
-7685
-24969
5881
12782
-26394
8956
-10523
26568
-23556
-17805
-15112
2044
-20485
2300
-27135
-26903
-12291
-6763
-18947
-6253
-6251
-27396
-3440
29826
30593
-19599
19076
-643
-21635
-14719
509
25095
12788
-22155
-18435
-14180
-5637
-4965
15774
-21765
-7013
18821
14210
28790
20359
9853
-22148
-372
765
23299
-7429
-16522
22777
3823
24294
9724
-2075
-10296
-20996
17268
2552
4604
-24581
-6405
-27135
-24343
-12291
28565
-17923
19092
-1130
-27140
-5232
-19838
29313
-143
31620
-13955
-27011
-31614
509
-762
-30220
27509
-17667
11169
-10245
16539
31136
-32261
-357
7301
21890
18038
25735
10109
1917
-29038
509
23555
-7173
-23942
23033
-13586
24552
11772
20198
30152
-10756
-6029
7160
10492
2556
5884
-27135
14314
-12291
20376
-19203
-11117
-10345
-27140
8593
-24958
-22143
-10639
-28540
-5763
-12163
9605
509
-20218
-5132
17527
-18435
21149
-28677
8858
11932
25339
-3941
5253
11906
29558
8583
23165
-10628
2701
509
23555
-6149
631
-18951
-15377
27623
12796
-21786
-14904
-11012
-19852
-18697
8956
-12805
11260
-27135
3818
-12291
-29547
-17155
-4204
-17257
-26884
14481
-19838
-30335
-13199
22148
638
29565
-3459
765
-14842
-2572
11635
-20739
-30052
32763
-12902
19613
18939
1948
-380
7554
-27018
5767
25725
3197
-10099
765
23299
-6149
-3210
-13831
23536
-6680
14844
10215
-15160
-1028
885
-16649
15612
5372
13820
-27391
12522
-12291
23702
-15875
-8300
24214
-26372
-24175
-21374
-27519
882
24964
-1667
-20611
15235
509
12038
14069
-31883
-17923
20895
23803
24985
-32098
12027
6556
11653
-25982
-15754
16263
14205
-8068
-31600
765
23299
-5637
2937
-4871
-25872
2026
15356
-19993
-568
4093
-19596
-21769
19708
26364
22780
-27391
26602
-12291
-23657
-16643
-29804
30872
-26116
-12911
-13182
-5247
7026
30596
-16259
-24707
-9596
509
-4859
-11531
-8842
-22019
-10599
-7942
11927
-8296
251
28828
7557
18562
-27530
8839
11901
-7556
-15226
765
23299
-4357
-28046
1786
8433
745
16380
-18973
32193
-21252
-32398
-23050
-2053
27899
4348
-27391
-3096
-12291
5521
-18691
-12399
-30831
-24324
10898
-19582
-23679
-12687
-30844
-13187
-25219
-31362
765
11526
-27146
19569
-24579
14492
-7430
665
1437
-13574
14748
1413
-29054
-22154
15495
12669
-4740
12171
509
23555
-6917
32629
-8455
-6417
4328
17660
20966
7109
3069
-1167
-21514
19452
20732
30972
-27135
-31767
-12291
-25707
-16899
-31854
-12137
-23812
14994
-19326
-10623
-3727
-25980
-15491
-28547
4483
509
-26619
-15114
30580
-19715
-29794
-29701
-30565
-5218
3579
-18020
-31867
18050
-3978
-30585
17277
-22404
-31091
765
23299
-6149
10359
3578
-9232
14568
17660
-28442
-3898
2557
4466
-32521
23548
30460
30716
-27391
-30742
-12291
406
-17155
-1903
22420
-24068
-17006
7299
-19071
6258
-6780
-10627
23677
15234
765
3334
-12809
-24204
-23555
-4967
24315
-22118
-8038
-8966
-32612
-27003
25986
-7050
31623
2429
-2948
13448
765
23299
-6917
-13197
20474
-5903
24039
18172
32742
-26938
509
-20110
10743
23804
20988
26108
-27391
2794
-12291
-30573
-15619
-23918
15507
-24580
-10606
11651
-8575
-655
-6012
-16515
-17283
-7553
765
-10235
-9
-1422
-25603
-3684
3579
923
32157
-26118
-8036
27269
18562
-19082
20103
12925
-388
16526
765
23299
-8197
2167
16122
3058
18410
19708
-29210
30662
14077
-1423
27894
29436
-20740
-25092
-27391
26858
-12291
-17258
-15363
4754
-17516
-24324
17043
8835
-12671
-21903
-1660
-2179
-19843
11656
765
17925
19448
-1418
-25347
31902
5115
24220
-2914
7930
-28260
15237
-27262
7799
22919
19837
-11396
-12659
765
23299
-9989
21623
-21510
15603
-26388
20732
-31513
11974
23805
-26510
22774
-29444
-6148
-8452
-27391
8170
-12291
17558
-14339
-3949
6039
-24068
8851
-9854
642
6770
-4732
-9603
-30339
-21117
765
-8188
1784
-15756
30717
2716
8955
20125
-30818
-519
-612
21125
-31102
11895
18567
13949
-13188
-3957
765
23299
-13829
-19595
-10246
-7181
5356
21500
-2841
20677
23549
-1678
-24843
-27908
-13316
-14084
-27135
30698
-12291
-31339
-14083
-4973
-14699
-23812
-18797
9091
-2687
9586
2949
-22659
30845
-5246
765
-17404
21752
-5005
-31747
-32609
2299
-32611
-7520
-19975
9629
21637
24450
18807
29831
11389
-13188
-22637
509
23299
-13573
-14727
-2822
6132
-4114
22524
-17176
31173
31229
5746
-21771
-23044
7933
253
-27391
-24342
-12035
14234
-14083
-21613
-7016
-23812
916
8067
-3199
8050
-1660
-18051
27261
29576
765
30212
-11272
25463
-32515
-2658
-27142
-8292
-22113
18937
-10596
-23675
26498
31863
25223
2429
-14212
14222
509
23555
-14085
-17033
12027
-7180
-12051
22268
-17432
7366
30205
13683
15093
-22788
-4
-4612
-27391
-28182
-12291
22167
-13571
-14957
30870
-23812
-109
-31869
-4223
21362
-2940
-31107
29565
-3966
765
30468
7417
26996
21757
14750
-7687
7326
-30561
-20232
5277
-32123
27266
14967
25735
6013
8573
-7027
765
23299
-22789
14967
19451
-3339
-27409
22780
10473
-31291
-29699
5748
25588
-19716
12029
5629
-27391
-16662
-12291
31127
-13315
-31339
-4457
-23812
24980
31363
-2175
3442
16261
-29571
-22915
13956
765
12548
761
31860
21245
-19038
-28935
10909
28578
9464
-2404
21893
-25982
-20105
-20089
10621
-11396
11411
509
23555
-24069
-6790
20219
-11787
18161
23292
29161
26309
-27395
-27533
2036
-16900
22269
7165
-27391
-4374
-12291
5274
-13059
-28267
-11110
-24068
-23916
21891
13442
32370
-30075
-19843
17789
-13690
765
2308
26105
16502
10237
1176
-10
-28526
-11373
17400
11677
31621
-24958
-15497
-13689
7805
-2948
-7288
765
23555
-5125
25203
22779
-15627
29933
23548
-24604
-15684
23549
14701
-4622
-24324
-1796
-1540
-27135
-3609
-12547
22163
-14595
12943
18064
-23044
-14444
-26749
7554
21618
-20603
27517
27773
1149
765
16644
-9735
2928
1277
3226
26103
18069
-10090
-29449
5277
31877
27778
-19849
-14969
21373
9853
-25717
765
23299
-13061
-22155
25851
-9227
17390
24060
-18970
-7489
-30467
-8591
15346
-18180
18941
6653
-27391
2281
-12291
-26731
-13571
8849
403
-23300
11157
-29309
-2431
20594
-11643
-22147
-32643
-20093
765
-4605
-519
-20621
13309
-25188
-13321
22933
21402
-10762
-11108
-21883
21890
20344
-9593
2429
-8836
17293
509
23555
-14597
-29322
30459
2038
-29971
24316
-25114
22975
-29443
-24464
-27151
-18180
19709
5885
-27391
14569
-12291
12182
-13571
25487
-16238
-23812
15253
-24189
2178
-12942
-18555
-32131
17277
-23164
765
-9469
25850
-6541
-5380
16537
27639
-15211
-17257
20470
-20837
24197
29058
32120
7303
11133
14205
-3708
509
23555
-17157
1650
-27653
-17418
12013
24828
-15131
-5443
-30211
7793
-18447
-18692
18173
3837
-27391
23016
-12547
-19311
-13315
-5745
-17265
-23812
-7276
-25981
9858
5491
23173
-25731
-23683
17023
1021
-11773
31738
22384
-17668
6555
-29706
21655
26776
-30731
3483
22917
14722
-23432
15239
22653
-19588
26250
-4
23555
-29957
25717
-27909
2550
31213
25340
8933
7612
-28931
31087
-30225
-18436
21757
5373
-27135
3815
-12547
-11116
-14083
-21105
-16239
-23556
-22380
-27773
-14463
6003
27013
-20355
2429
26756
1021
-21245
-23814
20339
-15364
-28517
29174
-25705
-8806
13301
26010
22661
16258
-17800
-2938
15997
4477
29323
-4
23555
-31237
-18315
-20229
-20746
-27666
25596
23782
-10820
-27139
2671
11760
-16900
28925
10493
-27391
-25369
-12547
12437
-13827
-28273
-3695
-23812
26004
-19581
-6783
9843
18821
-25475
24445
27267
1021
-20733
-4870
-24206
-30212
-873
26870
-29287
-30311
7925
-6247
14981
12418
-12680
1927
5501
-11652
-8825
-4
23555
30459
-18317
-11525
248
25328
24828
1511
-15172
-24323
-13713
6129
-15620
-31235
13821
-27135
-29720
-12291
-21613
-13571
-24942
-17518
-24836
-29804
-19069
-11135
-28301
-23675
30077
15485
-29056
1021
-21501
11771
-27024
32508
-6244
9975
20894
7072
-15630
31129
6789
7298
-15240
-10618
-7556
-15492
-21107
-2052
23299
-22021
12151
-1029
22266
13559
25340
-9748
-22332
-18691
15728
-21518
-12036
-15363
21501
-27903
26864
-11779
2201
-13315
31128
-19558
-25092
-26732
-20093
8578
12147
-31099
13949
8061
-16759
765
-32253
-20229
-5259
22268
-3435
-20744
-15465
-17769
9198
-27752
645
-8319
-136
-25466
-18820
-31364
23687
-5124
23299
3324
18034
5884
8188
-5639
26108
-12554
9167
-18179
13673
-26120
-11780
-11011
23293
-27903
5110
-11523
-9840
-13059
4754
17810
-24836
13204
-31613
-12671
-31373
27525
4477
-6020
-1152
1021
-27389
1532
6511
-20485
21904
29944
19092
-2159
-22038
22680
-14460
-6015
17017
25478
125
-25476
-12670
-7940
23555
5884
-18580
7676
-25604
-5382
27644
25082
5329
-16899
23141
-13831
-11012
-10755
24317
-28159
13301
-11523
7308
-13059
-6771
-1651
-23556
19860
-19837
-3967
-19341
19589
19837
7293
-16770
1277
-30461
4860
-20630
-29189
21904
-3337
-4465
-2418
28648
27800
1157
-12671
29049
-21370
1149
-24196
-30329
-12804
23299
7164
-5779
8956
-19204
-24837
29180
4858
-32055
-17411
-16289
-15623
-9476
-10755
25085
-27903
-6669
-11523
-25204
-12803
-23929
30600
-21252
-32620
-8573
-17023
-5261
-25723
15997
1917
129
1021
-32509
6140
-12438
24059
-23407
-27913
6547
-24174
-25117
24984
-10620
-2687
-8583
-27002
-16004
-17540
13443
-21252
23299
5884
-23444
9724
-8452
-32517
29692
-18436
10199
-16131
12642
-12038
-9220
-10499
25085
-27903
-28939
-11523
22155
-12803
-15477
12939
-20484
-21356
-21373
386
10356
-30843
2429
2685
20860
1277
32259
7420
-30104
-28934
24977
-5898
-878
-367
-8735
14231
-892
9346
-10375
24198
-14468
-8068
13953
-27908
23555
1788
28010
10492
-7940
-21509
30716
2812
-16942
-16387
2404
-8455
-9220
-10755
25085
-27647
10483
-11523
7820
-13059
-884
27021
-19716
10132
-3197
-2431
13172
24197
-2948
6781
-24708
1277
27139
8188
21863
-27654
18838
-8459
15253
18073
-17954
13463
6021
-14207
-29574
-13946
893
-23172
-23418
24572
23555
-1285
12142
11260
-2820
2556
31484
21500
-25902
-16131
-157
-23815
-8964
-10755
25341
-27903
13043
-11523
16527
-12803
22925
10896
-19460
27284
132
-8319
-20108
-3451
637
-2948
21887
1277
25347
8700
361
3578
22931
-29196
-29547
-1132
8923
6295
5765
5250
-32134
-22650
2429
-10628
21633
14332
23555
-6661
15723
12284
-4
-3845
31996
6140
-14895
-16387
-28059
7417
-8708
-10755
25597
-27903
-21006
-11779
-21108
-12803
-4978
-12658
-18692
26516
6788
3714
-15756
-25723
7549
-1924
-20361
1277
24835
9980
20580
9465
27794
-17933
-30315
-23915
-10024
-10602
4229
3714
23674
-30586
1917
-7812
-7551
1532
23555
-8453
-13974
13052
1533
19708
32508
2812
-26415
-16387
11877
-5896
-8708
-10755
25853
-27903
15346
-11523
5005
-13059
20878
-114
-18436
-21868
7044
9090
-31116
-23419
12413
4221
-19588
1277
24067
10748
32102
29433
26004
-21519
-24941
28822
-23595
-8810
20357
-6271
18298
-25722
-15492
-11908
9861
-20485
23555
-8453
-13460
14332
3837
-30212
-32516
25596
-17711
-16387
15206
-21512
-8196
-10755
25853
-27903
-17934
-11523
26511
-13059
24208
15249
-17924
-14700
25476
-8831
32372
-19835
-13188
-6276
13438
1277
23811
11516
18279
16888
14744
4591
27801
-11111
29659
-29034
27781
-11647
-17798
-26490
1661
-19076
22663
-17925
23555
-15366
-8590
14332
-16388
18427
-32004
25841
23999
-17411
19059
28909
-8708
-11523
25853
-27903
-27157
-12035
-22124
-16643
-6248
-28521
-17156
-7788
-22652
-6527
-6796
-8827
637
-19332
23426
1021
23555
8956
-25746
14327
-30567
2538
-20074
9625
-6435
-5226
-23675
642
-6022
-24954
21117
7805
32142
-28933
23811
12281
-1674
14332
11260
-32262
-31492
28393
-32584
-18179
22391
-20764
-11012
-12035
25341
-27647
19172
-12547
-31335
-31235
-12905
-21606
-17156
22421
-13948
9090
1397
12422
24445
10365
-24439
1021
23811
-5
30323
18423
2202
24551
-11371
16025
13019
6807
13957
15746
11899
-17530
14461
-900
29326
14075
24067
-9736
-16521
14844
15100
-24326
-30980
-4888
-2377
-18179
12407
-3101
-11780
-12035
25085
-27647
30435
-12547
-12135
24573
24470
-25191
-17668
-22635
30340
20610
24437
7046
15485
-4740
-30584
1021
23811
1532
-17805
27125
-17261
-22299
4500
15506
-15653
1687
25477
29058
20091
-26746
29053
9341
-14969
3323
23555
-4104
29554
15868
18684
-12806
-29956
228
16302
-18179
28276
15073
-14340
-12803
25341
-27647
1505
-12803
-20844
15101
-18029
21906
-16644
-14699
-21116
31362
27509
6278
29053
8573
-10364
1021
23555
5372
2928
20469
2713
-24347
-363
-26985
27607
9367
9349
8834
13691
-23418
2429
10109
26767
-25862
23811
4600
23671
15612
24572
18939
-29444
7656
5046
-18179
-23433
17889
-13060
-11779
25341
-27647
-23070
-12803
-614
17661
-618
-16743
-18180
2710
-31612
14466
22133
22662
1917
8061
-9586
1021
23555
5116
7286
-2060
-29032
1252
-620
9367
-23340
3479
-1404
11650
23931
-10618
16253
6781
-14708
14842
24067
248
-21898
15868
30460
9211
-28932
21478
6067
-18179
-5003
9952
-14596
-12291
25085
-27391
20193
-12803
27800
8957
-28524
407
-20228
10134
-20092
18050
24693
31878
12157
4221
-23672
1021
23811
6908
4467
-21518
-10347
2531
-24427
-23146
-17711
-26218
10373
-2175
-22661
-9594
23165
21885
-9079
-4871
24067
27895
10869
15868
-27652
-6406
-28164
3044
-31057
-18179
17781
5598
-17668
-12547
24061
-27391
-4385
-13059
-2922
8957
-14700
3479
-22532
1686
-26748
3714
-22155
-25722
11133
13437
-8826
1021
23811
8444
-11919
-9742
20633
-8992
21652
-18026
-819
-20842
6533
7810
-9861
-13178
18813
4477
8594
19961
24067
16631
-32647
16124
-26116
26107
-27652
-14620
175
-18179
-30092
-27684
-19972
-13059
23037
-27647
-11297
-13059
-28261
-1796
30099
31384
-25860
15254
-27772
22914
-15499
-29306
5757
-644
-2165
1021
23811
11260
-10892
3570
-22634
-25122
-4206
17556
-20020
-7018
4229
12674
12924
-17274
15741
20861
-17013
-11016
24067
18423
-15755
16380
-30212
18426
-27140
-11294
2733
-18179
-18829
-4389
-23044
-13315
22269
-27391
11231
-13571
23703
-22020
19091
661
-27908
-25962
29316
23426
374
28806
-644
6269
5253
1277
23811
13564
-18320
13040
7061
-13092
-5231
3219
-9270
-26474
20869
8066
13436
-30330
15485
17277
5514
20472
24323
-5642
1653
16892
-24580
31226
-26884
-8991
-30805
-18435
-2701
22746
-26116
-13571
23037
-27391
-20002
-14083
-4970
29692
18066
29332
-30468
-30826
-7804
18050
6006
20614
9341
6525
-17275
1021
23811
14844
-10640
18673
-26471
14811
5777
-26731
8136
-17770
17797
2178
23420
-25466
23933
25725
8335
-27401
24323
-5642
376
17404
-23044
-2566
-26372
20706
6827
-18435
-27533
22489
-27908
-13827
22013
-27391
-15138
-13571
-27239
19708
6546
-30314
31484
-106
-1148
15490
6518
-31610
14205
10621
28552
1021
23811
16124
17778
29935
-18795
-23334
22930
7316
18372
8086
-3452
-383
32636
-12410
-28803
14717
24457
-8970
24323
30966
19573
17916
-15108
28666
-26372
2274
20905
-18179
25204
17625
-31236
-15107
20221
-27391
3294
-14595
9366
16380
-15214
-14189
25340
25750
-26236
11394
23670
-18554
9341
-11652
-28032
1277
23811
16892
6254
-30483
19349
31193
-30062
25748
11458
-11370
1413
-12927
-24196
-28794
25469
10109
-5238
8182
24579
2038
32373
18428
-12036
14843
-25860
1250
-16728
-18435
-7565
5847
29436
-15875
17149
-27391
31453
-15363
3223
3836
1427
1941
22012
23191
-20604
4738
19062
32390
14461
-8836
-21114
1021
23811
17660
-12944
-21778
-25962
32726
9872
-10094
-15425
-3690
8325
-639
-22660
-13946
10877
11645
18059
7413
24579
16118
-11403
19452
-13572
25851
-25092
9184
23716
-18435
12402
-7723
22012
-18435
18429
-27647
-26660
-15363
-16234
-20485
4752
7314
16892
-26729
-2684
16514
23926
-11386
-4996
893
-5499
1021
23555
18428
6768
25068
-18796
7639
-7278
19604
-4678
15510
-1660
8322
-16772
-29050
19069
2941
11141
-26636
24579
16373
12403
20220
-5124
12283
-25092
-27167
27560
-18435
-18316
2263
23804
-18691
13309
-27647
9437
-16643
27284
-11525
-12141
2707
6908
17303
-16508
25730
27766
-24954
4477
-10628
-18558
1021
23811
18684
-12946
24299
27798
23511
29332
918
-7239
-29802
9605
-895
-21892
-31098
25725
13181
-21110
-20493
24579
-15116
-10123
20220
-7172
24827
-24836
-24864
8614
-18435
-6030
-12844
21756
-17667
16381
-27391
14300
-16899
-2410
-17157
-4975
-24429
3324
-26985
-124
8578
20086
-25210
7805
-8324
-121
1021
23811
19452
7537
-13589
6552
-7722
12693
20375
23734
21142
10117
-9087
-1924
-23674
30077
-18051
-18037
-23566
24835
-5901
32374
20732
-5124
-17413
-24580
9185
12965
-18179
15218
-19500
24572
-16131
17661
-27391
6108
-17155
-17513
-3845
-9582
16533
-6405
-20585
-5500
12674
-25226
-16250
5757
15741
19590
1021
24067
19196
26480
-9241
916
-7978
31127
-14699
1458
12438
10373
4994
25469
-19322
32125
18813
5255
-19727
24579
28147
372
20988
1277
-6661
-24324
-18976
-9564
-18435
-28558
-8749
21756
-17411
17405
-27647
-28196
-21251
-6251
6140
6293
23957
-19973
-10089
3461
20866
-12170
-7290
8317
3453
-9597
1021
23555
19196
-8082
24296
30615
-2092
11927
-28520
-28753
-25194
-2428
-14207
11389
32390
-27011
-29827
-20339
20720
24835
13043
-1417
21244
1789
24572
-24324
21729
12197
-18179
4210
-15662
24828
-16387
18685
-27391
-12835
-19203
-24679
-15877
-1131
6553
-29701
21656
-3964
8578
-20362
-6010
18045
1149
23947
765
23811
19452
-7822
7912
15512
-21551
-18283
-28778
-10580
-9835
2437
-4735
12925
-20346
-24963
-21891
17804
25583
25091
-14607
-20873
21244
-1284
-1797
-24068
-20257
-22365
-18435
19059
-14128
14844
-19459
13309
-27647
3291
-20995
-10856
7419
17557
-8809
21755
-12905
3973
22402
-15498
-890
20349
15229
-24955
1021
23811
17660
11888
4068
31637
-23087
-1130
-18538
-2390
1174
21893
2178
11133
18822
-21379
-31619
-22901
-32018
25091
-19216
3959
21244
-260
-773
-23812
24032
23971
-18435
-17547
15056
4348
-22787
7933
-27647
27866
-26371
16280
9467
-6249
-9831
13563
11160
20101
27778
-16010
-27770
23933
3965
-12411
1021
23811
16124
-26256
-27676
7065
23760
-13162
-20839
15528
-1131
5765
-8063
25469
-24442
-18307
-28291
-7533
4077
25091
22512
-12933
21244
-516
23548
-23812
-26400
-12124
-18435
32629
-18226
-1029
-26371
-1028
-27647
-19238
-25859
28829
-5126
-20074
-26981
251
4248
1925
13954
1911
-1146
24189
-1668
12939
765
23811
16124
1908
-13853
32663
21710
15510
-361
-17503
-28779
7045
-25983
-10115
27526
-17283
16765
398
21739
25091
10224
17785
20988
2557
28668
-23556
-29727
4773
-18179
-25482
31951
-1797
-24067
5373
-27647
-10534
-27139
-9575
-7174
-32105
154
-32262
-1385
17285
7298
18551
-12922
12925
-10628
20870
1021
23555
16124
-27535
10464
-108
-13365
-17772
13460
-13665
21397
-15740
642
-5763
27014
-10883
-5507
5771
-6679
25091
-2321
-2954
21756
765
31228
-23044
-14883
-16226
-18691
-14220
-7477
-24837
29437
-6404
-27903
29144
31741
27799
17914
19349
22422
18426
-15465
-124
28034
27255
-6266
15997
21117
902
1021
23555
15868
9840
-3871
-15974
-11062
-21098
26267
-29287
26261
-7292
7554
18558
28806
-4995
-29827
5010
-30233
25347
11758
13436
22268
765
-18436
-22532
-14112
-2140
-18435
21367
26059
-7941
-25859
5885
-27903
28889
-28163
10908
20474
9368
-32355
-17671
-617
-1148
30594
-17289
-13178
23933
2173
3723
765
23555
13052
-5261
5855
-25193
9418
-12138
12184
-3177
-2412
17797
-25727
14462
8582
-32643
-21123
9356
19943
25347
1518
9081
22012
1789
-19716
-23044
21985
-5213
-18435
-9865
-26420
-20485
-32515
-6660
-27903
-2599
29181
10905
13050
1688
1690
-30727
-14697
24453
6786
12151
-25722
2173
8317
15491
1021
23299
13052
-11665
25051
-7274
-3641
5783
-23912
-22893
-1900
-26492
-15231
-16002
13702
-26755
32637
-13939
-16412
25603
25836
-24967
21500
-1540
-19972
-24068
-25377
-9823
-18691
-7561
-29495
26107
29949
-11780
-27903
22487
20733
18842
-23303
11160
-27750
-1032
5016
-5500
11138
-393
-9594
5501
-3972
32137
765
23555
7932
-4750
16348
-7528
15044
-9066
-20583
12942
31892
-8572
-23167
-9602
390
-20355
-20611
4240
-31007
25859
-3606
-17285
21500
-5124
-23812
-24068
-11043
-16480
-19203
-23688
-32058
12539
24829
-22276
-27647
5846
19965
15515
-13576
3224
6299
15096
-24169
1413
7554
4984
-17530
8829
5757
-18550
765
23555
3324
8052
-23849
18325
15299
16279
-21609
-27766
-1645
-9852
-10111
895
902
-12931
-10627
23432
-8481
25859
12265
-28041
22012
-6404
-31492
-23556
23517
-25697
-20227
26489
27334
-9222
15613
-30212
-27647
2517
5629
-20074
-17416
-26728
-32616
-17417
-29545
18309
20610
20600
-11642
17021
7037
1414
1021
23555
-2053
1905
-21036
29590
27073
15767
25497
-19065
7828
-15484
-18303
6271
-6011
-16515
-15491
32142
-22563
26115
12520
-24710
22012
-10500
-24836
-23556
30172
-31842
-20227
-136
2756
-18182
12285
-27908
-27391
-15917
-1796
9114
12536
4760
20634
16119
-20585
15749
11650
30328
-13946
3197
2429
11916
765
23555
-5125
14964
28372
16535
-17475
-24426
4249
12672
-4461
-20604
-28031
22911
-4987
-14467
-32131
-16753
6106
26371
14055
-11909
22268
-14596
31228
-23556
-3365
6813
-21251
24953
23234
28922
2301
19964
-27647
-5166
-9988
-26470
29175
-11625
25498
-4363
-18281
9861
7042
13688
-12922
11133
-11140
18827
253
23555
-8709
23412
-4660
30611
-10820
-32616
-29034
-8837
-31341
-22140
-12159
-3457
-10619
8062
-18307
-17525
23767
26627
-10780
-30599
22524
-16388
24316
-22788
-12582
5787
-23043
31354
-2625
7418
-8964
12796
-26879
-8239
27132
-19560
-266
-32616
3736
3573
-21353
22149
25474
-1416
-15738
22653
4733
13705
-4
23299
-19205
-142
-5173
-22378
-22599
16280
-18023
-22923
-28269
-16252
-21631
-7553
-379
-13955
-15235
13970
5587
27395
-16670
19581
22524
-21252
28668
-22020
9946
-17255
-23043
-25478
17341
-6919
-7940
5372
-26367
-48
29692
-28260
-21770
-31591
156
-15629
-9833
17285
16002
1145
13703
17021
2429
12945
-1540
23555
-29189
-6281
22219
11925
-14924
-4459
-16490
-16271
29331
-9340
-12415
26752
5254
4990
-18819
26766
17616
27395
-3358
6267
22780
-27140
24060
-21252
11478
21395
-27139
29304
-29254
1017
23036
-18437
-25855
-18994
11772
-9576
-13580
-3690
32664
-19982
-7273
25477
16258
30585
6791
29565
-5508
-22391
-2564
23299
-25861
-14990
21699
17556
-17229
29847
-5738
28780
-2670
-27772
-17535
29568
-2939
14718
-25987
-28786
-5172
30979
9439
16508
22524
-32004
18684
-20740
-14888
-22888
-26627
-2693
23481
21497
-26884
-14853
-21247
-25394
-11269
-27750
-31243
-31078
30364
29425
-27497
10373
21378
-27015
4487
31101
-6788
13451
-5124
23555
14331
1909
1473
20630
-9300
-22124
17814
7012
-1902
25476
28545
-7552
-27771
-19331
-5763
14231
10184
-31741
30173
12673
22012
26364
29436
-20228
-25128
12440
-30467
-17796
-30794
-5896
23036
23291
-16895
29133
-26373
21407
-8973
12699
31135
-2834
-21353
-636
8066
-11399
-13690
-3204
3965
-21616
-9476
23555
-4614
-392
3262
-24684
19112
17810
25490
-19363
19090
14724
-30847
9601
-20603
25726
-24707
7057
29636
-27901
30172
-19843
22012
22780
9724
-19972
-1577
-28266
25597
10878
-12619
15096
-8709
-11782
-10495
13261
7419
29340
23282
26522
15515
-17684
18839
-4732
14978
6778
-9082
28797
-8580
-17525
-13828
23555
-16134
6262
31157
1170
2213
-26734
-5742
-28841
13458
22148
-31359
20865
25221
4478
-25475
-18802
2240
-20989
-22821
-5764
20988
10492
-6405
-19716
2520
30358
23549
24446
-10572
-20745
-23045
-13062
-2815
-4916
23546
11931
29681
27290
-7269
30186
26775
10373
7554
7802
-18554
10365
-11140
1933
-20228
23555
-19974
-12170
20407
-29547
-19296
11665
-23148
-8368
14994
15492
18561
-26495
-31611
1150
-4483
-25198
12730
-17405
17627
16255
20476
-9221
-29189
-19972
6870
-20332
17661
-25475
10930
1783
26875
12282
3586
-3382
-27654
-25188
-22033
-12136
-7269
32743
-29289
2181
-6271
28026
-10874
15229
893
-28273
-31748
23555
-15878
-2953
17584
-11631
32156
-13936
-13424
-30645
12690
9860
-32127
-12159
24965
21630
-13955
18316
16822
-1789
-21288
-6533
19708
-24325
26107
-20484
-25644
-3182
12029
19582
12720
15606
4347
11258
26114
-12600
-28167
-14184
-28946
-9063
15771
-2844
-17769
3461
11394
29050
-11898
23677
-4740
-889
24316
23555
23802
-20109
-599
-112
-18535
-18544
5777
27976
-21359
12932
24961
-7295
-31099
14462
5758
-28018
-15951
9732
4311
-22404
18428
29947
-9734
-21252
-9261
4497
2045
20094
-3412
25589
-24838
19961
-25854
-16953
-14856
3226
10477
-19304
-8039
12771
30103
4229
2178
-30342
2439
25725
10365
17294
11260
23811
16890
1399
32427
915
-29803
24464
28050
6723
12433
9092
28801
12162
29317
23934
8830
-4209
11948
17668
5589
-31618
17148
7419
-4870
-21508
-14383
-10865
-516
11646
-10838
-2316
-27654
29177
-10750
8134
-24840
-8294
16107
20120
-14950
1504
18071
5509
10882
-16774
-6522
30845
13949
5007
-8453
23811
-5127
6520
32674
-12914
22931
24720
24976
23359
-26224
-1149
-29567
30850
15749
25726
-899
-11897
-9305
-25340
25554
-21639
17148
-5382
-12039
-24836
2768
397
-28164
16510
19113
-32269
-31239
17400
17411
29636
-8970
21398
27370
-26217
-16490
-22819
-11626
7557
24706
-7046
-11898
31101
-132
-24694
-26373
23811
29689
-10892
-1889
-29041
-5744
-2162
21647
-13252
-12656
27524
27777
-20606
22661
23934
13694
24460
-29278
-32252
3026
20092
12540
-29702
-7
-24580
-21301
-24956
31740
17787
17316
14066
-15880
6136
17923
-10047
-23306
29847
-23577
-8812
-18795
-19237
12183
25221
12930
13179
11655
25469
10877
-29298
13819
23555
-24327
13174
-25441
9360
1932
5519
-113
23351
11664
8324
13953
-24702
6789
-31362
8062
13198
30878
15109
12239
638
11260
18682
29177
-25604
16077
-11127
28668
-15748
30116
28146
6137
-3593
7684
-28991
27382
3993
8935
-20330
31896
-21033
-11626
7301
3714
4731
-3706
27261
637
4238
-9222
23811
2041
11895
3221
2956
18057
19343
11148
10804
-6513
-5757
-4224
25219
-2428
-19330
11134
-14967
16283
7174
8653
-18053
7164
3578
-18184
31996
-12341
15240
-1029
-27523
25761
12785
6136
21494
6149
4800
26100
6295
12006
-2922
-22378
-1324
-18538
-1660
-10111
-11141
-10106
-26755
2173
-15221
-29190
23811
-24584
20854
-1390
-24434
-380
14734
-23155
-12497
-19569
-21629
3713
28803
-7292
-18306
18814
-3441
-4461
11782
-4150
-3458
1276
32761
27384
27132
29642
-379
-13573
-2692
-9826
16880
31991
-19723
21253
30654
2804
14234
21987
16022
-23656
-3888
-22122
-8060
-5247
1148
-4730
-14723
5757
32147
-14599
24067
12280
20090
21650
30094
18562
25741
-31602
20525
-19569
-11645
-32127
-27517
-7036
-18306
2942
-31091
-29041
-10746
26057
22910
-2565
12281
5880
25084
15817
19076
-24581
-10116
10141
-31505
12535
-12299
13574
-30531
30195
12440
-14110
-24426
-22632
-26930
-11370
1925
23426
-10885
-10874
-24195
-9604
26509
15353
24067
-9737
18551
30855
-1909
21631
-25715
28300
32042
27023
-24701
14465
-24957
5765
-23682
32638
-28021
18315
-7161
-19514
21373
-6661
-13576
-17161
15100
4807
-8319
12539
19581
6810
17390
24822
-13068
16903
-24389
23793
10903
-1824
10646
3479
26571
-22634
-3196
2690
-4997
3207
-27779
19581
12940
-22792
24067
15351
-16266
-25463
21647
1659
23948
1421
22310
9359
-13949
2177
-11389
-14972
-9346
25470
4755
19846
6664
-24635
-26239
-17669
13048
-24073
13052
32710
9858
13307
-9348
31383
-5139
24310
30452
-18169
-22598
12530
7323
32478
13205
-9063
-26170
-28010
-4220
-8831
-3717
-17018
-18563
16509
24208
-6665
24323
1783
13177
8581
-29299
-23688
30347
9610
-14045
-22898
-16253
12673
8068
-14460
-11394
32638
-26996
-127
5129
5571
3710
-20997
-10505
7671
2044
-20539
-14721
-20486
31869
-1130
-29204
21749
-20237
-760
2745
18928
-27497
15069
-12395
26519
16579
21910
4741
6786
29564
-18554
-22915
13181
14474
12535
24323
20726
-23435
32381
25739
12918
-23925
31370
4386
-31090
29827
4737
24196
32644
-10882
27774
-10357
6014
9226
-15168
-21635
-29445
-29961
-3851
-4869
-30013
-11138
31482
-17539
5780
23275
1013
26355
522
27831
9966
-14698
13788
-32107
-13674
-10560
21398
-3708
-3455
30332
-27770
-21379
10621
27276
31222
24579
-14347
-29834
-22144
20367
3443
-8566
15757
22815
29326
-19837
6273
-31868
-28284
-7042
-24194
11408
-7561
14346
-578
6017
23803
-7178
-31243
-8709
-7742
22397
21754
27005
-26734
28394
28148
-12046
22026
11958
-26130
4761
-8743
18069
19608
-21572
27030
10117
-3199
-15748
-22906
-25475
20605
28558
15349
24579
20725
18552
-26759
-25205
-32144
23946
-1911
15900
-19059
-30589
3201
-23164
22660
-19586
-31618
-26232
-653
11786
-17731
-18820
19451
18934
10740
30971
-23874
-23945
5369
4733
9103
-25113
3058
-20753
-15862
-7757
-1813
7572
8919
-1390
11666
19383
-7275
645
-4735
-3972
30086
30589
12413
1925
25076
24323
4085
9074
-11151
28042
18797
30602
31369
-7654
27021
29571
5249
-22396
25732
-28802
25982
-4213
26480
-4852
-17478
3711
5883
-4619
24564
18939
-4161
7291
13049
6526
-4211
8424
-23822
-21776
27917
20147
-4887
30870
1494
3989
-7787
2229
-17771
-4988
5250
-13956
-22394
29053
4989
-24180
-32525
24835
-2573
-29577
-28043
1420
-31127
-12152
10634
-4328
-32115
-21629
-128
-2940
6532
-4994
-23682
-13427
17003
18445
12217
21632
-1798
25077
-30733
13051
10943
-9862
-12296
-27266
-16756
-10266
-4111
-16913
18702
27570
14314
27799
-19756
-23660
5015
28593
-4715
8069
-639
7805
32390
-15235
24189
-22131
11762
25091
-31501
15992
-21908
-22649
-14744
-19576
-19322
16663
5517
16515
12673
-13692
-9597
-642
-29314
-22395
30313
-2290
22967
-18309
-6150
-4620
-1295
-16646
2493
3961
-21513
-29314
22411
5349
8688
13294
23824
-3920
10726
-10606
-46
3220
7570
-6739
-12139
-7036
11906
-7044
20614
-22915
15485
-3960
-21007
24835
-7950
7285
4970
-28792
25445
-3193
-3450
31509
-372
27523
-18048
9349
-9597
-8066
-4994
2187
19301
-9969
31670
-7554
16890
7156
-5647
24826
-28740
-29065
25335
1662
10633
5604
-21265
-6419
18193
-23633
-19739
23189
1999
30098
10899
-10583
-11883
-1404
-20863
10621
13190
-24707
-31875
-12914
29680
24835
-29454
13176
-22164
-25207
9828
-24440
-9593
-30956
-19828
-30333
-14720
29573
-2429
-16770
-6530
-25973
-8095
-5617
27317
29055
18170
29683
-3344
26106
5307
-5258
-6666
-25731
24712
-7198
12271
-17684
-2799
-28242
-8731
20885
16078
-8047
7826
-30553
-25451
7301
-17023
31101
20102
28797
-24963
31884
24815
24835
27378
-4233
-30874
-12151
29545
18832
24460
28181
9100
28803
-15232
-23163
132
4991
-19330
-20086
-25251
15
-8530
-32385
29178
-20749
1266
31482
-8003
-3207
28407
2177
-10104
-23581
-1810
-11029
28689
-19794
17380
23190
29651
-6760
-9064
-16471
8853
4485
-14463
-20611
-29306
-18563
23165
29068
-4883
25091
-20240
-10377
-22682
24461
5734
-21360
28048
-30189
16780
29571
6529
-11643
388
-3970
-16770
17554
20824
27407
29868
-4221
15866
10227
19442
12282
25532
-31623
23543
24449
-24443
15843
-1810
21484
-13807
-13907
28388
21146
30160
20888
-28006
11941
25749
20101
1154
-3715
-26746
-26243
23421
-19308
-4117
24835
-2321
-2948
-21659
-628
-17310
-26993
25743
16402
-7285
22403
-2432
-17787
-27261
-9858
-6786
30351
-32427
1297
32682
10115
8698
-7694
28145
-9991
-1349
-21639
-12810
26498
-24700
-31
-531
29931
-23277
26540
24291
26776
-20529
13209
-14950
-11871
17045
2437
1922
-14211
12422
-21379
30845
-28274
-12310
25347
-1810
-18311
-11685
14986
27488
11150
-7029
-10480
30347
17283
-18048
12422
-23421
-1410
-9090
12686
16210
-20461
-11609
32386
-519
30962
11761
29177
16314
24952
-24842
16259
27521
17377
5102
9452
10262
11691
-10017
-22121
9166
19609
16793
-11619
-16492
-380
-18815
22398
12678
-19331
20605
12430
27113
25347
238
-9607
2653
-4470
-29352
11914
-376
29195
31371
1411
-7808
22918
-9341
9855
4223
-16498
-8878
277
18862
29313
21496
14830
25584
-10504
-21330
32605
24306
-2433
-25736
2773
24034
-14620
-20201
20133
-13346
-5742
-2367
-23667
6286
19082
-3436
-12668
-9343
-23682
31878
-12163
-27267
-19061
-17687
25091
-23567
17270
18777
-11638
20823
-30069
14986
-27635
395
20867
30592
23174
-27261
8575
-898
-4209
30538
17943
-3677
-1149
-19719
13809
-21776
19960
17849
-905
15861
-29308
27006
-9250
-24597
-15129
17946
13481
-2851
-15976
-26423
-19559
5274
-20845
-22380
4741
-24447
-31362
13446
-20611
27261
-6004
-21787
25603
-30229
11130
-13230
-31863
-31146
23947
19850
14861
30858
-2686
-18048
32390
20867
9599
1151
-626
-17593
21529
24225
-22653
24057
-26896
7664
-6153
7095
-18570
-24076
-7292
12412
27613
-21782
17640
2332
-22617
-12326
18584
21960
-24423
-23654
13714
17300
-21628
-9087
-20866
3718
-13955
-28803
29071
13540
25603
-29462
25211
31062
5772
-32688
23177
-30837
-14325
-25462
10627
-19072
-22650
27523
28287
2431
-31598
32579
10266
-13153
2438
-5640
-9489
-18961
-22281
-26698
16246
-1805
-5500
-3463
-1573
23018
-14873
-20707
4774
-25637
-26727
17093
-27240
-18277
-12660
26772
1925
-11903
-17794
18566
-3203
-32387
-11375
-15903
25859
26089
637
-30642
-9849
10574
25225
-29048
27402
20106
-2174
-12416
-18810
3459
2943
-3714
-7542
-5824
2846
-5987
-30334
27640
21487
-21267
-13322
17077
-10124
-22798
30853
7545
-20263
-30489
30181
-14047
31140
-23338
-108
3266
2712
23448
11399
15764
-4988
-9343
895
-16251
-23171
30845
-10103
10464
26115
-12825
-2952
-23737
-23674
21835
-3448
-4728
13321
-26999
-17790
-20608
1415
10371
-30593
12671
27021
-31940
15392
156
3715
-11529
-1555
-14100
-7179
4531
14194
12017
7813
4470
32727
-4122
-1309
36
10914
-22062
8342
-19011
-1899
-21354
9857
-9069
-17276
-16255
5759
7814
3198
-19843
-26480
11997
26115
10983
27516
6218
11400
-8122
25735
-24440
13320
27273
-16254
-22144
24199
-382
13439
24959
2446
-32712
-19423
1179
-11389
-2058
11756
-14614
-14348
26033
-8848
7663
4484
-21645
-8748
-13341
6880
-7386
-22368
17106
-9067
-24646
31380
-619
-3717
-11373
-10876
-15999
-18817
-6523
-16259
-19843
3217
13018
26627
-29978
-27012
-29888
-9597
29252
20103
-16252
28423
8585
-18814
24448
22407
-29822
-26497
18559
22406
21814
-16858
5784
-7041
-21002
19179
25320
22259
-16978
16239
20973
-12412
-30095
722
-32287
-8227
-2005
3743
-822
31377
-2121
-16236
-28014
19063
-15981
-11644
-29055
-30337
-23419
5246
-19587
-12404
30168
27139
-28
14970
-3778
32645
32577
391
-891
-16890
-13688
-19070
-23936
-26489
6787
28799
21375
-18293
7474
23336
31637
15491
-13067
-28439
-3611
-21006
-5973
10860
-30740
-126
8814
9680
-16672
-25636
30253
-2148
-14134
14740
-9292
27027
-1901
-14734
-25453
-21116
-26495
-16769
16518
-1155
-19331
-20079
-14636
27907
9957
-32132
31551
-8059
-26306
-12155
18566
-7163
20616
-28798
-19328
-1145
-22910
-22401
23935
8588
-8402
-18901
25491
-19581
-2316
-3097
-2587
-16911
-8279
17514
-30741
-8830
14188
31438
-31009
-8740
32049
15259
-28727
7316
-80
-3183
10387
-23188
8083
-21372
-9087
12928
-21627
11390
-23171
-17778
-22063
28931
30691
-2693
-459
-3200
-4292
10885
-21887
-26363
-889
28802
23680
13448
-24190
-27521
13695
-29305
24364
21553
-32368
-6272
14836
3303
-31516
20976
6568
-29592
-535
-14718
2922
12236
-15395
19675
-9930
-1384
16066
25745
25263
30610
30609
20842
8851
-28284
27777
-29056
-11899
6526
-23427
-6261
3535
32003
10722
2938
27958
-9853
-17095
-9084
-15229
-5628
-17529
21378
-29568
24200
-31870
-22401
28543
22414
-19160
-15822
8334
9860
25331
24805
18148
-29457
6311
21352
-1560
-23422
9063
-28982
31196
-26152
4921
-4457
-11582
-12908
19372
9874
16019
25444
-7022
-29308
-17023
-25984
-18299
17022
-15491
7060
-7990
-32253
-1056
14974
8245
4739
-3274
21123
-31870
-31996
28295
21122
30080
-30328
3714
-16513
-30337
-7030
5926
-970
24460
-23421
-19470
-13084
-28959
-3859
-24155
-24474
-20762
3203
-9883
-1849
27353
-2347
1598
22422
10176
-21870
20649
-25199
-16750
-24992
-17262
-22652
-25215
-12672
20357
15742
-13443
-31347
-22585
-28413
-14113
29563
19757
-11904
9268
-8318
2176
3332
-2938
21634
29056
-23160
19586
29567
27007
-12408
-20957
-22212
-3704
19074
-9231
8931
15584
-22037
22947
-1179
28388
20355
20067
-22331
-15145
9172
2371
1940
-22600
22417
-603
3729
-24432
31323
30354
-31868
-24703
-2176
-24699
-8579
-12675
-30324
25284
-21245
2782
8827
8750
-23676
18224
-32638
10371
32259
27782
10882
23680
-21368
11906
-11905
-25473
29840
-25826
-15300
-3452
1927
21744
21217
9183
17386
-13663
-16541
11491
21123
30302
25795
-32298
32722
17220
6290
30649
-22123
25505
13456
-27245
20564
11154
28036
28289
14977
-31355
24190
-10115
-4720
-23364
-20989
8412
9086
11816
1154
-29908
-16511
27263
5379
9094
6530
27264
-13944
-7807
-24961
-23169
20618
-13285
12866
22145
-15741
-13841
22240
16093
11239
-13921
-18078
25056
6276
27996
13760
11475
-15409
19018
2448
-23375
-3439
18335
913
-3184
7246
2706
31876
-21887
22401
18309
4990
-12931
-25974
-18761
-11261
-25638
-10374
-18910
27264
-30422
30337
-27521
-14078
-635
13698
24704
10377
-2431
-15745
-23169
13961
-22503
22856
-32643
-32637
-10002
-1826
8668
-15132
-22115
-29856
14814
1412
15961
10942
10449
-21043
20816
20366
171
16273
-18022
-22384
-19824
-7608
32146
-28796
-30847
-21119
28037
11134
-16771
-9076
-26189
2564
16857
380
-23516
-19837
16679
-15489
-24447
-28670
31110
16514
12672
-27511
-639
-24449
-3969
-116
26391
-23989
-4486
6534
27373
-15651
7131
-285
20124
20575
-4387
-4733
24407
-17988
18640
30669
25172
8333
-3924
-622
-14698
10383
12177
-5821
20371
-13180
32385
-4223
-27259
-2179
7038
-2162
-12882
11524
-15401
20861
3870
-13697
-25053
-897
30334
26370
-20603
3458
2688
1930
3970
-14977
-7553
-22650
13333
-3756
30838
6787
11500
-32036
-15145
29151
-7783
25438
-19495
21893
-16301
-22856
18124
24521
-8868
19594
9378
12175
22931
31120
-9841
-7105
21139
-22908
29825
23938
-21627
12414
12926
6024
-23127
-22524
-4652
19321
-7142
-26242
25122
2175
-14211
18690
18309
-12671
7808
16010
-22655
-1921
-9345
1161
4627
-1190
30067
-1917
29162
-19751
-2347
29916
-21609
-3493
-15914
-4476
29008
27829
-19256
-8763
-9374
12424
-22115
26768
-27761
-12914
32399
-1733
20371
31108
-29055
-19326
-31099
13182
6782
-16243
1444
4613
-7982
-17540
-9701
28032
9504
-25217
6272
10754
389
-3711
-2689
-32374
-18303
-5505
-2177
-30326
2833
5470
-28816
20101
7656
11223
18644
-12071
-19563
-3495
24788
-25724
-17586
24242
-570
14019
-24985
15750
-25955
-17776
14731
-18035
12943
5175
-23917
-10876
31361
-16510
-19323
19070
2686
5775
4766
21509
-15920
32637
11032
31614
18724
28548
8322
10242
-25212
-20351
6272
-12406
15489
-15745
-15489
7302
-32241
-13218
10344
-18301
8168
-15402
18132
13016
-3946
-15012
12500
10376
11343
-26703
23237
-15423
-12182
5765
20374
-16498
11151
-14958
-12145
-9674
20627
-31612
-31615
15491
18821
8318
-6787
-20085
6809
26117
8141
20860
11287
15232
-13535
-19581
29826
4354
18052
-25727
-14209
-6006
28801
-2433
4992
-11125
-23283
16224
16228
14471
-21787
-12588
28114
-6954
-2925
-2981
16082
17544
11851
17583
31171
-13889
8301
23427
-22124
-28527
18571
5778
22931
21298
13715
-22908
11393
-28797
-17275
14206
13950
-22638
21650
-31739
-54
10112
-6890
641
-6370
28291
20611
258
-20605
28289
-20865
-1142
15233
13440
7296
17036
8204
23654
18785
-2425
-27421
16338
-23088
-16174
14226
19291
-24626
-30072
-17848
-14677
10944
-1605
3444
26241
-9838
-5487
-19578
-8559
2451
28718
-7534
28804
10369
-24957
18565
31870
15998
-17009
5260
6662
18120
-22401
2578
14204
11038
13699
-31105
-2047
14723
-28287
-24961
-32629
-896
5248
10624
23944
24843
-146
-28835
-15483
-14623
-15152
15823
-32305
24208
19801
-4660
-1912
11847
32425
958
4796
17531
23167
22664
2191
-23420
32657
-15216
-15573
-12142
-20348
1665
10628
12421
15998
18558
11918
-20088
4103
-7483
-8578
-19695
-22401
-26598
-3454
22913
-5631
-19838
19841
-7297
28043
9601
11136
23936
-29042
-14583
29283
28504
28809
12768
27855
-21040
1740
-24434
25431
-23094
16520
-28353
-27481
-9028
-24647
12658
-23683
15240
-26478
26751
-29552
23953
26406
-26478
27524
-27775
2692
22149
25982
26494
14997
-21632
-11259
-20540
7555
28945
-9858
-9447
7042
30080
-6143
16770
4481
-16001
-8565
-7808
21632
31360
19595
-24567
-11656
14937
29320
31198
19661
-25141
25545
-5748
345
30919
22665
-31932
-11612
27321
-17739
-8571
19324
2181
5264
26493
-23408
657
4901
11154
12164
17025
-16764
24197
-27522
-22658
-31601
-18561
29192
24258
18304
-6899
23421
-18664
10371
2945
-7167
-12415
4737
-28801
-6005
-14976
24192
-27776
-6775
-23544
9597
-12461
16519
-25892
-12597
14282
-23356
1419
19543
-19517
-23415
-20672
18081
-15691
32179
-21623
8826
28027
-4210
-1926
13201
-29295
-11998
-7279
18564
6785
-15740
7045
-27266
-23426
10127
-3975
9481
-25921
-32385
-2546
-896
19222
16514
28290
-8191
30337
-7040
-30337
4748
26240
20352
-30848
-6256
-26105
-31106
-5296
3724
-25383
24009
19145
-8767
-10871
-7083
-17471
-18807
29245
-4450
-6989
688
-9844
-31112
4734
-9070
14966
7056
13715
-4322
-30831
9604
1409
7045
-14460
-29314
-25474
-6766
-9102
25097
15805
-6526
-26612
-30338
-25580
-4479
32384
-8447
-32384
-20608
-17793
13196
-10624
-24704
-27264
2187
-1274
7047
12109
25737
22999
28871
8902
-26180
27783
-30123
-19780
-30838
-14788
11419
-10833
-12373
-10860
25462
14453
6799
-18830
-20849
-16497
22812
-23152
-2429
15489
26245
8325
-14466
30590
15756
4206
3595
-15431
-3457
-31478
30845
-21230
-4735
16767
-8703
-2945
-26752
-23425
31116
32640
17280
30080
-14198
26118
12169
16969
-24439
-32043
-5435
6597
-8520
10886
27221
24249
-1653
-27848
1432
16813
7082
3223
-18060
-5011
-2162
15727
29073
-31087
-30439
-32112
-10109
14977
-26491
-380
-32130
29822
655
-7320
32267
10679
29825
22795
-29824
19472
22144
-30334
-8959
-19329
-7808
-9089
22412
18816
-17280
-23424
6799
-16123
26252
-31418
-1908
2515
1988
31171
21429
8581
-17323
-18761
-30580
-8906
8342
28587
-9562
31643
21107
18288
10897
-4503
5777
-21358
2071
16016
7044
-30591
-17531
-16764
-2946
-12930
-21359
28514
13580
-29004
19075
