3586
-18047
16959
-25853
25602
11778
-12291
-11479
-4350
-31647
-28920
-3743
-11170
4363
23907
30330
28029
10888
-19848
-10878
-2686
-7568
32003
9213
3588
11144
27395
5897
-20211
-9214
-19691
6972
9218
-10358
3853
-12799
11522
-15103
-11267
17430
7938
-13465
-32765
-27543
2918
-8703
-25494
26748
-16259
31117
5122
-19583
-20417
-7421
31490
23298
-12291
21290
-13822
23647
18441
32099
12127
-24053
7779
-25990
29309
-377
22136
-1918
10883
14702
32515
8701
260
29062
21763
-8696
-13812
-8958
-21484
-30150
9474
-31606
16397
-14847
9986
-17663
-11267
-8683
8194
19558
-32253
-1688
-17308
-8447
11370
27260
-16771
11917
7170
7041
-20160
11268
-27646
27138
-12547
21291
1795
24163
29961
-9117
-9887
-3317
20323
20090
23677
-26489
-11144
-3966
15235
-16267
32515
8189
1540
27018
13059
3592
-6644
-8958
-14059
-4805
10498
17801
-24051
-14847
11010
-17919
-11267
29718
8962
14186
-31997
-16537
5736
-8703
4458
3196
-21379
-8820
9218
18817
20801
29700
-20990
-29182
-12803
-13013
11011
-8607
7690
14180
13410
7693
26723
32122
32381
-25721
30584
-10366
4227
-14225
-32765
7677
2052
19591
14339
520
-10485
-8958
19477
-17605
11010
-30071
31758
-15871
9218
-19455
-11267
20758
8962
-22426
-31741
13672
-26267
-8447
7786
13948
-16771
-4980
10498
-10623
18498
-29692
-16126
-11774
-13059
28460
10499
-30879
9738
17252
13665
-17907
24931
26490
-30339
-29049
32376
-7806
9091
-25746
-32253
6653
4100
-13690
8963
-20473
8715
-8958
-12012
-1989
11522
-1399
-16626
-17151
7938
-22015
-11267
-29674
9474
29798
-31485
23655
7012
-8703
-1687
10364
-10115
-19572
12802
2689
-4030
-3068
-7678
-19710
-13571
13613
29187
-15771
-17910
-23452
25957
5902
22115
20346
-24195
-25209
30840
-15742
-1150
-3982
-31741
6141
7684
13961
2307
21511
16395
-8958
-29675
-23492
12802
23945
1807
-16895
7938
-23807
-11267
-11754
10242
-31640
-30973
30311
-24986
-8447
-22167
-5253
-643
-3700
14594
24706
-6331
4869
-5630
-11006
-14595
-4563
-30973
-28574
13323
32614
12900
22543
27747
11130
-17539
23431
-32648
-23678
-2686
19309
-30973
5629
8708
-5243
515
13831
-9207
-8958
-20460
-29380
13058
-1911
6416
-18943
3586
-24831
-11267
-31978
9986
-3484
-30461
-19864
-16284
-8447
-30359
-10629
2686
-8820
17666
31877
31303
-10747
16643
-510
-15619
27439
-26877
-13724
17932
-1175
-8601
-30961
-4254
20090
21885
15495
-22408
-22654
4995
11633
-30205
4349
1540
-17016
-3582
-5370
-17143
-9214
-12776
-188
15874
-19828
16145
-14847
15618
-21503
-11523
8472
10754
-11928
-26877
18796
14443
-8703
3177
-5253
-20611
-20596
24066
-19323
-8632
8966
-28669
-23549
-17923
27696
14340
-24730
-27892
31336
7272
25361
-6046
7290
-25219
29831
31352
-18302
2947
14196
-29437
4093
10500
12170
-1278
11015
-16372
-9214
1049
-23484
16130
-2164
31506
-16127
9986
-22015
-11523
-17384
10754
29033
-27133
20076
-3734
-8703
-19608
-18309
-3971
-6260
24066
31110
1355
14854
29955
-25597
-18435
-7888
5124
13411
3086
-23191
-14490
-31726
-9630
29306
-21891
-31609
23160
-25726
-3198
26220
-27901
3837
11524
-27771
-2046
11015
28683
-9214
5657
6980
15874
-17267
20244
-18175
6402
-24575
-11267
26648
9986
-8092
-25341
8045
25959
-8703
-32408
-1413
-9859
1933
28418
28550
19019
-18938
-14077
-6653
-19459
22833
10756
17509
28942
29546
616
22547
-5534
17018
-6019
903
-25480
-25214
5507
26738
-25597
3325
12036
13193
-7934
-14586
12044
-9214
30489
10821
17154
8333
-14060
-17919
8706
-23807
-11267
-25320
9986
26984
-24829
17261
2410
-8703
28264
-20613
13950
25228
32258
19590
2125
5127
-4861
-13565
-23811
-6350
-13564
-29850
3599
-20118
26217
-26092
3427
29306
-16003
-27258
21112
-19326
-24702
19571
-23805
3325
20228
-22391
-10750
-22010
31499
-9214
17689
30278
16898
13197
-1516
-18687
7170
-25599
-11523
29977
9218
-1688
-23549
-22932
-8343
-8959
19816
-11397
-8835
10636
-32766
903
1102
19463
1028
17156
-24579
4915
26884
6498
-5105
18795
31078
-15339
-18590
21882
-31363
-18042
28024
-11646
-10366
1647
-19453
3325
18436
-29818
-12030
27142
-11767
-9214
-23016
31302
16642
-1651
-15340
-19711
4098
-28927
-11267
-28391
8450
-19354
-22013
2157
-30872
-8703
-16793
-16005
-13955
19852
-32254
-23162
10830
-14329
-1277
-3581
-28675
1844
-16636
10598
17936
-6806
30824
-24554
-7070
28026
32125
-26234
23160
-22142
16771
-4492
-15869
3325
25860
-25207
-15358
6
17931
-9214
24857
-18362
17922
11149
18965
-18687
6402
-26367
-11523
28697
8706
21354
-20477
-9107
-25237
-8703
-15513
-6021
-16259
17292
-26878
-23930
9808
27912
26884
-27132
30205
7221
12037
16486
-18416
-19094
-7576
3096
-8350
30074
-29827
29318
-31624
-14718
-5758
-3214
-12029
3325
-28156
-13944
-17150
-20987
-12279
-9214
-10471
28744
17410
-19059
-3818
-20223
3330
-29695
-11523
10522
8450
-5784
-19709
3437
30570
-8703
-28825
-18053
-14467
7820
-26110
-2682
-22703
-25592
24836
25092
28413
-22987
-5628
16228
-31727
-28309
-20121
4122
1891
9082
-29571
24454
13176
-18814
-894
-8592
-3837
3069
-25084
-31609
-18686
-31227
27913
-9214
-31207
5448
18178
-9587
7191
-20223
2306
-30463
-11523
3866
8450
-29849
-17661
29037
-13975
-8703
26727
26235
-19075
3980
-20478
-18298
21587
7945
-22524
-17148
17149
-18890
-28667
-8089
32017
28522
1129
32283
14691
-32134
30333
8070
-9864
-19838
-2942
-21896
2820
3069
-12540
-6261
-20990
12805
-9207
-9214
-16102
-3767
18434
-23155
-19177
-19967
3330
-30719
-11523
-19686
9218
13676
-17149
-21651
-17043
-8703
19815
-17541
-24963
-1141
-13822
24455
-27307
11018
25093
21509
2813
13368
1286
-29337
16403
19308
2156
-22758
867
19066
-21635
-3707
24184
31106
-3966
-29836
9732
2557
-11004
13962
-20478
-28923
265
-9214
-3812
-26802
19458
-26481
17178
-18175
6914
-29951
-11523
8988
9474
-2966
-9725
-400
-24209
-8703
-11418
-30597
-13955
-12405
-18430
11398
-31914
19721
-16636
-24828
6909
24375
-4603
21092
24850
2409
15462
-12770
15971
-27270
-29571
-4219
-22920
-18302
-4222
21106
23812
2557
22789
31880
-22782
1029
26377
-9214
32282
24907
19714
20111
-25575
-20735
2562
-31487
-11523
-12006
9730
-24984
-14845
2926
-2710
-8447
-11418
-21381
-20867
-10101
-10238
30341
6231
-4087
7941
-6652
-12292
14393
12807
24168
24083
25704
23401
8737
29027
18042
-23427
-28795
-27016
-15230
-382
-27786
32260
2557
-18683
-14966
-23806
-18172
-19191
-9214
-18149
25677
19714
-8306
-2022
-20223
2562
-31743
-11523
-16101
9986
-17302
-13821
18798
18029
-7935
-14746
19067
-26755
-27765
-4862
-32124
-19623
14346
19973
-24059
-23044
23097
17671
5732
22292
7015
25957
-26845
7267
14970
-15491
-21883
-29064
-21886
-3966
17008
-17404
2557
7686
10887
-24318
-14844
26120
-9214
31515
-16564
19458
5264
-2276
-20479
1026
-32511
-11523
-23013
9474
-16538
-12797
28525
26218
-7423
15718
11387
-11651
21643
-2046
-2941
-22182
-14070
-18939
10246
31484
11578
17159
-11677
10005
-15002
-21404
22565
13923
14714
-11395
-23419
-14472
-21630
-8830
-27279
-1276
2557
25606
-31097
-24830
28932
19720
-9214
-32229
-4275
19202
-30833
-27107
-19967
1026
-32511
-11523
-4837
9474
13416
-11773
23148
-27543
-6911
7270
9339
-11907
-21621
11267
3459
-27300
-6645
12806
23046
-261
6459
-10744
-11931
8213
10854
23654
-7130
27491
18298
-14979
24453
25976
-25726
-12158
31347
11781
2813
-22522
23176
-25598
16900
25352
-9470
-14565
14672
19202
-6514
27934
-18943
1026
-32511
-11523
18716
9218
-26264
-13309
108
-26006
-6399
6758
8827
-13955
30347
13827
-28541
17246
-4085
24326
-16890
-6661
4156
-25080
11106
-13546
-4250
6756
-3287
4963
-31622
-23939
28293
28024
-21374
-16766
-28565
-32763
3069
-11002
-125
-25598
14340
16903
-9214
-12773
-20145
18690
-29041
9248
-19199
-255
-32767
-11523
-24292
8450
9060
-7165
30316
11366
-4863
-23707
25723
-24963
29579
24835
9090
26974
-9460
-14586
-17401
-25861
29756
-6392
-21917
5399
-29338
24676
-20693
16227
-30086
-27011
20101
-25736
-16254
-17278
-25488
-7931
3325
8967
15238
-25854
772
-7161
-9214
16924
-31664
19202
-26482
-15841
-17919
258
-31999
-11779
-29156
8450
-3994
-6141
-25493
-3224
-3583
31333
23675
-22915
25483
26115
-6271
-25759
28173
-250
25095
3835
10814
7946
-29340
9240
4198
20325
13870
-2205
27770
-30339
-3708
-24456
-15742
-7038
-25487
7942
3837
-29945
30086
-26366
-9469
10247
-9214
17436
-19376
18690
-28530
-14559
-16895
2
-32511
-11523
13597
7938
24167
-3069
18794
-32664
-1791
-21147
3963
31101
4235
30467
-4223
-10142
-17395
11271
-3065
-9478
11838
32009
20832
16409
-12954
-30879
-27343
24931
17018
-21379
-26492
-27528
-10110
-5246
-8596
-20730
4093
-22265
30851
-26366
-15357
-32506
-9214
-5349
23377
18690
30094
-9183
-16639
-511
-32255
-11523
-14308
7426
-32668
1540
-14998
614
1282
10853
-3462
-28547
-20086
-11261
-6782
-15262
-22257
-25592
-20984
-3591
32320
-15606
8806
-27365
-4760
-920
23600
-28317
-29574
-24963
21892
-22408
-25470
-382
25715
-7418
4093
25863
-7801
-26366
-19965
-4090
-9470
-25315
-5037
19714
2701
6178
-12543
3330
-31999
-11523
14878
8450
29545
15876
-26261
20587
770
18277
19323
-28803
-30070
-14589
3200
-24988
21519
8
-16120
-7
-22720
-8181
8548
-29669
12390
-19867
15414
-2973
2426
2174
32644
-23176
-24958
1155
-20114
21767
4605
26376
-14204
-26110
-28413
14854
-8958
-487
-1458
19458
-31094
-29406
-13567
2
-31743
-11779
13341
8450
-12700
10500
10088
-20378
7170
15973
-10630
-11907
-24950
-3837
4480
-3739
-24049
-29432
-1016
6394
16193
-5110
12130
16669
10343
-19869
57
-6045
29562
-20867
24452
-23688
-20862
-17278
21356
-6393
4861
-22008
24963
-26110
-30717
-26619
-9214
26905
-9906
18946
-19830
-990
-13567
-511
-32255
-11523
26909
8450
-15261
18436
-2457
-27036
11266
3941
-2182
-25475
-28022
-3325
4223
-10650
25616
26888
-3320
25593
24642
-30452
-18843
29725
-32410
-14235
-22470
-5021
15482
-7555
24196
5753
-12926
-20350
-5261
12808
5117
8201
-22649
-26110
28163
-21499
-8958
20250
-31409
18690
-24695
-20701
-11519
-767
-31999
-11523
7198
8962
2920
19716
26983
2919
14082
-11420
-15750
-17283
30346
4868
-642
26729
-20976
-8696
25097
-3080
23875
29453
-28573
-21220
15461
-8094
22844
2404
15482
-7043
9348
-19080
-27774
-2430
-30099
-18936
5629
-27895
7300
-26110
20227
-16636
-8958
-5863
15696
18434
20105
31013
-10751
-1023
-31743
-11523
14110
8962
15460
14340
29543
-26012
17154
-21660
-9862
-20611
25994
13316
-15234
4202
17169
5129
-9975
-18952
-20669
5645
-22686
-28899
22885
14946
-22721
-12445
9082
-2435
11140
-20360
-22654
-7550
20844
25609
5885
-2551
10883
-26110
13827
-27900
-9214
-3303
-30640
17922
8585
20517
-9727
-1791
-31743
-11779
-24034
9218
3172
16900
-2458
-28830
23554
-32412
-22150
-11907
29322
26116
30588
9835
-12015
-32759
-17910
31479
22340
-20465
-411
3869
4963
16483
28736
4452
14202
-11907
2180
28536
-23166
-126
23663
-31223
6141
4619
-11388
-26110
9475
29444
-8958
-12518
31568
17410
25479
-1498
-8959
-1791
-30975
-11779
29470
9986
-9628
9220
-26779
10853
24834
-28316
-23686
-25731
30090
29188
-11908
32365
-1007
24073
-27382
5367
-5563
-21489
-31646
1056
-21149
-10399
26949
15204
16506
-387
10116
-13960
19586
-12158
16233
27914
6141
-21749
13185
-26110
10755
19460
-9214
-23526
-19376
16642
-377
-5848
-9215
-2303
-30463
-11779
-4066
8962
-18080
16644
-17052
22368
-28670
30308
-22662
-16771
29322
-24572
-30084
-1426
-11758
-2807
-7926
-30474
22854
-5873
-30110
-9696
11620
-13215
-18872
11620
22394
-20099
-20093
-7560
31618
-21118
32619
3083
6141
1804
2178
-26110
8707
16132
-8958
-30694
20561
16130
25479
-30423
-6911
-2303
-31231
-11523
-17377
8962
-30110
24580
-20636
5473
-18174
27492
-21382
-31107
138
8197
17020
6000
-15853
-20470
6412
27893
12103
11026
-30108
20513
15972
-15261
-12471
18020
19834
-7811
-27773
11129
32386
-18814
3181
5899
6141
32268
11395
-26110
6403
14852
-8958
17179
23890
15362
-11386
6442
-4607
-2303
-29951
-11779
-14049
8962
8035
24580
19044
-20127
-15102
18788
-16774
-29315
-17783
-32507
-30592
-24722
-23531
25100
-32755
-30987
17480
-2800
15971
6436
-5017
-19355
-28867
8804
9594
-16003
-24445
-9864
-18302
-29822
18023
-3061
6397
5387
-14208
-26366
7171
4
-9214
12829
25175
16130
22410
14378
2818
1282
-26111
-11779
-9184
8706
9313
-10748
3688
27747
22530
7780
-31622
30845
6026
-27643
13437
4467
19990
10252
13837
-25100
26441
23314
-24476
-20699
20071
-19612
6480
19556
16250
-12419
30083
-7048
-15998
-13182
22891
16140
6909
-25076
-5759
-26110
4355
9476
-8958
30490
-10158
15874
-26491
-14293
4866
2
-27391
-11779
-19168
8962
9314
-11260
7780
2913
7683
15204
-32646
32637
-9079
-15611
-30339
30580
-11498
-1269
6157
-19213
22346
15380
-17563
-8154
25959
-17819
82
9828
8314
-7555
26755
-19592
-10622
387
18028
-31476
7165
8973
-21886
-26110
4099
7172
-8702
-14822
-5806
14850
-20091
-5076
6146
-1023
-28415
-11779
-3808
8706
24674
-2556
5220
11105
15875
-6557
-29318
-18307
-16247
-12027
-9091
-10892
-9962
18700
19213
-27149
31306
24850
-22943
26664
3433
-7324
27220
-14748
30330
-7043
24963
32376
-9854
-24190
18280
14861
7421
-756
5504
-26110
3331
-6653
-8958
31258
20563
14338
-15739
13356
5634
-1023
-28415
-11779
-6368
7170
-29856
11781
16228
-24225
27139
21860
-16774
-24963
-18039
25350
-27523
32372
-489
-13811
-20721
-5390
-25782
7444
15205
-217
-18840
16743
-15276
-156
-26246
-15747
30339
-13448
-28030
-13694
-31122
20237
7677
-756
18563
-26110
1795
5892
-8958
-21221
-1454
14850
-5756
-19668
12034
2562
-20991
-11779
-9440
9218
-10141
7429
20324
10850
28931
-28316
-10118
31869
-9335
19462
-1667
3958
-24552
28941
26383
22514
13132
-24811
-17563
-15833
13672
-18587
-20396
1125
19066
-8579
16771
9337
-25470
-10622
19052
-19955
7677
16909
-22398
-26110
2051
4
-8958
18971
-18605
14850
16261
10285
16130
2050
-21247
-11779
-26335
10242
16482
5893
-6044
24674
28419
25444
-29830
-32387
-19831
30470
20350
5751
-4072
-30451
9487
11762
-17076
10260
17764
12074
30313
-23706
2648
21093
-29318
7806
9603
4985
21122
-25726
-8086
-30962
7933
29965
19329
-26110
2563
-4093
-8958
-25829
6227
15106
-29563
26670
17410
1282
-23551
-11779
-8671
10754
3170
26117
-28315
-18847
-19965
-27804
-19846
-8579
-30071
-4346
-31106
-3977
13082
29454
-9713
-8720
-5299
29462
25704
-25558
32617
-3224
-20647
-27547
-26758
-11907
16771
3705
-23422
-24702
26227
-10994
7677
-14323
-16763
-26110
771
8964
-8702
8220
21845
15618
15237
-29906
25602
4866
-20991
-12035
-19934
13826
-24986
26373
1638
-26779
-12541
-26012
-17798
30077
-25975
-7930
23167
-24711
-30438
-19698
-17137
15088
-7602
-3305
-20634
13355
-6552
28774
-16038
31589
19578
-6787
-6526
12921
-3966
-15742
24173
-30193
7933
3342
-14718
-26110
2307
-509
-8958
22300
-19883
15362
5766
-8913
25858
4866
-20479
-11779
5155
14338
7267
26885
19302
-8350
-6653
29540
29306
-26755
31113
-28665
17023
13946
24347
-26865
28945
-4881
4943
14103
-14491
-10965
30313
-19610
21597
-15771
29050
-387
131
-2952
-30078
-11390
25964
30736
7677
32014
20610
-26110
1539
2564
-8702
541
-427
15362
-1147
-26832
27394
4354
-20991
-11779
13091
15362
8803
-20987
-14746
25443
8708
-21404
32634
-18051
-26487
-2041
-30080
19317
-26853
-20720
28179
27888
5199
-25064
-17559
16939
22888
-20630
-3255
-11675
-24454
5758
-23422
5753
-22654
-25982
3186
-20463
6909
-3315
21638
-26366
771
9476
-9214
-14049
-11431
16898
-3960
-11729
-30206
11778
-5375
-11779
-9949
20226
7271
-18683
18024
-11928
-7166
28516
-20870
-17795
7817
6152
-23937
7806
-16100
-3313
26130
-22291
20049
12058
-20122
-978
10858
26216
-5790
18789
13178
-7555
-16510
4473
17026
-25726
-32405
-24559
7421
24079
-20350
-26366
1795
2052
-8958
9503
13659
16130
27784
-23244
-28670
6658
-15359
-12035
-22748
18178
17250
2566
-31640
-17564
-22780
-5021
13434
-28291
31113
29447
-16260
-9605
-1509
8464
22289
-1810
-2224
-27112
-29340
-981
31077
5476
13409
-28827
-25478
-11395
27010
22393
-32382
20354
5996
16403
7677
-25840
-8063
-26110
2307
9988
-8958
-30434
-22951
15618
8327
19506
32258
6402
-19199
-12035
15652
18434
5731
-20475
-15259
21859
-32764
4964
-15238
31357
10889
12040
18812
-12419
14365
17937
-6638
16621
-7343
4892
-21658
-30419
11621
-923
18532
-24219
-23174
-2947
16002
20601
20354
-20862
-3219
-7917
8445
17681
-14974
-26110
2307
6660
-8702
10783
14170
14850
3975
-5836
-26110
7682
-17151
-11779
5413
21506
1892
-3835
-21916
354
-9724
-6301
-12166
-29059
-2168
-249
-14212
17535
-19683
-16880
-14830
-9236
19538
-17125
-5278
-28115
-27547
-6047
-16795
23141
25466
638
7042
6521
28802
29314
13926
1301
8701
18961
19582
-26110
3331
8452
-8958
19231
-7591
14338
14471
6453
-24062
6914
-14591
-12035
-28124
19458
24159
-6907
13159
-10399
-1532
-23709
26746
-19331
-15992
31496
-27014
-28288
2590
-26863
-12525
-30742
-6830
14876
-1693
18479
28005
28003
-152
16741
31866
-8579
-32638
9081
-28286
12674
15467
-2027
9213
-19438
-23168
-25854
1283
3332
-8702
20255
6747
14082
-22907
-9931
-22782
8194
-10495
-12035
8741
20738
-11935
-7419
-16284
354
22021
25699
-28806
-25475
16009
-14584
10874
11906
-10722
-31983
-23789
-22040
11860
-26593
21861
29744
2917
-15773
-28307
-21915
-28806
-131
-10879
7801
25474
24706
-5013
-1002
9725
-7149
-14976
-26110
1539
-509
-8958
27935
1628
13314
14469
10551
-20990
6146
-15103
-11779
4902
24578
10594
1798
1892
23905
-6907
-31645
-30854
-19843
-21880
-20728
-30086
32131
15391
-21743
29203
-27160
12629
-30691
27233
8498
31333
-7072
-14224
-14491
25978
8318
-8575
4729
29058
9346
25192
-3816
9981
30228
-21378
-25854
2563
-7933
-8702
-30178
8796
13058
-27259
-9674
-18686
6402
-14591
-12035
21798
21506
15456
15110
-30365
24158
21766
-30109
19578
-28035
-30840
-24567
-17287
-24956
-20448
4115
-21228
20966
30550
-23776
-1692
-6861
-32411
28003
-16268
-7579
27770
6782
-3711
10617
21890
-26494
-31890
11290
9981
24341
23937
-26110
2563
2820
-8958
-5601
-12196
12546
26244
-8904
-10494
9730
-12543
-12035
13863
28674
-9885
-28154
18275
15969
-3322
-27549
23930
-16259
-20856
13835
-32390
23687
13859
-12012
-4585
-25116
17496
5925
-27546
-16842
-11674
31333
26487
18278
28282
14206
-21119
27001
14722
-29310
6763
-29413
10237
10774
32384
-26110
3331
-4605
-8958
8992
14941
12034
-16253
3899
4355
15362
2050
-12035
-17369
-28414
27489
1031
23138
30303
23815
-28829
22394
-11139
-29304
22283
-24454
-6520
20004
1558
9497
1252
-15272
-734
-28060
31288
-5273
23139
-17798
2918
-27782
17790
-10367
-31111
1922
29570
11369
21021
9981
27926
-7298
-25854
4355
-3069
-8702
-20192
30301
12290
-26237
-26565
14851
21762
13570
-12035
29735
-30718
22368
23815
-11421
6752
-4601
25699
26746
-13699
-26488
-1523
-29568
20106
9770
27674
28444
26849
-20901
4903
-18580
-26564
-7316
28268
-24454
28774
-30086
10878
22401
-21383
6018
30594
25719
-16355
9469
30227
25736
-26366
16899
-13052
-9214
-14041
20585
15874
-887
26174
-30972
-10494
-27902
-12291
-4821
-7166
-20118
23049
25964
-31891
1800
-31901
19066
-19331
10632
-1267
-19584
5004
-3031
-6375
6685
-10529
27740
3113
-15511
25917
4204
17002
-6784
26982
-22406
16254
21377
20857
23170
-8830
13168
-21729
9725
-16876
-5757
-26110
17923
-19964
-8958
13350
21094
15106
30345
-19649
19204
-19454
-24574
-12291
14891
-9726
-25755
30985
28779
-1432
11529
12899
28282
-10627
25736
23821
-1154
14732
24873
20761
15131
30686
-20900
27943
-20121
-10179
362
-26776
25477
-20634
-12934
7038
6017
29305
11394
-23422
-27793
24866
9469
19478
7811
-26110
18947
3845
-8958
10023
-15257
14082
-32118
1856
13060
-26622
21762
-12291
4908
-13054
-23963
10761
-14742
26728
3594
26467
-28550
-18307
136
6671
13950
-30835
-29909
21275
-19171
-15398
29534
-7891
26732
28223
-1431
-16788
-23161
2152
-13958
32126
-2688
-30343
14722
29570
-16525
32035
9469
-31721
15493
-26110
23043
22277
-8958
-25816
8297
15106
5770
-30910
-25852
-18430
-32766
-12547
29997
12803
12392
-31479
-11158
-32406
-28918
-23452
-32646
2686
2184
-2290
-32644
31374
-24021
20507
-20963
-3111
31582
-4308
-17816
-7360
6250
-3480
15752
-25496
5243
18558
-22912
-24967
-2687
20098
-20885
28965
9725
27929
-18304
-25854
19715
-10236
-8958
-9689
-22936
14594
-18039
-3518
27652
-17406
-27646
-12291
-27348
6659
1379
-13559
27241
19558
-18678
-3996
-20614
-14467
-27001
-2032
18556
18576
22574
17949
-3553
10967
-23200
18734
6761
-12733
13930
-29079
-20081
-25751
4987
22142
28544
-19335
8578
25218
20846
28201
9725
8475
14721
-25854
26115
10245
-8958
-11736
-2711
17154
-4216
-27836
-3836
-5630
-12542
-12803
27694
19203
12645
16650
29544
4198
-31476
-3995
-26246
-4995
-31353
-23535
24955
-23917
-30928
-12514
21536
23764
2403
821
2155
10821
13673
-21655
27795
-24982
21883
-32130
24192
26234
23682
-27774
3695
4397
9469
-228
27265
-25342
-32253
-7932
-8702
12584
-14744
16642
-21627
10822
23301
3587
-12286
-13315
-17105
-24061
14693
-24566
-4763
-27548
-27635
-7066
-9094
-1411
20615
14865
-11909
-29292
21550
16413
-30176
4820
1889
26164
30309
-188
-27802
2916
-15464
619
22395
29054
-2945
5498
19330
-23422
-3225
-8657
9725
20763
3965
-25854
24323
10500
-8958
-16349
-13980
12290
-25210
13891
-32764
-16894
-14334
-13059
-27350
16387
20319
-4343
-2718
19550
2575
3175
-7302
-4995
1671
-26607
3969
-26987
-21206
18457
29980
-2861
-5538
-18633
23660
-18873
-25753
10600
-16986
3948
-27781
-18050
-12417
23418
19586
-11902
17012
20787
10237
31508
-28796
-26366
2563
-13309
-9214
27931
25180
11522
21646
28467
18691
13314
2306
-13059
-989
29955
-21143
-3577
-6555
-19099
25363
-32409
-1926
9086
16007
2836
-15999
-19043
-19412
-12262
21534
-13359
-10655
5439
-21906
17995
15978
-13717
7599
16492
-24965
-9346
384
24698
25474
-30846
20086
-27849
10493
-13804
24711
-26110
515
-14589
-8958
-1513
26718
14082
-1392
-16337
15363
14082
8450
-13571
22054
-8957
-22420
-16121
25450
7787
-17130
-17561
-2694
16510
6279
-6124
-5499
24226
-20690
-9445
-1762
32462
-18332
-19140
-6548
31312
22381
-10389
-15180
20076
-14725
-4482
-11905
22138
5762
-21374
-27275
6461
10493
23573
-20089
-26110
1283
-12541
-8958
6681
29286
18690
19862
-5072
-28413
21250
10498
-14851
-472
-13053
4974
-27640
12911
23407
30233
-13977
7547
28286
-4986
-2538
14466
-23123
-6607
-9442
-3038
27084
28006
8260
25455
1626
31594
-28308
-15169
-1684
-11397
127
-17281
-1414
2946
30594
-24710
27458
10237
16151
-18551
-26110
771
-11005
-8702
10261
30302
18946
-20078
-1233
-32509
19970
17922
-15619
25897
-32764
1904
-27384
-3734
-12436
-28129
15720
13691
-31874
-10874
21273
2433
3504
27701
27169
-3036
-14649
-30871
4426
29551
25693
-28821
20845
11971
15470
-9093
-1154
23167
2427
-3199
-20350
-3720
4167
8701
14874
-24439
-26110
4611
-1789
-8446
-6890
-28575
23554
-22127
18996
-3069
29186
25346
-18947
9004
-2556
-15763
26121
-3221
-28052
-3551
10857
-1414
29054
16518
23834
16768
26803
16951
-5342
17190
23747
11627
21065
21358
29795
-8596
-26773
-26937
20078
-25477
-11394
19839
-15238
8066
19330
30838
6475
6653
-21477
14216
-26110
5123
-3581
-8190
26391
-23199
23554
31376
31286
1540
-31998
-31486
-23299
5421
261
20332
9738
20330
-1432
14373
11881
-8838
15486
-30074
-25571
-21633
-9292
22843
-15578
-15063
-30787
-25747
24657
-13454
15976
-21139
29295
-28982
-23442
-4741
-4226
9343
6011
-127
25218
-30851
-5043
1789
28445
30348
-26110
6403
5124
-7422
10008
-13981
32002
-9586
13112
-27644
-15358
-11262
-31491
-21458
7174
-26769
-1014
21609
28780
-23257
-32151
14459
25214
6790
-13282
9856
-21063
9022
8488
5676
31162
-24977
8277
5233
13164
-3731
-23185
26318
-30866
-4229
-9858
-9346
-11398
9858
27010
-22153
31314
-772
-12258
-30327
-26110
8707
2308
-6654
-21736
-17564
32002
31119
-14534
-17404
-13566
-1790
28669
-23761
18438
-19092
-6133
-23703
22378
6699
12905
15995
22654
8326
-7393
29568
-9541
3392
22825
26413
-24906
6769
24916
-21136
9072
27758
20590
15825
26734
-6021
5759
15998
-26502
-3199
22402
19063
-23722
-4612
5664
31368
-25854
10755
3844
-5886
19225
27493
-30718
29327
-27844
773
-8958
-3326
20477
-31952
25606
-32404
-29172
6506
12650
-9939
-6296
4731
25470
-17275
1828
1661
-27473
-19643
31022
29234
11179
-6030
-10660
-2190
-8344
-4754
-2702
-12597
-6546
-6533
-20610
20606
-16774
-13951
19330
14453
26709
26876
13349
-18811
-25342
-9725
3845
-3326
-13275
27758
-13566
-15739
10061
-7417
-3069
11780
-14596
-21708
-8953
-16024
28176
22375
-24215
-4055
9833
-134
-3715
-5499
8742
2683
3500
19786
2356
-22984
-32348
8566
-25255
-17298
19047
-30097
16751
10951
-22418
11388
-4738
-22147
-8326
-15487
-6783
-10131
18775
2556
23085
-19328
-15614
16389
3079
-510
-29136
-7310
14595
9603
21081
-5621
3846
-5114
20988
-24005
10760
19556
-12011
12905
-30618
1063
-27800
22907
8062
9605
-19929
5499
6829
-17844
27446
-27591
5279
4472
17498
19567
25450
18800
13680
-16438
2415
-645
-18562
31613
-27526
-24959
3970
24689
14427
-18181
-15313
-5503
-10238
-16379
-28665
1283
-10703
-10124
25859
-23934
-23974
1549
-12794
21767
-6661
-4547
-16120
-10650
21783
19817
-29337
3370
-5016
-390
638
901
-29142
15483
29357
-27569
27450
-23235
-31848
-29575
24673
370
-19605
6513
-1167
15562
18287
7548
-7810
24957
-31366
27009
-22143
11637
-4003
22011
24880
17028
-4862
12294
-19705
5635
7735
27260
-20477
4229
1374
-12018
-7929
-13049
19451
-28096
3850
106
3866
26220
-18069
-2263
-408
11387
9598
-14204
811
13435
-27983
-4528
-16071
-23235
-31849
8571
-27552
6510
-23953
32625
-7057
-4145
25967
1148
-2690
13437
-15750
16513
-28799
-29588
-13726
8955
31794
-16514
-510
25862
-17145
6403
27700
-27015
-27645
27779
-674
19470
17671
14856
13307
23872
11273
23652
23578
5483
871
3375
1897
-390
12670
-29308
-10451
-8070
4018
-11693
-453
9024
-14960
-17028
8293
4209
3443
-1166
1651
-21037
-8593
-10885
-11394
10365
2939
31873
-23423
-13198
21094
-27398
16948
22658
515
-21754
-30200
11011
-13514
-7557
-13821
-20605
-160
31247
-21241
2312
29178
-5311
-4342
7016
1308
-31893
25450
5427
24937
-17030
9598
-27772
-5328
-6790
-11852
26455
-4801
-32189
31627
27006
7277
24690
-11404
13427
20852
9430
-6289
7036
-24450
-17284
20091
17537
-14207
1140
29546
-7175
7990
31362
8451
1031
30985
17923
24120
-24452
8452
-22141
-7837
-11760
-19704
-23031
-14855
19523
17420
-19864
-4836
4459
-18839
-11211
2665
3451
-11395
13188
4146
19067
23478
7256
21824
26693
24970
-9601
-27799
-16274
19064
-13453
-14992
25560
-13201
-2693
-5250
-27524
9851
4737
-26751
7024
15471
-6151
-25545
18048
13059
26631
17417
20739
-6600
20861
17924
-10877
-31132
1297
-19448
-17655
-25095
20292
-10485
-7834
29470
32619
3944
-26056
-2968
-10118
5502
8324
21045
17532
29877
5467
2884
2632
22916
6529
2671
23667
10617
-19596
-11148
-12839
-9104
-901
-4482
30588
21883
18305
-19327
22904
-14479
24825
21304
19588
24067
-19961
-30710
28419
-30918
-15490
-15612
-14205
-16540
-21998
778
28682
-19720
29765
-20467
-22933
-3297
26988
-27285
-28614
-12439
-19590
11902
6020
3127
11388
30390
-31140
-15547
-21430
-24702
-383
24691
-25998
-10376
18035
-16525
-6438
-18832
-11653
-11138
2684
10875
2433
-23935
16245
-2956
20985
-4808
14979
29187
26632
23563
-28413
-32452
-7040
18949
-1660
21095
-3821
3595
-26356
26616
-26810
-32498
1130
-5855
-403
10605
15676
23401
-18054
10110
5252
12345
7036
-9288
7518
20551
-22965
-9087
21891
-25489
21873
-17285
24435
21617
-11556
-3216
17020
-21634
18044
17275
6273
-17535
4212
-29063
27641
-4551
8322
-25341
-2552
22283
-22269
20796
-1407
-20731
21125
-24729
-24812
-25845
-25844
18168
29767
-32242
-24727
5155
23150
26220
-9154
-28567
3195
-13699
1668
23100
3195
31417
-23200
10826
-8370
-28037
12420
-9864
1653
-28803
-1678
24692
26335
15473
24188
-10370
4220
-32389
20865
-28799
4475
15228
26360
15164
-11131
-21757
3337
21516
-5117
-9411
-27262
24582
645
-7064
5398
-4340
3854
8951
17736
-30959
-22931
26404
-29843
10863
-7102
-26263
2171
-1155
-15485
-22724
9339
31164
-3999
17482
-17330
-29320
29061
-14982
-5262
22655
-29069
-11661
225
19569
21116
-15746
-3973
25979
30849
6529
28277
-25216
-11017
-4291
27266
-6397
-18167
-30708
-4861
-27330
-16509
9222
24197
-19093
16150
16652
-22771
-28426
27977
-3312
24682
21541
-25234
-10644
29509
-30871
-4230
-3459
-20605
-2755
-18054
20411
9315
6733
-2992
17010
-27258
-2440
-25998
-9600
-12173
28787
10977
30321
11132
-5250
-28805
24443
25217
15233
23413
9092
14839
-1219
15746
5124
20746
-17652
2820
-9664
31877
32262
-17019
-20372
11544
-1011
5902
12789
-5814
-27119
23915
27432
30832
17007
13894
-22423
-14982
3198
23427
-17855
11642
-10050
-5274
-19122
-26029
4719
9097
-25724
-32650
10116
9075
20342
-1820
-31887
16252
2943
18299
-29061
5761
17281
-2697
6280
-3851
-27583
-10365
6916
29194
13325
19972
-9408
12935
-14842
-22140
-13458
11032
15117
-8690
29684
11596
8980
2924
1320
11630
-24210
-19892
31593
-12166
7294
8835
15168
-6537
-15680
-7834
4175
-28845
-31890
22921
21891
25970
-11387
15730
-910
-16410
-5519
28796
-10370
31611
32379
-6528
-29055
-13201
32141
1014
10565
3455
-2557
-12278
-6644
19204
16705
-10362
13574
-8060
-26511
-20969
3341
31758
21492
-2997
10259
2663
-7129
18796
-18071
8528
-23703
-2438
-2179
12931
24130
3703
15810
-22936
-20144
4950
-13206
14474
-16253
-14990
18312
-13454
22386
-9497
-11407
8828
-5762
9595
-19333
2689
31617
27250
-7535
30197
-24505
16511
-765
32010
9741
29956
8513
31110
-24570
10371
-911
25112
29965
1551
24563
-18868
-10989
-17560
5160
-10902
-23960
25426
-29079
-23942
-2691
643
-6843
-7306
-9532
29035
28243
4696
-31131
6796
9870
18804
-16246
-22927
30323
28905
12658
26748
3711
-5510
-22405
-5504
-28031
-8333
-28523
-12301
-10167
-8833
4868
-31222
11020
-11260
16961
-11387
-12026
-25214
-653
-29160
27661
-31986
-4879
16461
28694
8553
23848
23145
9064
-10923
-26263
-9606
12926
-16510
10310
10615
-1593
-6548
-18860
-6823
-20124
-9844
19852
26736
-25970
15730
-18321
22763
18290
32124
1407
-19334
-16517
25217
-30079
-29844
-12902
-1293
-2998
25723
7428
-26614
-13813
-4092
16192
3204
-18426
-9087
-10892
32536
-28147
-26609
-19983
-28596
-3820
-10396
-31703
-9880
2148
26970
-19863
-10886
1406
-24446
-8887
7798
1223
27503
9047
-32419
4704
21646
-12914
18803
-28019
26481
7793
-29205
-30606
-28292
15743
-19078
-4741
-8832
28033
8050
14237
5107
-24755
32382
28164
-22773
19725
23045
-9151
-7035
-10489
27776
118
5915
25103
30481
14832
27471
-23273
22120
-20694
-11672
4712
23131
-8087
-3206
13694
-32638
18253
27765
-5945
6770
-7590
24416
2908
-21361
7829
-8333
399
2162
-3470
-11284
-2702
-20356
8319
13434
2940
8065
12417
28530
-26464
-15119
9552
24958
-8956
18956
-23538
-15867
16452
5511
-17400
-20353
-13704
-2788
-496
10259
-8722
-8112
-2279
-30104
-3795
-22167
-10648
2143
2154
8059
14462
-3455
11596
15989
-6454
-5774
7002
1631
1116
-1136
-2672
12144
-10862
-19599
-19602
22254
883
-30084
7807
6522
9852
16769
21377
-27026
-10075
20210
27730
-19077
261
1037
16654
-23291
-445
-12921
17928
-16770
-31879
10781
22800
12050
-9234
-9903
1049
-26266
-22993
-10135
27495
29283
-151
-8838
7294
-8319
28240
23412
2252
8054
16221
9571
29782
32658
-23912
29811
-17259
-28048
-29328
-18449
-23693
-19076
14463
10362
2172
16769
7297
31093
-14936
26096
22100
-7298
-8188
-17140
-8434
14598
-28092
6536
-6136
12926
-29062
13854
11281
-31726
-12564
-18862
8732
31850
-25809
-30360
30313
-29337
-20886
11131
15230
-2687
-686
-23179
16841
-25994
18271
-26780
19278
-5486
-10341
19828
7829
-21135
-15246
7663
-11917
-10884
1663
-10375
30332
20097
9601
7283
-10326
24302
-27308
-29826
19205
-23539
-24817
-25594
-16058
28555
30730
-7552
-28549
4641
28180
278
22249
-5805
-31971
12138
2099
875
363
3942
32106
8827
7550
-18815
-32683
5236
-25650
21370
-927
5992
24912
-24428
22427
25202
-25958
24433
21104
-4111
20596
1661
23935
-12679
22140
1665
14721
2160
-30801
21230
-10153
6268
20741
14862
-27889
-762
-13755
12169
11018
23678
16510
8992
-6126
-30699
19178
-21676
-17635
-18841
2867
-18072
3943
22639
-12182
17019
24190
-15999
1370
-24462
23506
-13442
23398
26987
-1206
21911
-17498
30070
-13922
11121
27762
-32013
28276
-900
24447
-22663
29308
-128
2689
-21642
20917
13804
24668
640
28933
-16882
22289
-14329
5960
24459
6155
2173
1154
24610
-19948
-29674
-14105
-27562
30243
16747
21812
4968
-29847
-22923
-6038
17019
22398
-22143
-10661
1395
-4653
2689
23656
-12435
-25784
-18792
-9817
-29324
19360
5233
-27024
5364
18549
-9348
13951
-19591
15228
-128
17025
9585
28344
-3862
18782
31612
518
-13297
17937
8200
-14776
25484
15627
25213
22916
31523
-4588
-18410
-25370
2648
26915
-28312
4662
-26520
-27546
20856
-28821
4731
17022
32641
30045
26739
210
-5759
12138
-3218
21572
29593
-9563
-26508
28577
-11407
-1167
-27148
8309
3965
20095
24697
20092
-9344
15489
-9616
21179
-32279
8288
13180
29446
-752
21266
-28408
13642
-13172
28172
26493
1924
12581
-13290
20505
18404
-30631
-21981
-26776
16696
-21912
29799
-7814
29547
16763
22398
5505
-5023
15730
-16941
-19067
-659
-15758
28222
4763
-8529
6776
420
6258
18293
19189
-23179
2173
18815
5497
31100
-9088
9089
23924
9918
-25883
14179
2686
-7418
-14831
531
23305
8012
-28275
-8436
26492
-23161
2343
-5353
12826
-16416
25691
-27352
-31638
8505
-921
22119
18302
-21653
15227
15486
-12160
15461
-26254
6614
25480
14704
4215
-21188
-8036
-31313
28789
20647
1394
26994
17142
-18059
4477
26239
-2952
-22148
-24448
-1920
26477
-62
8933
-26779
2426
30983
3091
16147
25866
-3252
23694
2830
11901
10378
22568
6169
21532
-27169
27484
12584
-26522
26940
18280
30821
-32125
-19349
7291
25726
-19072
21351
-3215
-3371
-16502
12402
-3463
11576
26270
14512
-18059
-22870
-22925
-22157
16375
-28042
19325
31615
6009
-17028
-28544
-8320
-12688
27846
-21534
10088
14715
-13561
-10733
-2027
9995
-8370
-2418
783
-2693
-31093
-26838
20506
3101
25820
12126
25898
-1176
-18881
-13463
10601
-29815
20076
21115
24958
-14464
4973
-32399
-12329
-7282
8567
-22660
-21710
30368
-31302
20088
-27475
-18828
-13450
-3849
-16522
27773
31103
-21384
381
-25472
-13696
1394
-28727
-23331
-20629
-27781
18696
25876
-30186
-31732
-23216
11920
-31984
-25734
11662
25388
4124
-26081
1752
-26529
31279
-32151
4418
-663
26731
18830
25708
27259
28798
21120
-23954
21362
20954
-6000
21369
-20352
20528
20130
-22345
-7564
22962
-18059
-9100
-25608
119
19069
30335
17784
-10372
-21120
-10624
28267
12238
732
10094
-28297
4361
-3819
25365
-18164
17233
5010
-6129
8059
-17520
-724
-8165
-10210
-1323
-20895
558
4198
-30140
-11160
22373
4755
27500
15227
22398
12416
25201
30323
-10540
-13937
31097
24194
-21976
9891
-1351
8312
-17745
-19338
4215
-6153
-32393
-25219
-27777
-29576
19325
-27776
32128
13426
-815
-30248
-10384
-28549
-23799
-6122
23063
20750
-20396
-6764
32531
29564
-5233
21553
28448
1827
9678
17763
-16078
1387
-7098
-24214
16491
-17778
-10388
30843
25726
10368
-11142
-28302
-25890
-29029
21635
-15223
8487
19367
10182
-29318
-12359
-11656
6778
-8711
-2185
32125
-22657
21112
5757
-27776
22656
26994
-15916
1746
-9612
25979
29450
-7145
18200
16912
-9132
-30316
15891
-1928
19094
-26062
-1249
-27357
31436
-4251
32057
13930
-18871
9833
-19608
14750
-4244
21115
-29058
-12929
-32641
-20620
18401
32414
-31354
29580
6948
28585
9924
4472
-16706
11130
-26761
-32518
-3721
-22403
-32385
7544
4733
25216
-24448
31088
-12072
-2097
27509
2426
-15605
-27367
11546
-9967
-1706
3734
1558
-32391
-10856
-10699
-31709
-15066
-24120
-23193
2618
-15511
-11185
27756
-26262
24741
-8852
27515
31102
-23425
27526
629
26082
23203
20364
29330
-28641
16299
-309
-4741
-6974
-31110
-7302
-5126
-13448
-16515
-24961
-6281
-10371
-25728
-27520
-32136
16859
25545
25208
-9091
-24564
11803
-14819
-21740
-6567
28056
-20967
-2183
17307
-26055
-7898
11562
18626
-8599
25410
-21138
-1198
13677
1134
16043
-26259
-28805
26238
5503
12427
-11404
12006
-22872
6032
31893
-13028
2990
-31023
-18564
-5689
7803
-27526
18939
-4232
-4227
-2689
22903
-11139
18304
30336
-15756
-9762
-316
-32133
-11141
-13299
-17380
12831
-26858
-2725
7579
15643
-5254
-15201
25404
-473
3372
-3139
108
4678
-13204
9303
10862
-17555
433
30573
-32645
-19586
-1922
-11378
30325
-10778
-14422
-6766
-32358
21530
688
15057
-14725
5580
-28804
13435
-26629
20857
-13699
-30849
25207
-15235
21888
-32384
-4493
-14879
-14143
-11907
7291
-8946
-26338
-1504
17944
9822
-30564
-22500
20348
13218
-26050
-11735
2350
-25415
-8339
1351
27756
5723
-12434
18029
-20042
-15251
-28805
22910
-4226
6294
-26252
17639
15536
11417
-23648
-19946
-21839
-1320
20608
11470
-29828
6528
-15109
7546
-8835
-13953
14967
-4995
31616
25984
635
-541
-9543
-20351
127
3344
-9953
-24541
4124
-23200
-14179
-10721
-21893
-12636
25666
13357
3122
30642
-15505
-25520
-20368
605
-18323
-14993
19898
25966
30587
-21634
-24962
22935
-10636
29672
14770
11164
15522
18709
19635
9433
10622
-6705
31356
-11907
-3077
21114
-1411
2944
12663
-3203
24448
17792
14453
32486
-22089
-12668
-30341
22289
-6623
-15580
-27107
24674
5024
31009
-25477
-15194
24388
23343
-21197
22447
-19087
-9392
-12179
1889
-13202
5999
16063
16750
-25733
-9090
-21890
14492
-14476
-31511
-4940
14239
5541
-2030
-9548
27353
9086
-5421
-3971
8574
6396
-26502
-9603
-13953
-15242
13950
15232
26752
6005
-1816
-21582
25223
-6022
27666
27683
30758
-18401
100
-29536
-25309
27259
10153
-8378
-12239
-23243
-10071
17523
26194
-7827
3173
-16529
8559
-4413
-32402
21627
-24194
5502
673
25460
-22807
-1096
13220
-13656
27920
-14666
-16672
12674
2260
-4483
19073
10748
2683
17790
1664
-16778
18302
21888
5504
30328
-26646
17323
7819
-1924
6164
-1500
6696
-8414
14694
19362
-31963
15483
18347
-8887
-2509
-22986
675
-27531
4188
25968
-19098
-4241
20849
20678
-11154
-18309
-17538
-6787
9365
10355
28899
18345
7059
17824
-13040
-24396
21209
-22919
12488
-651
17779
-24325
-13445
-31362
-385
25462
-24194
12928
21888
26735
-7699
29878
18068
-12426
5142
-26329
7464
10019
19557
2973
-8412
15996
19879
327
-4046
-10952
-3421
-6284
83
-11926
-9885
7278
1132
14009
31087
1660
-23938
-31619
-25946
-17292
-6164
22974
-13911
-21331
-20211
-25670
3554
25472
15834
-5505
24704
23036
12412
22910
-7553
14454
-7042
6016
-12161
18038
-21522
-14941
12689
-13446
-9705
-7640
21547
23335
-24727
15269
-4823
-12166
-30544
9551
12344
-28612
31898
-18055
9312
-19601
-21651
9840
-3474
6862
-20625
-8837
-26754
-32131
27309
18548
-19
-8510
23215
25524
-11253
6332
-8218
9090
-30245
23680
17283
27388
26748
-27522
-22145
12918
2431
896
-15489
-4489
12528
18332
24212
-26245
-11239
-10966
4653
-5077
-23188
28071
22829
-23942
-21069
8019
-31685
11839
-12909
-29573
-30616
-13456
1138
-19855
25971
7123
-9617
2940
28030
16253
-17490
10869
15087
-24381
1456
16566
8459
-32067
-8988
-898
-5155
-24703
-2688
28924
-23940
16510
-7809
10614
-10626
20352
-4737
-12687
-16911
-23910
-4459
-7561
-15845
-8148
-16595
13357
-21139
-11097
11310
-11654
-28747
19028
28988
8768
3217
14973
-28827
-2451
-4748
23666
25199
-9259
368
-17285
-22402
13181
18100
-20108
-9746
-29241
8373
-23621
29193
-28993
31208
22658
-30496
-15231
24963
30204
23677
-21122
12416
-5259
12671
20096
-14465
-10121
-13070
-16238
7833
-2182
15133
24110
-15824
306
30831
2728
24370
13690
-12106
20056
1089
14150
-17271
895
5485
25201
-21385
31601
4977
15576
-20624
12924
-6018
-11652
26807
-10892
7920
-18487
-11594
-13636
27400
-22592
20971
-18045
-18975
-23934
9604
31484
-12931
-22402
16000
15989
9855
9856
-14977
24952
-6669
-15475
13468
10363
-15330
6192
11058
20789
26737
25513
24373
10618
1977
-25254
-21182
-9144
-16508
29824
-19598
-8335
-26246
19826
25202
-1830
-20880
-12421
-2946
-27780
11192
-3980
29424
-15926
-24648
17854
-8185
5826
-23575
-23936
27364
-14973
-15998
32764
-8323
-12418
4480
27509
17535
-2689
-6017
7029
12789
13196
-21602
32632
-3808
-8911
-7629
3127
19570
-31319
-3018
9338
11450
-19876
-20924
6474
-9855
12162
2417
29040
-21378
21363
-18574
15070
-19088
9596
-14978
19836
-19524
-13196
11249
9934
-30276
-25408
-21498
1220
-21523
14980
7397
-31869
-27516
-32260
17790
-11138
15232
19061
27775
-2689
-9345
-132
1526
2181
26274
3196
-9182
-8910
-29897
15931
-21132
3499
23611
30841
9916
-16288
-5560
13389
-16262
23172
-6021
3445
3712
-22158
11380
-17697
14961
7548
4735
2684
31423
-12428
-12302
-23856
7871
19395
5126
31173
25839
-16508
24550
20612
-5756
-31748
-20354
-11394
11392
27509
26495
-9857
-8321
-10632
4343
-22656
-5211
22138
-12507
-10699
22327
9534
29302
7084
4413
-31879
27071
6499
-26550
-6321
-6794
14982
-21890
-15758
21379
-18061
-2702
-31774
30321
6268
-6018
7036
22209
1653
-18702
21457
-24640
-30778
31749
-25658
11758
-4477
-13337
-15740
31876
-31748
-3970
28287
8064
3445
28543
-6017
-25729
25463
-22537
-15491
-14938
-22663
2342
-2250
22584
9024
24694
21677
-25026
-15239
-21826
5220
-32436
-3757
-24718
24199
30588
12914
3462
-8077
-21389
32740
-16015
-25476
-8578
-19589
-2377
-21392
8427
21958
-18511
15551
-12283
-29502
32494
16511
32223
25977
-32135
29180
-18561
3711
22144
11637
32383
-24961
-26753
7799
-5128
-23929
27828
-26251
2086
-2507
-6599
-7103
6257
-9574
5945
25463
-11848
16475
834
-21684
-1420
24708
-18819
22126
122
-15513
-30106
-3882
17778
19580
-13954
-14981
27592
31605
-12045
13783
9416
29132
20484
-10808
5618
15750
-18710
12934
27783
-29188
-31617
18815
18048
-12940
-22145
28543
-28545
14969
-4104
-23950
-32084
-31622
-7637
30011
1084
-15289
-10117
24239
14661
-7303
-30013
19307
23122
19799
-20632
-16502
-6777
18036
4749
-28810
15478
-29464
-5519
-28548
-4482
11643
11466
-15243
-9997
-31016
3017
-7730
-9469
23754
4082
5254
-19989
-4987
-31610
-29188
28544
31359
22144
-22668
-15745
-24193
-28545
-27527
32761
-17810
-29266
-1671
-29650
-196
11326
5707
3197
28079
27975
-6791
21444
23661
5972
-25767
-413
30860
8329
-17804
13967
22134
-23946
12522
-5262
-19332
-642
7547
27853
5237
29427
28890
22475
-12850
27651
27595
-1548
23689
-23828
3205
-8055
-29444
-32384
8831
16256
23668
-641
-22657
16255
-5508
-8455
22120
-16208
19580
-8913
-27330
19521
-31921
895
-15440
19276
-17543
-24123
-10128
-8105
16989
2655
3726
-16238
2167
-23407
-7562
23929
24043
-13454
8572
-898
-18054
26318
-8076
1781
-13350
1741
-16431
21507
-15669
-5389
-14203
15853
22916
-10874
-29700
-23424
20095
21120
31348
-21633
21631
18815
-10891
29434
-21656
22963
19576
29747
12353
-10944
-4016
21632
11186
28748
6011
17352
-23951
5465
-32418
-13219
2447
32142
24435
-8301
-4745
19318
-11284
-910
-29316
-1410
-7302
8399
884
-6924
29403
-12083
6355
-1534
11980
24820
-30587
12269
25219
-22908
-29956
10369
30079
16768
26740
5248
15743
28543
-23686
-21766
-21915
20405
-20615
-13260
19522
-2749
21332
-6271
-27982
15183
-10630
-13369
-7309
27739
-24992
-11688
17808
32402
18806
32149
-16777
-18825
-6419
22131
-25732
-386
-22662
15820
10094
3317
-28710
-15157
26831
18947
-22324
32757
1157
-11797
23679
17793
-30212
25217
-15489
-27008
17780
19328
29823
15743
10103
-6
-4502
-14915
-26762
19250
-5825
-10177
-24238
-9347
-21843
17739
-5772
-7225
-30607
31064
24413
15965
-19825
26261
10099
-26992
2160
-10384
22509
32627
-11652
22143
-27782
9166
28271
502
7388
22990
-11309
7683
-3635
16628
-13951
-11283
-12415
1408
-30212
-30591
-9089
27008
14708
13184
-3458
25215
-19088
25083
-32663
-6210
10867
21557
-26815
5439
5461
30846
-27219
15692
-11661
4810
-6798
25434
-27808
-2214
7569
21905
30831
-29549
2672
-32403
-12818
-24461
-2948
8319
19578
-24623
-10129
-30987
-24610
17874
12758
-18430
-1842
246
22661
-19729
-22141
3974
-30212
4482
-1665
-29312
1140
8576
19583
20351
-25994
-28677
-31391
25280
19830
-5066
-25278
-7615
23385
6784
31405
31568
11635
18635
32118
-4259
-13726
-4524
14226
-27496
31091
-20586
-7824
10609
-24337
17524
-1668
12415
12154
5078
19568
24823
19425
-12844
-31016
32002
19664
28151
-8058
-6928
-32636
-9082
-29956
25218
-18561
-23680
5492
-17280
21631
5247
-28297
-13317
-25253
7362
-1162
13369
-2493
23874
28254
-22911
28590
-21165
-398
9934
17273
-31136
28774
-19888
-5741
29086
-10381
-3175
-28303
-20623
-10512
22644
-13444
22911
12410
-22827
4977
25336
-9503
20949
13272
25090
-27951
-3338
17540
21746
-15228
24195
-30212
-12158
-14209
-27264
-3469
-21888
4991
12671
-19596
4604
-21158
-10557
-908
-21956
6214
15684
-8865
30339
-21585
-26796
27763
-21808
27003
-27294
23143
-28594
31893
12445
2163
10398
3955
18546
16114
-16268
-9604
13695
634
13018
15985
13048
-19740
-24872
27611
6914
10962
-18440
8584
-6670
-23931
20615
-29188
2691
2176
-24960
-7053
-18048
14207
9343
24189
8188
-20399
19652
-4232
3390
4935
-14009
12646
-6523
18865
-13478
-398
-21296
-3969
15463
29291
-30905
-106
5543
31352
-8288
-11660
-8586
16627
-3724
7293
15999
-10631
12508
-22927
-4872
-27
-27686
-26147
2050
-13357
2041
-21624
-28941
-8571
-24698
-28932
23171
-129
-27008
-16781
-22400
4991
2943
15481
19964
-22449
-26682
23671
23361
-22967
2121
9322
10887
-16719
15198
-22925
13267
-26238
-1943
-8337
18245
-8040
-2649
23414
9891
-1164
-14220
-5133
4981
2429
15231
-22919
28125
1906
-5128
3815
13531
-21282
-5887
-11308
-2312
-28793
-1548
32134
-17274
-28932
26243
6016
-26496
-22669
-7552
16255
-9602
30328
31740
1356
12744
-26506
7750
31820
30795
-19348
-13943
-26189
22112
30068
11220
13445
-6037
-24207
-11200
-26214
937
26486
10920
-23178
12406
25589
16245
6269
18815
28793
-3103
9073
-1032
17641
31455
20194
-14591
9942
-21254
-8309
-25099
647
-3958
-29188
16772
29056
-2944
-22157
11905
6015
-9602
21119
-28420
13124
13258
-9094
-14520
-22962
8271
17781
-29044
21685
31591
-16524
8662
-20087
19313
-25994
-22982
-7780
2484
27514
-19030
3447
9338
10230
-5515
27517
-25985
27769
-15902
-16527
-15367
31466
-13600
-9245
-16639
-16426
-29446
-32375
15862
11399
19592
-29444
16260
25216
-12928
-32653
-7296
17023
-9090
13434
-20484
-5310
19660
29815
3149
-10927
4432
-30346
3470
20919
-3224
-26507
15064
14732
25203
24696
-29384
6046
8883
-31113
-5971
32375
-19081
10231
-12939
18813
29055
19065
28900
14194
-17159
28907
22241
12516
-19967
-28713
-22278
25737
32503
27016
8841
-29444
-15228
-31616
-10112
18291
-1664
-6274
383
28026
-15364
27966
17614
14711
-14767
-22956
-4013
-13446
-16753
-5450
19309
10870
30169
11663
-5515
7291
-27596
1952
11957
32632
13745
9592
-16265
-23049
32118
28541
32127
-6536
-1305
-32143
-6151
21229
13541
-17433
-22783
-3112
-18693
-10356
-28937
-18041
18059
-29188
14469
-30848
-8832
18035
16257
15999
-12674
15229
-11524
-10952
18128
-1928
23636
-30634
6998
-7039
18834
28345
-9614
27509
4059
-10862
-28294
7040
3632
6818
-12867
18042
-26957
25464
-12423
24312
-20106
27773
22399
-18312
17384
10866
27642
3822
-11547
-5400
-23295
-5159
25339
15242
14584
13704
4489
-28932
4741
-24192
4993
19571
16769
639
-9602
22134
-7428
24120
-303
-8844
345
-20135
7767
-15485
-2158
26297
14452
10870
32733
-14188
7548
13954
-12498
23203
-21318
12662
20662
-28039
-9865
-12296
-19850
-29571
-7553
-12936
26858
-24974
15610
24303
-5657
-21526
-25087
30682
-10245
31883
-13576
17546
20363
-28932
-7035
-29568
1921
5235
-18303
1919
-24450
-2437
-5636
-30670
15827
27511
13659
-23461
-14246
19082
-17004
6842
-19335
-22667
6621
-10344
17281
-31609
-29655
-8796
4032
8314
-17992
-16263
-15239
23545
27255
29821
-20353
23160
6892
6515
-22022
-6928
14570
-26133
-25855
18652
29948
-19827
11001
9355
10893
-28420
-28794
-29312
-11392
25459
-15743
-18306
-32642
20861
-3844
-26578
10198
-5001
21343
13662
-1956
-21874
23703
16571
11133
-3723
-29729
-26212
13445
25481
-30170
18855
-11834
31355
18107
27770
19579
-9479
-649
28029
32639
-29320
-17940
23923
2811
-21007
-29974
26092
-26111
16861
13564
1674
9466
-22900
6028
-27140
18566
-29312
-3712
-5006
-32127
-14466
-22914
-1417
-2308
26157
10199
8308
11620
10593
-15522
26769
-15720
29116
-9857
-13963
22497
26015
12423
-8564
-25052
-5976
27332
-9864
4800
19323
-11400
30458
-17545
-31363
-25217
-649
-7954
-17037
-15110
-19214
-25620
14062
-26623
-2339
-22020
-32115
-26118
1933
-31090
-27396
5767
-5504
-4480
115
-31103
-7042
-18562
10110
-1540
-16601
1497
-12169
-11930
17507
11875
-14440
-8038
5821
24966
-19083
11233
5539
21388
-111
3872
-30550
-11830
-20356
-12094
3965
-32386
-10758
-31368
-11395
-22145
888
19952
-20621
-6
-5901
-13843
18671
-26879
2527
-3332
-18802
-15366
9101
10127
-27908
12935
-16000
7809
-13198
-14207
-21378
-28290
17790
-772
2853
-23845
-23177
17003
2150
-16540
20892
-8804
1470
-8823
-11403
9699
-13658
-2418
-13676
-12259
19372
-10034
12925
-1084
30077
-18306
5371
-30856
-30083
-11393
-18825
12272
32116
-17414
-5133
-24850
20208
-26623
9439
-13828
-1397
7675
-10867
-16244
-27652
16007
-6272
13441
-12174
-4735
-32642
-31106
-7557
-516
26915
13788
-9611
-23698
-26776
-25243
21149
14750
-14659
-9847
28022
25570
11687
-3185
24469
-9189
-27987
-7732
-23684
8903
-18051
-19844
18683
-28296
-18819
-21633
-28809
-2062
-25741
-12550
19957
-25360
19442
-26623
22752
17661
-31601
-32005
32654
16529
-26372
6792
12673
17537
23922
5250
-23170
22910
4228
-260
-1507
21727
-31367
-28303
2922
-18584
-4701
-30816
-12098
-1392
-25227
-26909
-25429
1685
-5222
-19689
-19025
28629
-19839
-29751
-16003
2433
32507
5753
-1667
-5505
8311
24564
-26253
13051
31222
-16142
-8205
-26879
21986
24317
29071
8444
-29810
-3696
-24836
-120
28033
27521
24690
11138
-28290
29310
25727
-4
16412
-31518
119
-13448
7534
-32405
-7510
931
-32320
11414
-12939
10727
20144
-28262
-11361
13590
28082
-22057
-17794
-5170
14719
-12416
-11013
-27527
3966
2944
-6282
-26379
-26253
30459
31735
-3853
-18444
-26623
-3357
30717
-25970
-29700
-16498
-25969
-24068
-29303
14465
18817
10610
25986
22910
29566
-11907
253
-13031
7909
23925
19840
-142
31598
26032
23461
-5951
15771
-18571
-15895
9909
-6754
11172
-30445
9653
-30246
-6274
31955
-13441
28032
6908
-12679
-6531
-6017
-26506
-3593
7283
-27909
-15368
13046
1527
-26623
5605
-19971
-19309
-18436
10894
-7022
-23812
-25718
-27519
21633
-17807
-5502
19326
11902
26244
253
-21227
12008
-1928
-23932
-15499
25971
29881
7336
8130
1189
-2700
19948
-13893
31654
-21588
29456
3511
-5662
-26750
23765
8063
31107
15612
-6535
8062
-11905
12918
21752
5747
-32261
-8
-21258
32247
-26879
-24347
-19459
-15472
-8964
20876
11918
-23556
-7798
-19583
16769
-7823
-14974
25214
13438
7807
253
7956
15850
-13707
-28790
8570
-1420
1979
13738
-24381
7847
-2955
-16915
29117
-23640
-9298
6927
185
-7454
1664
9176
-27264
-23934
22268
-8071
4990
-15745
17270
-11784
4979
10235
19193
-10250
3576
-26879
-22811
-18947
6800
3325
-17779
27279
-23812
24203
-10367
-32383
-25999
-3454
-899
3966
-26241
253
11282
28394
-22155
399
-22148
-28041
24510
-26453
-8508
-14423
-15243
23789
-24129
-8535
32176
15373
-16198
29156
-5760
-11302
-18815
23939
26364
24698
14462
-4737
-13451
23800
-32146
-1030
-4104
-17418
-16137
-26623
-5915
-16131
31122
28156
-15993
22667
-22276
652
-5247
27265
-13455
20099
14974
-14723
17535
509
-10734
495
-17292
-8562
-28293
21110
25534
-3927
-29760
-18776
18545
17133
5566
30122
9393
13
7355
14055
25984
-11052
32635
-1411
26876
-16518
14462
-4481
-11147
-21768
30574
-7942
20729
-27913
13304
-26623
-4635
-18179
-26994
-6148
9610
-18548
-22276
-21876
-9343
32385
-28303
16259
14974
-10371
-11401
765
11538
14320
-15504
-30829
384
8055
-5440
8876
18112
21674
-22671
-5138
-21568
-24403
6835
7692
-11332
25573
29564
-17959
-28804
31867
30972
6267
6782
-7809
25205
-15367
622
29946
-7175
29944
17913
-26623
-25371
-15619
13967
4349
-32629
-9075
-21764
8845
4994
8577
-25231
-32381
2942
4734
17021
765
12559
1777
-21902
-26730
1154
-28037
26824
-27987
-2369
-31567
-10128
3567
-11068
-30542
-4167
2826
11966
-20760
4480
-16677
27517
17278
-32260
-25989
21118
-15489
9589
26874
-25491
31994
20474
-8968
9977
-26879
-17177
-13315
14481
14333
-9590
-31345
-21764
9614
9858
-13695
31601
-19325
126
1406
2174
765
5646
18163
-25742
-5477
2182
-16002
27596
-2897
-13887
18870
23664
-21519
9416
17077
-27206
4873
961
-27668
3713
21470
-11396
-1922
-29700
22396
25470
18816
-4236
-15880
-1680
-30481
18424
6390
16887
-26623
14815
-21507
21390
23036
-17012
13965
-20996
-23154
22402
-28799
32369
2180
-2691
382
-2951
765
22538
21484
-29840
3219
-16508
12159
-31806
23723
-19273
-30546
22898
23522
10943
-13906
17845
-22778
-23108
29668
22143
6871
-23938
-18051
28924
-29828
17534
-4737
-24716
32251
-30099
10746
1787
27130
32250
-26879
10217
-12803
6288
31229
-13173
-18802
-21252
8335
32386
-32383
-16527
16772
-20099
1406
-5507
765
-24565
15093
28529
-28762
24973
20613
15829
10164
-22078
-16961
-11153
-269
-9010
-31298
-27197
-8954
4293
-6417
-27263
30179
-17283
5503
-27396
29565
-22146
3200
-14732
-15365
-25236
4090
15867
-13574
4859
-26879
-11287
-12547
-32623
-31235
6796
9870
-22020
-20081
-27774
28801
-23951
20100
-3715
5502
-26755
1021
-19190
12022
-2960
1194
912
-3194
13015
-4428
-14142
-12607
-2706
-22540
-6192
-5184
27847
23558
23238
-11280
23425
-11548
12157
-30082
-27908
-387
-20866
-7041
32628
-4101
877
-9991
27387
2043
15867
-26879
7145
-12547
20622
-24835
10381
-22387
-22788
-8305
26242
-28543
-15503
7556
-20099
-9859
2427
1021
-7927
31222
17775
174
-4205
-22648
8921
19894
-20286
4292
15215
1013
13267
-12862
24265
-25595
13511
27632
22144
22247
1406
-5506
-28420
14718
-23170
9088
22900
26364
-13972
20473
-21765
-20229
-29957
-26879
8426
-12291
8338
-24323
-23667
16528
-23300
-17008
-20862
-21119
-8591
-8572
7806
-11139
-20350
765
23816
19447
-1934
-30800
26517
27021
-3364
-30280
15555
12745
25710
19701
-27690
3272
6604
-20732
21449
6132
15493
26856
15486
3714
-28676
17023
-4226
14208
24436
-27908
12910
30457
-10501
-5381
-4613
-27135
20203
-12291
21139
-20227
-16497
29330
-23556
-12400
-9086
-1407
-26255
-23676
-5251
-15235
-1667
1021
17160
-265
-144
-23115
-3432
-18803
-290
-15687
19651
15819
-20627
25079
-17704
-28727
-6705
-27644
11723
18420
-30334
30954
14206
-4481
-28932
3455
1663
26752
5748
-17412
-14994
17145
508
22012
1276
-27135
29163
-12035
-5486
-16899
32657
31891
-21764
12945
-8318
-3967
27249
133
638
-24451
-19587
1021
29191
23544
25200
22971
-16995
8592
-8992
22459
31683
-20019
5229
-13065
23259
-28211
31185
772
29900
-8716
-6270
-18964
8832
5761
-27140
-18817
7551
30592
27763
