-32547
26371
-7194
-11139
1788
-2052
-9476
30204
-12067
-14690
-19715
-15748
29887
-11014
11773
-23812
-27135
17366
-13316
-22884
-32008
-32098
13727
-23819
11677
-21883
12162
14456
-32633
5501
-18820
910
509
23555
31995
20600
-23045
-28680
756
24828
24552
16833
-25091
30067
-17935
-19716
27389
10493
-27135
13290
-17445
26371
10983
7041
508
-6148
-15620
29180
-21027
1438
-19715
-25476
-15171
-27910
8701
-26884
-27135
-2859
-8196
4256
-25097
21148
-11874
23029
24477
-28795
6530
22648
-30073
30589
-3204
-12139
253
23299
32251
-8324
-22789
-21256
-23819
23804
-28439
7618
-22275
9587
21745
-15876
-32259
13053
-27391
21738
-6951
26627
-21530
-16000
-517
-11780
-12036
28668
6877
926
-19971
7037
2494
32762
7677
-17156
-26879
-7724
-8452
-30562
-5642
-14437
12446
-20748
15261
-24443
13442
15224
26759
25469
-6020
31377
-4
23555
29179
-24198
-20485
8441
10485
23292
-21015
21954
-22019
31604
6897
-14084
-30723
18685
-27391
-18710
9433
27395
-20763
-16002
-1285
-13316
-21508
28156
-16164
24476
-20995
12157
-23108
18170
-1796
-31236
-26367
-557
-27396
17309
-8202
-101
1438
26356
-3428
-11899
12930
20600
9607
10109
-1156
7312
-4
23299
22523
-3463
-19461
21753
14069
22780
3562
22466
-22019
26484
-784
-12036
-29443
19709
-27391
21226
-4394
27651
28133
-7038
-2309
-17924
-23044
27388
25308
-32101
-20739
-28548
-9542
9722
-3588
29692
-26367
-3629
-25092
31905
25334
12443
-18784
-20493
25757
-21627
18050
-27016
22919
10365
8573
-15723
-772
23299
22267
-27523
-19205
31481
-29450
22268
-23575
961
-20483
21876
-31249
-9988
-25091
22013
-27391
28138
-5420
28163
31460
12160
-3077
-19972
-27908
26876
-16165
-29797
-21507
13181
25274
-3847
-4356
-28676
-25855
7123
-24836
2462
-12811
6555
-31330
2035
25757
-18555
24962
-27528
11143
9853
-12676
31376
-1028
23555
18171
21626
-17413
-1287
-12811
21756
-6167
14785
-20995
12917
-13841
-9732
-26115
24061
-27391
28394
31699
29699
-25117
-17026
-4101
-24836
25852
26876
-23078
-15207
-22275
-9092
8121
-21511
-10500
28924
-24319
-7727
16124
30620
-28171
8602
31133
13042
31645
-15483
31362
-12424
-20345
21629
-3972
3985
-1540
23299
14075
2426
-17413
-4871
-11530
21500
-17686
8385
-19459
-18059
20463
-7428
-21763
27645
-27391
9706
-20528
28675
-24860
-17024
-4613
-32004
31740
26364
-15658
31890
-23299
-31623
16823
15609
-27140
11004
-24575
19920
32252
-30819
17652
-8042
-31846
20210
16029
-22139
22146
-13448
25223
-1924
-20612
-29551
-2820
23043
21243
27769
-16389
5114
26359
21244
-13082
-2887
-20995
17010
-1043
-7428
-29955
26365
-27647
-20760
28367
31235
21219
-18819
-5637
30204
8444
25852
26838
17556
-26371
29305
27574
505
26620
4092
-20991
-31537
1020
28570
13043
2455
-14696
-5392
3741
-29819
14466
-4744
25223
8061
-17028
-29816
-3332
23555
10747
23925
-17157
-519
-11789
20732
-8474
-8773
-20995
-13966
29421
-5892
-25091
27133
-27135
15848
-18995
-32765
-8990
29821
-6405
26108
-10501
25340
-300
20627
-31235
23929
18100
-27656
5372
21755
-18943
23503
-19205
-10086
-7950
9878
24472
17904
10397
-21371
31874
11385
-30841
16253
-9860
910
-4612
23555
8955
-19337
-17413
-5895
22261
20220
-2330
-7238
-19971
3442
14060
-4868
-21763
29437
-27135
-4121
31690
31747
-16926
-3970
-7685
16124
-14341
24828
18133
6290
-31491
-27016
17076
21752
3836
29947
-19455
17614
-8965
-17509
-2063
31893
20120
23535
-6244
27525
-21118
-2184
-21625
-4228
-16772
-25714
-6916
23555
9211
8056
-16645
7162
26613
19708
-1305
-14406
-19459
-19599
20460
-4356
-20227
28669
-27135
6632
-32568
-30205
15329
-15238
-8453
15100
15611
24572
26836
-9328
31485
15225
-23373
-12809
-6405
22523
-14591
10701
25595
14487
28145
21909
12181
20718
12445
-27515
30594
-2440
-31865
3197
-17540
1673
-8708
23555
251
-22412
-15365
-32518
12789
19196
23271
-22599
-19203
5234
-25109
-4100
-20227
31229
-27135
-12569
-26939
-27645
20960
29821
-9477
3324
32507
24316
-14381
13455
30461
-14216
-1872
-22025
-12037
24315
-11519
-20532
6139
27290
26608
6805
-2153
-4116
22941
-14715
-30078
31353
-13689
10365
-3460
-28786
-12292
23555
-4614
-24457
-15621
32762
6135
19196
-8217
-11080
-18435
26993
-3094
-3076
-16387
-32003
-27135
-4377
-22334
-26877
29407
12670
-9989
-7173
5883
23804
29907
6287
26365
29560
17840
15607
31739
-6406
-9215
-309
14075
-3942
-18704
27285
21912
-6933
5277
-23163
-27774
31353
27271
13181
-1156
14734
-16132
23555
-7174
-24969
-14341
-14342
19190
18940
16359
14008
-18435
-18319
16618
-2820
-17155
-32259
-27135
-32537
22976
-19197
-19235
4475
-10501
-12293
-8198
23548
-1327
17805
23037
-3720
-20818
-23562
19707
-14342
258
-22582
14074
-9577
-17681
-30315
-6763
-15382
8093
-11387
-30590
-27783
20359
11645
-20868
16011
-19716
23555
-17926
-5515
-13829
1275
-15114
19196
-2074
-31561
-18435
-12943
1513
-2308
-15619
-30723
-26879
2023
-30276
-16637
22492
18558
-12549
-25605
-6406
23548
24529
31884
22525
-25992
-18004
24822
15355
-26630
3842
-26935
20730
-18790
-12050
-28267
-9576
28649
27549
-12923
14978
-12679
23943
15485
-20612
23187
-26884
23555
-27654
-22919
-13573
251
17400
19196
-28185
22711
-18179
15217
3560
-1796
-14339
-29955
-27135
-11546
30648
-13309
-4135
11135
-11269
-30469
-5638
23548
7120
6027
25853
-1160
-21077
29430
23291
-3078
10754
5577
31226
-18022
16879
1174
1689
-6680
11677
-6523
21634
-135
-25209
21885
-4740
28301
29436
23555
25594
18807
-12805
15099
-2314
19196
-28442
-20299
-18435
28017
-1561
-1540
-14339
-30211
-27135
-25626
3766
-4861
-3367
32636
-13317
24315
-26118
23292
4302
24455
14589
-26504
14761
7669
-28934
3066
24322
11975
25593
-16745
8941
10644
-23660
-32537
-100
-7035
27778
-391
-32121
22909
10365
-16502
23548
23299
26362
9589
-12293
20219
-31497
19452
18148
-4176
-18435
23152
29413
-1028
-16131
-29187
-27391
-5916
-1359
-1789
17111
-11390
-13573
27899
11771
22524
-17201
-27766
14077
29305
-18264
502
-14086
-14343
27906
18632
-22023
7327
-5395
-17513
19869
-19483
13213
-13691
25986
1658
-10361
29821
-7556
-10095
11260
23555
-775
-22406
-11781
28667
21752
19452
2790
-31052
-18179
-18832
-11035
-4
-13059
-27907
-27391
-5659
28334
8964
6613
13184
-14853
16379
-9478
22012
-28721
24970
9725
20602
-27225
24821
-28934
-7943
-20222
-8762
9977
23195
2541
-29032
23707
4067
-14948
-9851
23426
21370
-12409
25213
9597
25484
-773
23555
-24839
30071
-11525
-21765
22519
19452
-26907
32692
-18435
-28559
-5148
-260
-13059
-27395
-27391
-28699
-4950
25092
21459
10368
-16901
11515
-24070
20476
-28722
29833
-4
-14981
16038
-16396
9978
12537
-766
23238
20472
21659
-4629
-31336
-13671
32225
2205
-13179
20610
26234
23175
30589
-3972
23181
-14085
23555
18937
1912
-11269
-11013
-19464
19452
15845
-27982
-18179
-3984
-16413
-516
-12291
-26627
-27391
8165
12966
26628
11730
-20861
-19461
-8454
-18182
19964
-15922
10633
2557
-18053
27556
-25612
14330
17657
4355
-26427
-15112
22686
-14870
-13928
-23651
29406
-7780
-27771
19842
-27526
-26745
25213
-16004
9616
30971
23811
9465
-9095
-11013
-6917
-2056
19196
-17947
10162
-18179
-21392
-9758
-772
-12291
-26627
-27391
10981
4003
-19964
32720
-22656
-19717
-10246
24570
17916
31181
-10872
-8964
-3716
18339
-8973
-13063
-12040
32259
29124
-26121
2715
-7959
31385
8091
-14884
-17252
-8315
13698
-8838
11143
21373
14461
-22136
15611
23811
-11784
-11147
-10757
13564
24568
18940
20197
-13648
-18179
-2191
-7198
-1540
-12035
-26371
-27135
27364
-16737
-4604
-14386
-6016
-23301
-29446
6906
17148
16333
-28281
-12036
-2180
19873
5619
-25863
-5384
-15869
-25661
-20234
-17509
-11800
-18023
28060
-7462
-14180
-11643
6530
3451
29319
14461
-5508
6030
-2310
23811
-29704
-10376
-10245
11772
28665
18940
-31259
-23376
-18179
28273
19937
-2564
-12035
-26115
-27391
-20508
27547
-4348
-15923
-17534
-24581
26106
-13575
14076
-14132
27784
-25092
32381
-9568
-29966
505
1784
-8189
-17726
5367
157
-12057
1177
30107
-1832
27036
-5499
18818
8315
-26489
23421
13181
3472
-28166
23811
23544
122
-9733
23292
-25351
18940
24805
9904
-18179
-19087
-26912
-2564
-12035
-25859
-27135
10980
-12648
26117
-15925
-17794
-24837
14074
14329
11260
-10037
24455
29180
-6018
-5217
-22543
23544
30711
30468
-1600
28149
20888
28647
5274
-1128
-32042
29596
-17531
-1151
8827
8583
-28547
9853
-10614
20474
23811
-2825
3959
-9221
25340
-11783
19196
-2332
29359
-18179
-17294
-22305
-3844
-12035
-25603
-27391
12771
27028
-17915
17610
31873
-28165
-3591
-1032
8188
30411
-11642
19452
-6274
19357
7921
10744
-19210
-10236
31936
2037
4252
-24603
19097
11419
980
-25956
-24699
17026
8827
25479
27005
3965
-26991
-11527
23811
-18185
19834
-8709
28668
31482
19452
-13339
-6993
-18179
-3726
-13602
-4100
-12291
-25859
-27391
27619
-624
27653
17610
5505
32763
-30983
-7944
6908
10440
-22655
3836
893
-1638
-32273
503
3574
-9212
28863
245
-29030
-21021
-2922
21912
-28462
-29796
-5499
9858
19067
23943
-30083
22909
13455
27897
23555
-7177
-15496
-7685
31740
-24582
19708
-15645
23211
-18179
20850
-20772
-6404
-12803
-25859
-27647
-2846
-21618
20230
-31802
-21121
-32517
-29959
-22792
3324
-31030
2694
4348
-1665
-24677
-2577
-26889
27382
-17915
-8514
11251
-17767
6629
666
19353
-9520
30108
32389
27522
31867
29831
14461
17789
-17010
7673
23811
-5130
-31879
-7429
-22788
1275
19964
-12314
26289
-18179
29557
-10019
-4356
-12291
-25091
-27391
12515
-23926
22278
18629
-18558
28923
12025
-22024
-1029
17354
13958
-2309
-29313
-24679
-13329
26615
-2059
-16891
-30530
-30477
-17252
-9245
-359
13980
6862
-20068
-25211
14722
-21893
-17017
9341
12925
-17514
-29192
23811
-23818
-31875
-7685
-23300
30971
19708
26087
32177
-18179
5237
-24868
-4868
-12291
-25603
-27391
-19997
-21369
-30458
4292
5251
26619
-8
-31240
-2309
27337
-636
-6149
-18305
-28519
24047
9719
-17163
12038
-20291
16115
-3429
2019
20890
-10340
19660
5532
-25467
11394
-17541
31111
-31619
9341
17297
7416
23811
19702
26491
-7173
-15620
19707
19708
-12058
-25936
-18179
-24715
26588
-5636
-12291
-26627
-27391
5347
23685
-31737
-19519
-18047
25851
-5128
-16905
-7685
-31032
1156
-10245
17025
-19050
-23570
-9482
-29451
1543
-8004
-29455
-22373
-12062
7323
6556
-6454
-3173
-17275
7042
-1669
22919
25213
9341
25744
-16905
23811
-8971
-10374
-7173
-8452
-7685
19708
-29722
-27473
-18179
-906
31963
-7940
-12547
-26883
-27647
-29470
31873
-27385
15296
-20090
20219
-31240
23288
-9221
-12600
24452
-9733
4993
-1388
-4370
12279
-18955
9223
29628
23026
4512
7905
12955
4256
8904
2204
32389
26242
1148
25479
25469
26493
2454
5623
24067
-30987
-19330
-6917
-5380
17916
19964
7655
29104
-18179
-18314
-24870
-7684
-12547
-26883
-27647
-15902
30847
-11000
27838
-10365
26107
-9992
-15112
-12037
5833
11397
-8709
29315
-28780
-10770
-2826
17910
25096
-20805
1265
-17507
30433
-5732
22687
12229
-2405
-29819
-1151
13948
1671
-23683
10365
-17263
-18442
24067
-26380
9852
-6405
-2052
8956
19964
26855
-16208
-18179
-24712
12506
-7428
-12291
-27139
-27647
-19230
-7042
-16887
-21827
5507
24059
-12808
25336
-21765
-24120
-3197
31739
-12669
-28525
4590
8182
-26636
8201
6331
28911
-26212
1505
9117
29855
-9277
-2661
-31867
15234
7804
7047
22653
5245
-9070
-25610
24323
17396
-22916
-6661
-772
18684
19964
-10778
688
-17923
-23432
-10024
-9220
-12803
-28931
-27391
29410
25466
-22519
-22852
31110
14331
23288
21496
-23301
-57
10116
-30469
22147
4754
-23315
21750
-24588
18185
7098
-15632
21407
-10786
29852
-12384
-19520
-20837
-29307
5250
14460
2951
-29827
12413
22933
-17163
24067
-8205
14462
-6661
-260
32764
19452
6119
-6225
-18179
22648
-28456
-11268
-12803
-29955
-27647
-17183
25976
-28662
3771
31875
10491
3832
-27657
30715
-1594
14979
-518
-28540
16529
12012
28149
-4621
24074
-8264
-25362
-8037
23005
-7781
10397
-9027
23963
-30587
-895
25980
20103
-25219
12669
-18803
20981
24323
7923
-27526
-6149
765
21756
19708
28646
-9298
-18179
-12167
-12329
-14340
-13059
-31235
-27391
-13344
-24203
-13047
13244
-6527
-3334
32503
6903
16379
-11326
-29831
15098
-128
-7794
-11543
-13581
13042
-1015
-18762
-3092
10650
-25895
-13417
17815
-1860
-14437
22149
3202
-29572
22151
32637
3453
12177
-17420
24323
-6157
15227
-5381
253
-20996
19964
-4125
17062
-18179
-31626
-15146
-20740
-14339
-32259
-27647
4575
-1933
8459
-9798
900
-7942
-3338
-17674
22779
19141
-25472
-20742
20867
-11889
-21782
22516
-30733
7435
27063
2030
25500
26073
-32104
31643
6586
-29541
21381
-8063
-30340
23943
-25219
25469
21909
22516
24323
5363
11390
-4869
2813
-17668
19708
31207
29615
-18179
20090
-22570
-18180
-14083
-30979
-27647
8417
11891
18444
-12359
-16001
-5382
-1034
3317
4091
6340
6016
-3335
-15229
-31602
12265
9459
-30223
14860
20662
-1558
-25193
-10535
-871
29848
17592
11419
28805
13698
-22916
10631
-11907
9597
-13681
10484
24323
-21262
28282
-4613
3325
-19204
19708
-14618
-11603
-18179
-7046
6869
-24836
-15619
30973
-27647
32224
19311
32524
28600
-19326
-18438
14582
13301
-2566
16835
-5506
-6407
23939
-26485
-20504
10483
1265
30220
7605
-278
-9574
1752
-11368
-8038
-25931
24731
29317
14978
-12420
11655
-23939
8573
20117
14067
24579
21490
-15491
-4101
2045
-9988
20476
27110
-6484
-18179
-30086
-31789
-26884
-15363
29693
-27135
-17953
21612
-19188
5816
-10878
-22534
-6155
16372
-2054
29378
-20610
-27655
-9854
11915
-12313
-27662
-6417
-1524
23476
24811
-8806
-23594
9880
24730
10420
29595
32133
2434
-15748
14215
-20867
18557
-30316
29170
24579
-31502
12413
-3077
2813
-16388
20732
31718
14509
-18179
5755
17875
-31236
-16387
26365
-27647
26335
31083
-3571
12983
13952
-28678
-12811
-21517
-19206
-18240
-2180
14073
14723
27273
-6426
-22287
6896
13838
25779
9704
4760
18902
13464
-31848
18099
2203
26757
3202
125
-1402
-29315
-644
-11375
13554
24579
9458
-4485
-2309
3581
-20228
21244
-32283
-27220
-18179
27771
-30511
31740
-17667
27645
-27391
-28450
31081
-4083
12982
-32381
32762
8949
8692
-17158
-28224
12156
23289
-28798
-10360
-10010
24050
1777
14862
-18254
-13336
7579
5845
30103
-12135
29872
-1894
16517
5762
-4228
16775
22397
20093
-7271
-22543
24579
-5903
21120
-1541
2301
-10500
21756
-28955
-26709
-18179
-2950
8657
31228
-16387
29181
-27391
-21282
-23962
-25842
8885
-3966
25594
-6412
30963
-23814
3007
19066
5113
-383
12168
17126
-27663
7920
4879
-2127
-13080
-18791
8147
-21354
-873
25518
-13670
10373
-6015
8829
903
-26755
22397
1683
-10768
24835
-16655
-23428
-1029
3069
-18692
22524
-22044
-7509
-18179
-2182
-25392
27388
-17411
28669
-27391
-291
21605
6672
-32077
-2688
21498
-20236
-8718
24314
-3651
-29831
21752
25218
28806
15333
-25104
2543
23056
-12624
-26907
-23144
23250
14743
-19816
-26196
-19558
-2428
-14207
16253
-6778
-7555
27005
-30831
27888
24579
5105
-29829
-261
3581
-14340
23292
-28700
18346
-18179
24699
-27185
24572
-18691
26109
-27647
29149
-6559
272
-3918
-27003
4346
-2317
-3342
21242
-21827
15737
32504
-11135
7300
-11036
-12560
-787
30480
-2129
-5913
-100
-15407
-10346
-17509
6827
-15462
19077
16514
23165
391
-24707
18301
-5482
22511
24835
497
14463
252
2813
-11012
23804
-4125
27561
-18435
-3974
-29490
22012
-18947
22013
-27391
-15908
23391
-27122
16818
13698
1018
25587
-28942
8954
9658
-10637
-10505
11392
22403
-22302
-18706
-20755
-3825
4526
4070
408
-27185
1941
-4203
-20824
3483
16005
-1663
29309
-7034
-28035
19069
15759
-31250
24835
19953
29562
1532
2301
-16900
24828
-9505
32417
-18435
9336
-32564
7676
-23555
23805
-27903
-8998
-10147
-30190
2992
19586
-13831
16627
-15375
-14855
14779
21366
-26121
-26495
25218
-11806
28399
-23315
10259
-10579
-14366
-31848
-22578
-619
-1130
24485
31642
-636
12674
30333
1415
-12419
20349
25232
-2323
25347
-13585
-17797
2044
509
-24324
25340
-11551
-23388
-18179
6520
-2357
14076
-20995
23805
-27391
6875
31322
4111
-18516
21895
-3335
29683
8947
8186
-834
9082
27640
-12157
-26492
-27932
7664
27373
-25328
-13394
24295
-28003
22227
4508
-20576
-20056
-10086
-26491
-7551
-14723
13959
-15491
7037
20628
-16660
25091
15855
23166
2812
2301
-17668
25596
-31517
7591
-18179
21369
12495
20732
-20227
22269
-27391
5852
-28584
-17136
-18006
-12668
-10503
23027
7154
1530
-15684
9849
16376
-30332
14723
13795
11759
25325
-32238
-28243
-28956
3738
7378
-30821
-32611
23206
24474
-30843
-895
-27779
6279
27517
17533
24972
1004
25091
-32530
-30086
3580
3069
-27908
25852
-12831
17830
-18179
7546
-15411
11772
-23043
19453
-27647
30683
28501
-32239
4265
11397
-20999
-3342
-9231
-26375
-6213
29048
-21769
27012
10113
-29470
-4114
18668
10515
-16724
-32542
-25446
16080
3995
-20068
-29021
-19814
28037
-7807
-21379
-9082
-25731
25469
-29806
-16150
25091
-11795
23165
4092
2301
-15108
26620
24545
-16731
-18179
-17287
-29237
9212
-23299
16381
-27647
-8230
2130
30227
-16217
-9338
-9735
8179
17906
19705
6844
8057
27639
13446
-7297
7138
30702
12267
2581
18092
-542
-25188
-23858
-12389
13726
-5475
15002
18309
6786
126
-12154
-13699
19325
-11372
19433
25091
-20244
6271
5116
3069
-7940
27132
-14623
32421
-18179
-25990
-9014
8444
-23555
14845
-27647
-29478
4433
-8683
-8027
24450
-8967
-1038
6130
3577
25019
-27784
3319
-16250
-13185
14305
2286
-31508
19479
-14678
23774
-15465
-30771
25500
30619
21148
30362
10885
8066
7038
-15994
-13187
22141
10128
-9752
25347
31211
-11397
5884
3069
-9988
27644
27105
1957
-18435
15995
-2103
4604
-23811
19709
-27391
-2087
-29619
11542
-13661
28037
28921
22002
21234
-6408
12475
-12681
10487
27526
31357
-32
7918
1516
-15081
24490
23006
8347
29132
18076
-29282
22937
23706
13701
-5759
11390
-10106
-19331
22909
-21867
12775
25347
-6422
-898
6396
2301
-2564
28156
-5151
16804
-18435
-27782
3529
3068
-24067
14333
-27647
-11815
-6838
-25833
-16989
2182
22777
-4879
30449
-27656
-1351
27511
22518
-6010
-15492
-18977
29676
10218
-25319
15273
-17698
-17509
26826
-22885
26269
-875
1690
25989
-6271
26750
-18042
-22659
17789
-21356
-7963
25603
-16406
15999
6652
1789
-8452
28156
5601
10404
-18179
-31877
-7481
-4869
-27907
9469
-27647
19673
-14263
6171
-17502
11906
-11272
6897
13808
-18697
20920
-18316
-5900
-13434
-30341
-1316
32490
22248
-6884
-13913
5081
-8041
-27962
23449
29592
16017
13210
17797
-6271
9598
-9338
-15491
-19587
4755
17637
25603
26857
-20099
6908
1789
-4100
28668
29409
27555
-18435
-1156
3014
-17413
-32515
6141
-27647
-4648
-11195
-6118
20129
6533
24312
-13585
-7185
13559
14263
28020
-3597
5254
-13192
-30501
-8215
8423
14877
-21082
20697
-17254
19140
-9065
17561
12173
-11367
9861
5506
-28290
8327
-16771
-31107
7835
5347
25603
-2072
7554
7164
-1540
-4
28924
-8224
28066
-18691
27004
-21564
-26117
30717
-772
-27647
-26920
-21949
3098
-32605
-26238
-1290
-18452
-15126
4343
-28499
3945
12274
20345
-24970
-26666
22757
-8477
1823
18851
13529
30612
13504
25746
29843
-626
-615
15493
12418
-7298
4999
-15747
-21635
24461
-7711
25859
-788
19577
8188
-11268
30204
29180
-8489
1942
-20483
-20113
-10814
-32262
765
-24836
-27135
-2093
-14784
-3555
19359
130
29686
-5397
-17944
16886
-12369
23404
-16143
-9344
18292
-19754
3046
22243
-11743
-12638
21204
8597
-23872
19092
17557
-10103
-21095
16005
-1407
-7042
-7802
-3203
-16003
32142
1760
26115
32234
9851
8444
-15620
16380
29692
-24358
27290
-20483
7288
6849
-22534
8189
-28420
-27391
-23340
11580
26910
22428
-25977
-27914
-6421
-3094
-4875
-6992
24173
20466
-27775
29554
21975
-16410
-23581
-22238
-31326
3031
-30566
8895
-28779
-23655
8581
17561
23429
-11135
21375
2951
32637
-21123
-21357
-4900
26115
6377
-4994
8956
-18180
16892
30204
1242
-19560
-19459
-21130
21183
-12806
17149
-16644
-27391
21460
27450
21280
-5478
31876
26358
-22549
30440
-32267
7343
7278
3313
28034
-21134
30165
-8732
4578
-19931
31905
30931
-8042
-17219
-30571
31638
17026
-7273
-2428
-7807
27519
17286
-12931
-8323
21645
-24101
26371
19432
23419
9724
-18180
-7429
30460
-25896
-3688
-20739
11127
-23874
30970
5629
-27140
-27135
28115
1335
-13279
9367
32644
-13067
-20502
-14616
-30732
-29010
-660
-17169
5252
12144
20691
19683
12257
20007
13216
12751
-15722
12475
-22123
-26731
19326
12183
-124
-18559
-16513
19078
-2947
-31619
912
-1576
26627
-3611
15229
10236
-19204
9212
31228
23000
-13418
-21507
-15497
25020
16634
-3076
28412
-26879
27602
23093
-28382
11926
-8314
-3340
-14359
-21783
-27660
-20562
-14995
-15633
14723
22384
-26669
-32029
28640
-26072
-17250
5074
-8553
3514
-5483
6554
27004
21910
-6012
-13951
-24961
1158
-2435
-5251
13458
-27945
26627
18405
24446
10492
-22532
17660
30972
-4136
31384
-21251
23927
-8772
17146
253
28668
-26879
-2863
24373
20773
-3692
28292
11509
3562
22759
-30476
21678
7791
6127
-29820
-21391
13010
-5151
32223
24619
-13410
-306
-23404
-7751
-4971
-15466
30844
-23915
-15740
-22911
-21121
5766
-14467
-31107
-25462
-23593
26883
-16668
-29062
10236
-20228
9212
30460
6363
-16230
-22787
9338
-30529
-4103
-17156
12028
-26111
-14894
-16338
5415
-28017
-20091
19702
18411
16106
27122
1456
-29842
-7954
8324
-8082
20947
-25373
-25888
-20436
-19297
-22328
-3690
23480
-18023
-15974
15473
-4972
-30588
30081
-5505
-15227
-20355
-29315
-25457
-17967
27139
-14619
-13443
10748
-14340
-20996
30716
-4130
-3683
-21507
-17544
5313
29434
3837
25084
-26111
-11305
-12249
-21470
-23416
3973
10999
-17681
-6163
30191
14003
-23184
-2836
-11906
-10388
24789
8421
17634
-19157
-14688
-6714
403
7090
-24682
-28778
-22945
-11885
-30332
24449
14464
30597
29821
27261
29579
-20534
26115
-18453
24442
11516
509
-3588
31228
27621
7587
-22531
32625
-10545
21755
27133
-9732
-26623
28124
25892
2341
11650
-11137
23030
-4624
-27155
-10260
20148
-1683
-28694
-9091
-6042
-10029
15075
-29216
-23505
-5475
-7491
11405
-23635
32149
31889
-21163
24211
7556
20609
22144
18053
-10883
24701
17541
-32058
26627
22507
-13708
12796
3325
-3588
32764
-4632
-18271
-25091
19566
6355
25083
26109
-14852
-25343
-5415
20001
19238
-1668
-9087
16117
1776
14061
-22037
13233
-1690
-29464
-10631
3169
-29231
-27423
21471
-26062
17307
-29764
28558
-20312
9619
5266
20304
22931
18308
25473
-21376
30597
-16771
28541
18056
12226
26883
-1814
14965
14076
2301
-6148
-31236
-26
-19048
-31235
17513
-20271
2811
15101
-23812
-23807
-20777
-10979
6952
31096
-8061
25075
-26385
-17428
8426
1461
19309
-30232
8317
29785
28112
-800
11742
10292
-28775
-29766
-4977
7838
-8300
-14188
7494
9619
7556
18817
129
25221
-27779
-29315
30088
-23108
27395
-9752
-3210
15100
2045
-7428
-30724
1005
28834
-27907
-7828
24531
17659
23293
-19204
-23039
-7977
2076
19759
28789
24192
-14
-8979
31722
-9497
-21584
-18326
29158
-27522
-15785
-1076
-2595
17372
10555
-11882
-8783
-2163
669
-1644
-19566
15171
-9839
15748
-26495
3201
15237
-21891
-16003
22149
24505
30211
-29466
16244
15612
-2052
-18948
-29956
24553
31903
-30467
28270
-11826
-9990
15869
-21252
-16895
-24364
16665
-718
24434
1155
23025
20717
29163
10214
1200
24426
15077
12159
-5807
-8758
30940
24282
-12482
-1132
-3152
-10352
5781
18323
-15469
4414
-11119
18308
2689
-22399
24453
-7299
-25475
-29043
-589
32515
-18716
8569
16380
-2308
-9732
-29444
11754
159
-30211
-2962
16844
-12806
13309
-28164
-12799
-26157
-24553
-21961
-1168
7298
-17681
-5909
3817
9188
27565
-23192
-29726
-7297
-16816
-31545
-6951
-31017
-22204
-26222
31662
-23666
-18034
-30319
19600
-2248
-23151
13956
22913
-12159
24709
-643
-18051
5512
-32336
-28413
483
32374
17148
-3844
-16644
-29444
-4632
5022
29181
-5776
22218
26362
2301
25852
-2815
21202
-4587
12347
-23700
-26752
29934
-10006
-4121
15073
30379
-30874
-1313
2944
11340
29892
22999
-19756
28232
-11376
-30043
-628
908
16017
-8305
-2251
913
13956
24449
-10367
4741
-6019
-13443
16518
-22868
-24317
-22559
13429
18172
-5892
-20484
-29444
14568
-9060
23805
2161
31176
9210
-6148
7676
5378
11729
-19949
21052
-7063
-1149
15596
-13337
22246
7648
8104
18274
-31778
-24451
-17849
20929
-30763
-16173
26954
27790
29608
4752
23173
-23410
-11886
15154
1681
31364
17281
-21887
16005
-8579
-11651
18826
2727
-22781
-3616
30839
19196
-15620
-27140
-28932
1256
30876
19197
-22415
32198
-22535
-13060
9724
9986
14544
-14572
7502
20851
25220
15342
-18464
3550
-14113
672
-19615
27611
14724
-6828
26044
6608
7374
4184
-31604
-25948
-8049
-24432
25232
17808
3387
-24176
26500
1921
13442
11397
8062
-6275
8332
1449
17412
-30759
892
18428
764
-28933
-30724
14810
-2925
765
30844
-32078
-9226
24059
-32006
-8702
16587
23572
-25515
24181
26756
10986
9945
-13611
4319
1177
9566
4568
13190
12372
26806
20682
29894
-29858
-22392
28321
19088
26002
32143
-31600
-23745
-24944
-18812
18561
30338
-3964
20606
8318
12430
25255
-18684
-19503
-4228
5884
-19718
-25095
32508
-15409
-24692
-22276
-19074
-4442
32243
32249
17656
23811
-29501
-20462
31830
-3213
28295
23528
-554
14549
16350
-2410
-6820
-32297
-18555
31826
4789
-2104
19910
-2208
-14458
-28252
16530
11919
27022
-3184
6460
-12912
27780
-31359
13442
2437
15486
4734
29839
-11870
-14332
-7985
-25730
3068
20730
-29191
31740
30157
24970
-29956
-31619
-2396
-4878
7929
4088
-28157
31937
-4335
20313
21617
-30588
-19225
1494
-20015
18139
-32108
31579
-17453
-24699
22866
-22607
24261
32450
-21147
20869
31646
-5747
-30065
-18546
-13170
13885
23952
27524
-25983
-13694
-9596
21118
9086
13446
-19808
-508
-29489
18041
1788
8698
26360
28156
12233
11140
-4101
1916
-8798
-14096
-22281
31734
516
-25153
27152
31073
31598
-4988
-3355
7380
-12847
-32295
-4973
6491
-30766
22150
29775
13744
-4412
14273
5739
-15229
-8808
29071
26251
-14962
5007
6455
24464
3460
29825
-19070
-11644
2686
10878
13709
-4709
-24315
1740
28029
-3845
-16647
-17160
27388
9675
-25465
13564
12414
6561
24049
-32520
15351
-28668
29119
17679
-22684
26478
4486
-19228
20690
-29489
26839
30866
24667
25808
-19835
28750
2734
-5183
-30018
21615
-19326
13722
32143
4744
26765
31374
-8909
15504
-14717
30337
3971
-4988
17022
14462
-115
7832
-3835
-26421
10878
-6917
25849
13304
24060
-22071
-17275
-5637
7293
-12641
-28432
-23305
26870
4101
24254
-32754
10861
-19862
26241
26595
11729
27853
-22317
-28272
-27303
13005
-13947
-1971
-8790
-21569
19644
9335
28032
-31601
22666
-9083
-5492
14474
-25296
-29553
132
5505
16771
-4988
18046
25214
22152
24981
-7930
5321
1659
-11781
5369
-22537
18940
1480
10628
-24837
3197
25757
13551
-1034
31989
7686
-20804
9741
-14738
-28824
-14716
-29983
19919
12748
-20271
-19058
16216
-26933
-23931
-16566
3753
28093
-29510
8313
18559
-30321
-15731
-1407
25739
-118
-9172
24463
-1661
22401
28547
-12668
25470
14974
-21618
14480
4359
-2873
-32130
-18437
-21768
18679
14076
1991
-3198
23035
-19332
667
23534
16886
-26124
26886
-18757
18188
17773
11110
-20091
-2338
4300
-14648
-19760
-31347
-10410
-12087
-19325
19786
-13402
3003
15287
21627
6014
26256
24717
-15743
-885
-8821
-9941
-27505
-125
25729
-125
-14204
25726
-30850
-17013
-24948
-4090
13512
-14212
32763
-1545
23542
11004
18117
-24704
-6150
19323
-27238
7149
31989
31731
-14586
16314
32267
-23950
30050
21891
-28707
-8246
13767
21453
17547
-21676
9159
31364
-14520
-14940
697
-20043
31616
-9092
-9849
5003
-7040
-22132
-18294
18986
4751
-2941
16001
-3453
-24700
14206
20350
8073
4233
-25337
18886
-27013
18427
30455
32501
3836
7875
28286
-18950
30587
-10345
6124
5109
5876
-22521
185
-31990
-13198
16736
-21114
-18725
15817
-4666
22988
18314
2901
-4667
25220
-26810
19107
10424
-21326
23425
-9093
3722
-17522
9342
1932
-11892
-5849
1423
-7293
11649
7812
-25212
24446
-31362
6545
24196
-23289
27589
-11649
4603
-1546
24053
2556
-10302
-6530
-28166
-2182
-8811
-25877
-7692
2035
-12281
15800
-18423
21878
-14755
-20346
-18470
17864
-21308
14282
-5752
16213
-1341
-892
-14780
10913
20150
-22605
28037
10618
-11898
-11636
-19589
-31348
-27508
-7644
-14962
-20861
11649
12676
-20092
-11906
31614
5515
13184
8712
-30525
19325
8443
-19210
27124
-7173
-20031
27517
-2055
25979
-11884
29930
-21517
13298
-26872
3767
2569
-22916
9050
-9339
18393
-13114
32707
16582
-5497
-4013
11713
26757
2883
-23138
-2125
-10320
28042
30584
8574
-10869
12409
-1140
-19572
13859
-10354
-14717
-384
30852
28292
32382
31358
17802
18044
8457
21697
-2180
-1030
18934
-17677
-17669
-8512
-19845
-25863
32635
-24174
12777
14835
-1040
-25079
-14667
15880
-14473
-12713
28810
-2090
12740
-28477
11717
12935
-18605
-22591
17797
17985
1950
13235
-21073
-26999
-393
19588
-1905
120
14220
-20850
-10719
-6002
-27005
3713
27780
-25980
23934
31870
-6259
19575
24328
3521
-13441
-14342
19957
-18445
-20485
31935
-19079
-28167
-25734
-15216
-17945
8690
-2064
29193
-11084
-6137
-10366
8790
23431
-21290
-18236
2753
14786
25222
15443
-8003
9094
-30655
-27237
17072
28077
-25967
-27018
12924
-17268
8564
9868
908
23070
-3443
31875
17537
-21116
26756
32638
25214
-19576
-1420
16138
7102
20093
-11014
-18187
24818
-30981
-5441
-28806
5881
23676
21393
-17177
-8719
-25361
19979
31668
25095
11398
15954
19335
-18730
-17724
-6207
-3394
10118
26709
-25668
23688
4927
-18534
8367
-22869
20116
-6027
-1162
27788
24692
-13683
24717
-15075
10126
-20349
4225
-25468
17284
-23426
-29058
15244
8305
-5878
5563
10111
-5638
-29707
24818
24315
-18498
-13447
16633
17788
16526
-14873
8434
1520
-1525
-4685
-8698
-12155
-25264
3722
-15916
14787
-23102
18365
-12667
-32683
25788
-28792
-4034
-359
-20306
-26198
-30570
-21388
-8070
-12914
8818
1677
16014
-24037
-10355
-21373
-8576
-9596
22916
-16514
-1410
-13938
-1428
-8950
-3144
-15744
-9734
23285
-9997
18939
27327
-13190
18681
-14980
-115
-10009
31474
26608
-27124
-1358
29958
-29812
1356
-29817
10452
32707
24768
-27975
-1917
22612
-27464
-9079
9277
-106
-27733
-1368
22940
-8846
-5520
-374
-16786
-27507
-16501
12313
19085
-25725
10881
24453
12932
-16002
-27522
-18554
30569
21004
-14410
-5252
-774
-16395
1011
5627
20927
-11397
-25352
26750
11661
-11290
-24079
12016
17934
26802
-2299
4495
30535
13704
31954
20930
-29759
3510
30339
-10414
26294
27529
-7879
3989
-14679
27302
17566
-7311
-17299
22924
-17300
8590
11405
1048
-22643
24707
-11904
17029
1668
-10114
-9602
397
-18332
-6900
13493
24192
-8198
31989
-18188
-7430
7359
32378
-16904
-29570
21131
5095
-15887
-17
-8946
-24142
-18427
-17776
-22456
24713
-8241
-29249
-20034
5301
4738
21331
6581
-12407
-5062
-25453
-23385
-8541
-4960
-6800
8049
23181
6251
27533
-3443
-4074
-3700
24707
-1152
10117
9348
-9090
383
8078
-6303
24333
-5966
7809
29178
20724
13811
-19206
15293
-21895
8952
-32129
25738
12005
22256
18670
-16369
23984
-32507
-6760
-22202
-31355
11470
-25155
31163
20912
8576
-27053
6321
21386
-1735
-14192
-7516
18849
32167
-5522
103
-25976
29034
-6259
-14199
4118
-16500
-20093
-2432
9861
-15229
-10882
-11394
650
22367
-26097
8880
-29826
2810
-28685
-20495
19450
10684
32121
20727
28800
-26489
25059
-274
6125
6162
17326
12293
3480
-16829
24713
-3893
21436
-1093
6576
-12161
6483
-16719
-16246
-27848
1936
-9309
-18271
15527
1134
16232
14476
31592
-8819
-7539
-7660
-19572
-32125
-10880
16517
388
-1410
1407
19088
19035
21007
3502
6786
-11015
1267
25585
7674
-9541
27770
-7178
24960
10374
31970
-4371
5099
18
-15443
-9468
-9829
-4800
-7542
29642
-23109
-4422
-11862
-13698
9554
20142
20107
-26570
14989
-32607
17309
-25685
3181
-18074
-31092
19555
-27507
-17267
12818
12172
24707
-25216
-14971
-17021
17535
-24706
17806
-20138
31760
-8532
27266
2042
-4110
-24591
-15367
-31557
8313
-14602
-14464
29573
9442
4846
-26389
-18413
-25171
-23292
-10595
61
17544
28616
31417
4025
32679
-25477
-11442
-14934
-19062
31540
4747
11423
-14436
8366
21867
-32418
-6519
31843
-21107
22155
-21487
-12405
4995
1409
-9595
-15997
10623
15231
8843
15955
9489
-11350
15744
-25351
5106
13552
28921
-24905
-14733
-9227
19071
-3967
19167
-27925
13802
-13804
3243
25092
20898
-18629
5004
30917
-19273
-12871
14244
-25220
31824
-26711
13964
-3023
6281
10141
-8039
17329
-7831
-26017
-9075
11870
17806
3471
24335
-10869
12931
4225
18822
-9085
17535
3455
27796
7246
-26350
-27481
4742
20985
25073
-28175
13561
20666
31606
29686
21889
-25472
-19488
23277
-16149
10006
-26710
23556
-16472
9787
24971
-7740
19383
23479
28579
18555
-3759
11943
-26228
21555
4231
30619
21401
-13898
-9880
-2468
396
-6821
13198
-20083
-7410
5771
21379
-27520
24966
31107
-13698
8831
12430
-24755
1557
-27482
7555
30457
28145
-18193
-776
22201
-4745
22773
-3711
-4224
479
-21525
-21271
-9704
7594
9988
28333
20024
-12407
-11583
-11852
180
-14437
-32135
-4528
25761
397
21552
19075
-19562
29331
9659
-4762
14933
-13686
9306
-25202
-19059
-22259
-1398
-18558
-19328
-12154
23427
-7042
-2690
11405
-20920
-1002
19875
28546
-11272
12528
-26642
-4105
26295
17269
1268
17282
20861
-27940
3562
21479
13851
-31833
-2557
2989
-29386
-18290
-6979
-7503
-16205
-16998
-8585
-26289
3745
19597
-13523
-13951
8854
3731
15548
-1692
-16552
-25458
-16554
-4979
12688
14860
26762
387
-21632
-2938
22659
8575
12415
-20335
4163
-10218
29088
17798
14072
-8722
-21267
-17161
25013
-12173
-15629
-4222
31610
15579
20969
18406
-9957
-22875
-7421
12980
-27852
-16245
1980
11184
-18768
6549
-28298
3408
22172
-12915
814
-18050
28818
24207
-5695
27235
26193
-14454
15444
-19571
10637
18699
-4727
-11390
-12416
-9082
8835
9087
24447
-6005
28736
12314
21917
28035
-777
8174
-18709
-19210
3764
-11405
17906
-19581
19577
-3112
16359
7652
23327
6052
-12797
-3145
8242
-7798
12473
18606
-31569
-3952
-32652
-13490
-14696
19598
6699
-23429
13455
-9844
-6716
-4511
332
-1143
17491
-22131
17038
-22262
-3703
-18046
-22144
-8570
4227
20863
22911
-4211
10813
8476
-32614
-10109
20215
4077
-22549
18166
14258
6258
-16655
-21629
4982
-26153
-31514
-9500
24353
19362
-18685
-9287
-7632
-4979
-26443
-18517
-22099
-25201
-2702
-6067
3223
19598
12842
-15239
-8564
907
6088
8032
5454
-15221
-27315
-30580
1678
4105
30601
-23934
29568
12423
1411
17535
8063
144
22584
16157
-25960
-11387
-12298
-3605
24554
-13323
10161
27761
-16400
-6013
-26508
-6187
-24348
20194
-17117
-13152
-22269
-21310
-6610
906
31923
-29782
-4438
27783
21360
-16051
21136
17551
29480
-29836
7048
-16506
8654
28253
-31421
-5242
29514
30603
394
17928
-5752
-27518
-22912
-27001
-18302
-23169
14207
5513
1077
-19422
21652
17026
-10506
-24341
-1816
18676
9903
-16529
10223
-2683
-5263
-32045
-5150
5857
-20440
-15202
-25853
32199
-22740
16522
23982
-9562
25769
11649
19566
-10677
140
24974
-26331
29296
-30077
-15486
-30511
31067
15680
29575
-23995
8585
24968
11015
-21112
-24958
-29568
-31097
-11134
12671
18559
7823
20272
6950
-13168
19077
2550
21738
16105
5363
2478
-21394
-29202
-32378
-2195
6610
27106
-14625
-13013
23197
-27901
-10554
23850
9356
7083
-25692
28070
-14980
-2709
-24247
-10872
1677
12838
-20369
21122
-19842
30931
5210
-18622
-21881
-30141
-32376
26760
-20730
27784
-20094
-21376
2440
-9854
-28545
19839
30862
29741
-10715
-4209
12933
30197
16361
18152
4850
-16215
1897
3308
-11901
27756
21710
10718
-16677
-12243
4763
-29181
-25134
9513
7047
-24921
1442
-28509
28536
-22679
-25271
17794
6030
24356
106
6781
-32644
-20774
6743
-27594
30850
-11201
4999
1411
-9723
-21881
28034
-28544
9352
-20606
-27009
11903
3723
29738
5424
27019
23171
-6412
12520
8935
-8976
19115
29805
-16149
24455
-32406
15822
9951
-8996
-1483
28825
-30205
20437
-1497
24458
17824
-9828
-14434
625
-1435
13638
-18309
-5493
1313
-5532
3704
-18316
-12323
12373
4917
-28540
10298
-4219
-20091
-8444
-23673
21890
14464
28040
19330
19327
31615
-12401
-30426
9523
32394
-1659
16883
230
-539
-25106
8873
-21397
-20760
-20602
-1434
31178
-17189
-25129
17722
3223
-30717
-3112
5414
23946
24731
10394
10138
-3733
-4765
-25019
9591
-21877
12064
-4767
22900
-3727
10721
11859
20275
388
16694
-21115
23174
16900
-19322
2946
17280
-13432
20098
-6017
25471
-20340
-16605
29495
-20088
26244
-20750
-14364
18658
25068
-27226
-7063
12005
-30842
16485
17607
16856
26324
19775
-26731
-31485
4317
7202
9352
2199
22935
7832
-20635
-9632
6467
8817
-24181
-31972
16476
12398
-20114
-3613
-20912
28970
28801
-4047
-22652
18818
-19197
-19578
7810
20864
31624
6018
-16769
22655
29833
-20192
-13252
-19580
25219
18929
4323
-11808
-13590
1188
7271
9956
-20091
-5023
-13628
-32554
3284
-6845
26003
-31485
-13602
-19680
2699
5777
17811
19351
5730
26975
-959
-12690
17547
21274
-423
4204
7787
-17947
-21682
-19669
4228
-27602
-30333
31363
16387
25734
3458
11136
2185
7298
-29569
-21889
-6768
10269
15423
-23166
-28793
4592
-12320
20191
13801
-12127
-24988
-13854
-22396
-24226
-2366
-25899
-15407
6471
29841
-31485
19171
8735
11146
-11635
-6512
-2927
28761
5213
30785
-29849
-6005
-28647
-20651
-6042
11877
-16663
-10164
28967
3202
-10709
-9086
-8575
-5118
11398
-18047
19840
18569
386
-5249
-27777
-118
1307
-22202
32383
25476
16623
15583
-32547
-16923
32415
-11934
-13857
18053
-13220
22975
28114
19408
23119
14479
-31741
-17947
-5860
27273
28553
1934
23440
-13481
-9894
-24001
-14748
5516
16152
21842
31843
27235
32491
6987
-22238
-5504
4394
19330
-14464
-14334
25989
-12159
11136
23945
4482
-13697
-10881
-5495
-14312
4939
-12933
132
-16659
-20259
8411
-24604
18589
6497
-3107
31365
-9127
-16964
8400
717
25683
8077
-31741
-4122
-11237
-31347
26244
18570
19853
-175
346
28992
17760
-12405
-21226
-15538
8800
3677
-276
-30391
1317
-23932
-9178
28033
5251
-29438
-7804
-26495
9600
32137
130
-2945
-1153
16781
18454
-31667
-27783
-14714
18668
-17957
-21286
8674
-29285
-23201
-2341
24453
-8105
20922
10958
-1591
11607
-29045
-31741
-7191
-22247
27018
5760
27015
2698
-21938
-7081
11839
-14756
-6005
22
-20148
-19107
-24996
13807
-29625
-21217
16000
-29403
-22911
25217
26626
16004
31361
16000
-20343
-14463
-2689
-18561
-19578
-30956
-8109
-24971
-30077
16875
27354
-1579
18399
20633
-27042
2264
-1403
-18347
-5706
27338
31686
18269
28041
-31741
-9496
24854
1163
27516
1157
14472
-32439
27222
-24513
-5285
397
-18157
-32693
25948
31577
14319
19782
30
-12672
-16346
-27518
-6783
22018
18820
-12159
9600
-15479
-23423
3712
-4225
5001
-29422
-15023
-32143
-16508
10729
3288
-21546
-5668
150
-1447
-5930
-6780
18769
-15949
-8761
-4155
21853
-2426
-31997
29677
-7657
9100
26487
-32383
5766
2121
12628
-19906
-21673
18571
-15340
-8377
-27817
31830
16114
-25788
18206
32384
-2528
-25985
7296
11522
-26749
-25215
-9857
-13431
21121
14464
-5761
-13686
12049
-10916
9329
-3451
-15385
32726
27348
18396
-10859
13660
-23595
23429
-26543
-7246
-31801
-31291
-4250
24453
-32253
-23056
12310
28553
-7307
12928
32384
24385
6994
-15043
-21937
22924
-23276
-27837
10835
-10415
-28940
-13758
-27880
24444
-10210
895
-12421
6914
5251
20353
-21377
20874
20609
26240
4992
2179
11280
32614
-2963
2690
-18970
29141
-9008
-20010
-17005
-11941
464
26502
-5809
-850
-3390
13247
-19857
-19581
-32253
-5904
16404
14218
-22161
-5509
895
18238
-17073
-18628
-1460
-12149
29713
-24000
-3249
22094
-1548
29760
19479
-25475
-26083
2687
-22147
1794
2691
21633
-3969
12170
6785
22144
11136
10121
4878
17511
11114
17797
13028
-12334
-9777
2260
16017
-14759
26062
15238
-12213
-32340
-17728
2749
31601
22913
-32253
32754
-24045
30347
-32661
-1416
-17284
-17605
8014
29500
-438
13195
-5615
12863
4174
-29365
24566
-22209
-16361
-12931
-23525
26493
893
-1023
-20862
8321
9856
31626
-2688
30080
-5505
20617
-2292
109
-23704
-4475
-31006
-1328
12750
25298
2192
2905
-18996
-18811
-26294
27306
8383
20412
-11145
25728
-32253
-30732
-12527
25991
-2456
-8842
-25735
5687
5452
10043
12870
-14965
3601
3387
-26552
-9400
-22537
-19139
31762
4729
5402
-29827
8313
-3071
18050
-3712
-4225
-30582
14465
24448
22144
7301
-2293
7285
-30620
22147
12513
25295
24012
-1075
-14451
23639
-31288
26502
-30904
-3418
8123
11960
27518
1662
-32253
-13580
2833
-16758
-27036
-22413
9848
-7884
4683
13626
8004
20363
-13809
-17607
839
29766
8184
-25028
12307
24188
17176
-2437
-12935
-5375
-9599
12673
-14721
-12406
-9600
29824
8832
8843
-6902
27254
-12958
-22650
-24098
-1076
1484
26572
-2164
-21674
-22841
-15995
17734
-25179
12986
26806
4993
-10116
-32253
4086
27152
-23414
-3232
-1680
-27021
5936
20553
-8134
15936
25227
-30194
-3274
-31421
27458
10489
-22725
9746
13948
22295
2684
-27782
-6399
13441
1153
-9601
-15478
-4736
-29824
20352
1672
3082
-32388
-22432
31365
27101
-26165
28105
-18489
-8054
-10667
-24637
29318
-7100
30114
-3402
-23373
-27001
19323
-32509
13303
9487
24712
13407
14959
-7567
17966
-11705
-11719
-3780
16523
-8946
13364
-27071
8768
-10247
-19399
22287
23161
11798
5244
5753
-7167
7809
-21376
-13185
3979
-23168
-30080
25728
-20347
22537
-32382
14173
14980
-24101
-7223
32455
-12347
-2936
-29100
-19263
28550
7747
-21089
-20555
-12366
21900
-12680
-32509
17911
8462
-5493
-13223
-15766
-6287
-10963
-21946
5177
13117
20618
-31987
1843
28480
-9922
1530
29752
-22000
-6276
-12012
-11654
31610
-7679
-1408
-9600
-19585
4747
-19328
-24960
-30080
14733
21768
-5502
-27558
-4216
-23592
21959
-22074
-828
-25977
22099
15809
-12411
-17600
-6755
-2381
-16207
-16499
3447
-32509
7927
19980
-25972
-27307
-20376
-9876
2089
30277
-17094
6203
-1908
28939
-8399
-193
3134
14586
30519
-17138
-11909
30484
-14468
10876
-8447
19328
-18560
-21377
10891
30592
29056
21888
-4218
-15609
25986
25686
5254
-19498
-30523
-25918
-27970
7301
-20400
-16709
-20090
-11203
-4199
2479
-30806
29071
-28811
-32509
10233
30732
28554
-15533
-10650
7275
-23002
-28349
20536
-30411
5515
11788
1326
28218
-30663
23803
3638
6668
6777
-16622
-6022
-23432
-8447
-13953
-23424
-26497
12427
-30592
15744
22656
28549
19463
18063
26197
27781
-4652
13508
-2879
31675
8836
-20143
10937
-24698
-19907
1432
17069
11434
-28775
-7565
-32509
20473
-2549
-23410
2127
21091
-13463
-31707
15426
-13001
-8140
-18038
19979
-980
14393
-26056
-24325
23093
-18163
-29572
17681
-19335
32123
-8703
-15745
-8320
-24961
25995
11904
-28544
28544
21641
-21754
-26480
-29101
8584
-31534
14530
32704
954
-3454
593
-23881
-18554
13628
6550
-341
17577
28060
-22670
-32509
2554
12043
4236
-4531
-6047
-8346
-31966
-10688
-20169
-9167
-15734
-4597
22827
30006
25142
9468
31796
-28149
30329
21265
-23430
-17032
-8447
20607
20096
-13185
8075
896
-21120
-30848
2946
30982
-17258
8785
30852
-20015
-576
32188
-7500
17280
-9905
-9038
31110
1596
10387
-21849
15525
-18782
369
-32765
23802
18442
25228
26187
3680
-1692
800
14400
-23496
-28625
4492
-7158
28969
6197
12339
21500
-28877
-22518
-13959
1041
24444
9338
-8959
-386
-28800
24959
-26741
-3969
-28288
-13696
-15228
2822
-17511
-19378
-3451
12749
30654
9659
-23120
-131
-12722
24752
11398
-9416
-31344
-9051
-20062
18597
-31889
-32765
23034
-15607
17551
7241
2398
-4508
22048
7744
14905
-29904
32652
25355
-20695
29748
-29389
29436
-27341
-20725
-18053
-32752
-6020
-13444
-8703
-19842
-27520
28287
-28533
3200
-23936
-17280
-14202
-18171
-11367
2125
24711
-26164
19132
18361
12465
-23939
19278
-21073
32389
31801
6287
-30812
5025
6055
-30866
32515
4858
-14329
-23155
-17589
-24480
-22168
20512
1859
-1219
25905
26771
-28405
4394
-27852
14900
24060
-9934
-9975
-19590
-25071
-11648
17533
-8959
2942
31616
-30081
-11125
-4737
-17792
-23680
10628
23557
-5738
-2493
-5754
-29234
7102
21949
-21583
5250
339
434
-8821
3898
-7536
20645
-2911
-15963
-22418
-32765
18938
-22265
28557
27463
-30115
-31129
-9186
-29631
11068
-4818
-18799
-12791
-18905
16178
25136
28668
16689
-17143
15227
-5105
29822
-27524
-8959
-643
29568
-17281
-9589
-10369
-23424
-20352
-30838
-1532
-26472
16706
20106
15308
5053
-4163
-10578
-30080
17747
-848
-20852
25398
-22129
-25436
-18271
-18010
12653
-32765
-11782
-14073
7310
-12221
-10406
2660
16412
-2497
-25796
-6101
-26480
-13303
-10715
-15314
11309
-17668
29488
-18935
891
27662
-8836
-14213
-8703
-19587
28032
-28545
-11637
-30337
-24704
-14208
31114
-13564
-10339
-6847
6026
15306
-3653
28860
-20822
-17025
25172
-30035
11917
-13003
18573
-1120
-10595
31147
13164
-32765
31227
26375
-3703
14914
23640
24927
19993
-14788
-20934
-23513
10896
-6392
-32222
27435
26923
2301
-18642
-32761
7286
-22515
14716
-14729
-8703
20861
23680
28031
7564
-24449
-19584
-12160
14470
-25852
-27995
-24257
32647
7881
-8774
11707
-31835
29309
-25006
24745
-30323
1588
3978
-8803
1179
19633
22378
-32765
-19205
26375
27277
-1731
-28331
-20899
16152
29243
5688
-19419
29327
27400
27169
25898
19753
10493
17198
-5625
18297
15628
-7814
-19848
-8447
12413
1408
32127
4492
-25729
-7552
-3968
27018
-24316
-5720
-14016
7050
16578
-845
-12871
9122
-23435
12609
-9823
-13685
9775
26498
-11371
3989
26292
-12441
-32765
2044
519
-25459
13370
-10159
6747
15638
8506
19257
-15069
1423
-6649
-26081
2345
-29145
23293
3629
18183
-10120
23819
-18822
26488
-8703
-23428
20864
8063
8844
-31617
2945
-3712
22664
15108
16046
28989
24969
25539
-26698
6839
-21091
-31366
16721
-5470
21389
29745
-8316
-9832
-1133
-30535
30567
-32765
18172
-29434
-2422
57
-11696
-32425
-19180
-29896
-6857
-19424
-370
10503
-13539
-3803
7205
29437
-11477
9990
-7306
17675
-21894
10871
-8447
13692
4480
21119
7820
11391
-1664
-3968
-891
7940
-18254
-14022
8840
31425
-1612
-27723
22938
-2441
-6321
7327
12685
8495
7298
32149
28306
-21572
-1691
-32765
22268
29446
-4722
4660
2893
24407
-5869
11575
17463
-24288
-4467
11526
27164
23589
-19164
-31491
-22485
-5882
-6535
-23031
-7304
-20105
-8703
18556
11136
27775
19340
21375
14209
-640
32652
-1277
18100
7226
27276
-27460
-21839
180
25752
20086
31310
-31587
-24693
16172
12927
18068
18833
25791
6244
-32765
-24580
11270
-18035
-3791
-21686
-20398
3858
18486
-24265
-31459
4238
-762
-21990
30242
17953
-23555
17450
-15355
15735
21513
12153
20342
-8703
2684
-4737
28031
11916
-130
-15488
-8064
-31099
-6141
23483
20024
17801
-19527
31151
-3153
10131
-12173
30540
19864
3723
-6868
-10885
28303
-11636
-32571
13922
-32765
-16644
-17403
20364
-30418
-14521
-11185
-22000
24628
14133
12315
11918
-11003
-25320
26912
-18401
-20483
-4312
-10492
1654
-12280
-27272
-3979
-8703
10875
-26497
19839
-28276
-10882
14721
5505
-25980
-13309
-3650
25397
24968
-29259
-18772
-23123
23694
5745
30793
-1901
-21878
-15831
32120
20621
27018
31176
-22433
32515
-12804
-26875
17040
22315
-8381
-11698
24847
-18125
28982
-13286
-26227
-25083
-27369
-14049
-27617
-17667
-10969
21253
-10888
-2297
-29065
29817
-8703
-2950
-25473
20351
-31348
-11138
-896
27777
5512
-18685
5313
21300
139
-13135
-12119
29353
25225
4720
22345
-5489
26250
-27352
19317
14473
-32379
2252
-31906
-32765
-2308
22789
13709
-20439
-7103
17482
19981
-31951
-20171
-7401
7566
-28155
18197
-6372
-9444
-14595
15143
18436
21877
-32761
-9354
28276
-8447
-26502
-32385
2687
-29556
21630
24705
13697
-3968
-20733
456
7218
-4473
-593
7336
-29275
10370
3949
30536
10634
9355
-10713
-8848
-28796
-30079
-23855
-9636
-32765
509
1029
16524
7463
-11201
-3257
-11764
23856
30005
-8171
17806
2309
-1517
13851
21786
-13827
12582
2308
-18572
8455
-22921
-8331
-8447
7034
-24193
28799
-18292
-17282
12929
18049
1412
-24317
7626
22063
7817
-16213
21925
-1116
-897
18027
-16570
19847
-20854
22821
-25746
-5502
17023
10195
2139
-32765
3837
-508
-21618
29988
22332
-18875
-18165
-10961
-15307
-23788
1165
11269
10515
23833
-9961
-12803
32293
14084
-13707
-22522
8565
6004
-8447
-14471
25983
23935
-6516
27518
22913
20609
5253
-26621
-4659
-27602
138
-24921
6306
29858
-24965
-21911
32582
6276
17802
-15836
4204
15487
-29317
-8746
-28071
32515
7933
-18684
-19062
18979
2363
27201
-24822
17709
-5068
24338
11917
-6396
16145
-5866
21270
-12291
14884
23299
20337
31750
-6540
4722
-8703
18553
16255
5503
397
21630
20353
1665
-3972
-27901
-21037
2860
-23931
12453
9120
-22369
-29578
-5786
-20411
6271
21386
26659
1384
13947
32121
20443
27735
-32765
8189
30980
15244
16416
18488
-9920
6410
13356
12084
10770
-13172
24324
-31984
5911
-30698
-12035
23587
26627
1139
6
884
-3215
-8447
-9608
16511
12671
4493
6014
20865
22913
-3454
-29181
-2860
-17111
-8056
-96
-29539
-3171
-16269
8038
15685
2173
28042
14625
-11163
-14727
-28042
-2340
-14251
32515
9469
29444
21901
-6371
-7115
-1986
17417
16171
25141
-7408
-4725
-32252
17935
31509
21013
-11779
-19422
23299
-5006
-21243
25459
22641
-8703
-22920
5247
10879
18573
-18819
21377
-32639
-15230
-29949
-28200
5929
-32375
7837
13979
6555
4207
15972
-12732
9849
-9335
-27360
-24478
4470
-15245
23776
9556
32515
10493
12292
6025
-20452
22580
-19909
9224
-13015
-16589
-15090
-27508
30212
-4595
-16877
-26350
-11779
29985
-9982
10351
25093
-26252
-2961
-8703
8056
8831
11903
11917
-14211
23169
17281
-29058
-30717
-5668
1830
-7546
12698
-20584
27544
25704
-3743
29251
20851
19594
27167
12639
30834
31087
29667
10578
32515
10493
-6141
-19828
-5096
32560
11065
29447
4392
2355
31757
23692
16899
27660
-21231
-29424
-11779
-5089
-7934
25458
1029
-27533
23410
-8703
-30345
-12930
6527
2701
-12931
14465
-28543
18053
-30973
1757
-27102
-26486
16531
-10860
-14186
19300
-3745
25410
-10385
-119
19482
30299
-31122
-3222
9956
3664
-32765
11517
-16893
-27763
-1771
-22740
7733
-32762
2086
-13007
-23541
-11124
-4094
-9462
-31729
9743
-11523
-6371
-23806
27250
-25340
-910
-1936
-8703
3191
-9602
3711
2445
-32643
22913
-25983
130
-30973
-23328
-17121
-30327
15758
-2415
12179
-7588
-26019
7233
30057
-28278
12056
-25002
28777
5992
23015
11085
-32509
12285
-27645
-19573
-13036
-12759
20273
-13563
16164
-31184
6666
-9076
-3326
-25335
-8435
-25843
-11523
-4068
29442
10352
32260
-23438
15983
-8447
-27786
-9090
3711
20621
-32643
32129
-24191
-21889
-30973
16612
-31972
-18552
10635
1167
10384
11607
-24485
-12226
-13213
28042
-20714
-5294
-12956
-16798
12522
7499
-32765
12541
-30717
-4466
-3823
31014
-4048
-19963
-7389
-15311
-10487
7820
-2814
7433
-25588
-8693
-11523
32028
-31742
-32141
18692
30834
28018
-8703
-27274
-15490
-15746
-16499
29053
27265
-11903
-28026
-30973
2022
17691
-12660
31620
32395
29071
2134
-31399
4926
13411
-7031
-4588
-2224
14946
-10400
-5653
-5303
-32765
12797
30467
-13939
29200
-27357
6956
-8956
12834
3121
-29689
-21620
515
-15865
-3574
32010
-11267
9755
20994
31088
1796
16241
-20626
-8703
13685
27774
-27266
-1139
18301
31617
-11647
-30336
-31485
28138
7449
-631
9856
9864
26250
31053
9303
-15043
21849
-17526
19219
-28853
4956
32090
6895
5703
-32765
13053
26883
18829
23055
7458
19498
30468
-9695
28466
-7162
-28531
10755
8711
-15863
-13815
-11267
12059
16642
-21137
1028
-31885
-6544
-8703
-26764
19326
32382
10638
-1412
-17535
-17279
12671
-31485
-10772
27671
-12151
9852
31620
6022
30024
-11436
16444
-28588
16266
28434
3144
-9130
19286
4081
28229
-32765
13053
24835
-13679
-4083
32
18475
13828
9507
-4044
-11514
1934
25859
-506
-27895
-24568
-11523
-12517
18690
-16525
-6397
-31373
-11405
-8447
-7821
20350
32382
10382
-4228
-27775
-7295
15235
-31485
-5395
-2283
-13684
-13450
-23680
6788
32324
-31661
8508
-12974
-10359
-2543
12102
32085
30290
29938
13636
32515
12797
19971
1680
-5362
12066
32045
6660
28452
1849
-8698
8082
-5885
4615
22793
777
-11267
-22245
15106
-7055
13828
11895
-8332
-8703
23667
-643
-28802
27022
30588
29057
-22911
29567
-31741
9198
-22511
-18549
14457
10626
29829
-32190
3669
31808
-686
28047
14611
8006
-429
-27054
21491
-30397
32515
13053
18691
12688
17933
800
-26324
2308
-4574
14136
-31226
25746
-9213
-23034
18697
12553
-11523
25114
14594
25457
3844
-23434
3188
-8703
-16782
-9347
17790
11918
30076
-3199
-5503
-13438
-31997
-21778
-241
28045
-398
-24194
-27005
10817
-17070
20799
-13232
1935
-8688
-7101
-2734
25170
-4621
-19647
-32765
13053
18691
19090
-14069
-19684
23338
-18941
-30686
-14535
-11003
4498
7428
5126
22536
-15353
-11523
19738
15106
-654
-5117
12150
20085
-8703
20850
-14979
18814
13966
27516
-11903
-2687
19844
-31741
-25104
6671
-10098
-5267
21626
-5761
-27845
-1456
-13249
25419
17551
-1265
30784
28494
-4533
-27915
3136
-32765
13053
18435
4750
-31733
-24036
31270
-31485
5154
-19654
13317
11411
-764
27141
6919
31238
-11267
1050
12034
5231
-6397
5750
-17551
-8703
-29071
-18307
18302
24206
4476
-15231
1922
-4996
-31997
4595
-11507
-22902
-31381
-23944
-12419
-28361
24399
9279
840
-14449
21008
31549
9802
-18360
5111
20030
-32765
13309
17667
-26992
-1783
3610
-7900
22019
-5346
-9163
-29436
-30061
31235
-16636
-30970
32517
-11267
32279
13058
19313
-14333
13174
21619
-8703
-7824
29821
16766
21134
11644
-14975
17794
-14206
-31741
-20497
-19957
-11634
-11163
30581
26235
20275
13132
-8389
10819
-12401
-19703
-16071
-13754
21827
10229
-17605
32515
13309
18435
-12656
-23543
18713
11812
19971
23329
-20932
-30716
-30830
2054
-18940
11270
-31227
-11523
6426
11778
113
-17405
-17036
-7823
-8703
-17808
13181
14718
30862
-3205
-11647
16002
-13182
-31997
24309
-22260
1167
-26269
-8334
1401
-18127
29516
-12481
8514
-27505
31247
-3016
-14268
-17598
-5896
-10181
32515
13309
18179
396
-9208
-17129
16672
9731
11040
4156
-4349
148
1798
5892
14597
-32508
-11267
-7400
9730
365
-19965
-5772
-30865
-8703
14192
19837
3454
26766
-11397
-7039
24706
-4481
-31997
16886
-11766
-6772
-7073
18800
27254
-11220
30794
21310
-21188
-23920
1293
-4812
-21441
-27587
31481
3386
32515
13309
18435
16527
-24057
5909
-15329
6147
-29409
-6596
-20733
-14189
-30203
-15357
-1020
-29180
-11523
23576
9218
4464
-24829
-21645
-13968
-8703
-2193
4989
8574
15246
-32645
-639
21634
29830
-32509
-30986
8202
-24176
25945
-9109
-7820
-18646
23113
-5827
21050
-26736
-8438
29746
-19139
7484
-5127
-21192
32259
13309
18691
-23921
-2298
-22509
-23779
771
-11746
3900
20739
-18797
10502
31747
-25596
12548
-11267
19224
7938
-6289
-27645
6771
-20624
-8703
23151
-3204
17278
11662
-901
13442
26242
1411
-32509
-9
19721
-8305
13909
-664
9584
29222
-30137
-14020
32565
24977
17419
-29137
15674
-30152
-7686
26679
32515
13565
19459
3468
32518
13586
-3302
-1790
-20198
-16073
4867
-11374
-17147
4611
19204
-8701
-11267
-235
7170
12908
-30461
14960
-11669
-8703
-27282
-11652
8318
25486
-28037
-383
15234
23425
-32509
22008
27656
-16498
10322
31590
26990
-6365
30277
6973
25906
29843
-19704
13612
4152
-29642
7675
7477
-32765
13565
20227
2191
-20987
4624
-6374
-3070
-4582
24375
5379
28816
12294
-1790
5124
-22525
-11267
-21739
7682
-11666
-31741
-11922
9583
-8447
-24722
7037
15998
-10099
-27781
24706
20866
-20601
-32509
-12296
-2553
-30574
-17588
-32158
-17555
-7647
-18620
-21956
-13775
3731
8456
-2262
22838
-30924
-29189
-9421
