-4222
22126
32515
9469
-1789
-17786
29443
15113
7182
-8958
22037
23354
9218
5515
29196
-12799
15874
-9215
-11267
-7403
8194
-15002
-32253
2666
20837
-8447
-26006
11388
-11651
7565
-20102
-31102
-30334
31609
32259
-16900
4614
20363
15665
-4024
12625
-27376
-19662
-15565
-27370
23693
-30460
-7659
30493
7197
-4990
7541
32259
8701
1796
-22135
16643
-25080
-22771
-9214
-24555
-6597
9986
9354
-6900
-13055
11522
-16383
-11267
-25834
8194
-8087
-32509
-921
18535
-8703
-23190
16508
-10627
19597
25722
-19582
23170
16255
32003
-15620
13574
29838
-5587
-21690
-14768
19728
-7887
15156
25622
-7796
-30204
-19947
3356
-19685
11395
7792
32515
8445
6148
23687
17923
27912
32524
-8958
-21483
-12997
9986
18570
13838
-15359
9474
-18943
-11267
4630
8450
-2458
-31997
2409
8038
-8447
8554
14716
-21635
-116
13690
-20862
-23166
-27527
32003
-9220
-4091
17035
9006
-7099
13388
15374
-22991
27700
-749
27277
773
5140
27674
24601
10115
-27026
-32765
7677
-509
-29306
13059
3080
11532
-8958
-1516
3643
11266
-631
22030
-15103
10754
-16895
-11267
-6635
9218
20838
-31485
26216
21604
-8447
8810
5756
-7043
3213
3194
-29566
-20862
3705
32003
-9988
-24571
-6006
22316
2116
17996
24334
-20944
3891
19988
3213
27652
2324
-21990
18970
-894
31604
-32253
6909
5892
16522
6147
-30457
26892
-8958
-21227
-24005
12546
19593
-17650
-15615
10498
-18687
-11267
-26858
9730
18025
-31741
18791
-9370
-8447
-5783
15228
-4483
-2676
21114
23938
-27518
-12677
32003
-8708
-19707
-31860
810
-12223
27467
9486
-29648
30516
4372
-25460
28676
-29421
-10215
8473
19843
-12434
-31741
6397
4356
-122
5379
-25337
-22006
-9214
-10988
14141
12546
-13431
23823
-17663
6914
-20991
-11267
28438
9730
-2459
-31229
11368
-8604
-8447
23913
11132
-3715
5005
4986
19074
-16510
-2189
32003
-5380
19717
-19064
-24535
-25791
-31673
5133
-978
2868
19730
19085
20228
9746
10264
5656
17283
11631
-30717
5373
5892
-16762
771
11783
-32758
-8958
22292
-12229
13314
31369
-27121
-18175
5378
-24575
-11267
28950
10242
-5787
-30461
-19353
8549
-8447
-26263
124
6014
653
8314
32642
-11390
32632
32003
-6148
16645
28810
-16089
25919
5190
-8437
22574
-12749
15889
-7284
-9469
30225
-15594
-2795
-4222
-18829
-29949
4093
4
21386
-6142
-17402
-3830
-9214
-20713
-25790
16130
20620
-25073
-14847
18178
-15871
-11523
22039
10754
-11671
-28413
27243
-14998
-8959
5481
-11141
-10883
-23924
2682
27266
-29822
8315
31747
-9988
-15356
8589
-6364
6717
-27834
2316
-1233
-2506
-31213
-26226
18180
24595
-31462
31001
-9342
1133
-29693
4093
6660
-15994
2307
-23289
23052
-9214
-26600
20547
16130
-10867
-25070
-16895
10242
-20991
-11267
19224
10498
-28059
-26365
-30867
-13208
-8703
-920
124
-13955
-25972
22650
25986
-30590
23157
32003
-5380
-30204
27017
2855
-4290
-1977
-16885
-17361
4151
-19183
1423
16389
3602
-7913
25623
-16766
16242
-28157
3581
9732
-11128
-4606
5639
13324
-9214
14873
-26300
16386
11405
8979
-17919
7938
-23039
-11267
-24296
10242
-25752
-25853
10092
-20120
-8703
-19096
-17541
-15747
28044
13434
-31870
-28798
-1926
31747
-6148
28676
20620
30500
23356
17479
16139
16431
-20425
-28911
21902
-24060
18705
-20970
23062
5251
26739
-26877
3581
15364
-32375
-6654
-15098
-22517
-9214
32281
-22459
16642
8845
-3053
-18175
8706
-24063
-11523
-1256
9730
10857
-25085
9581
14699
-8703
-28824
-20869
-3715
-24692
634
12674
-15486
-8070
31747
-4612
24836
-21876
6436
12603
-20923
20490
-16594
24120
29456
3215
5637
-14576
-27370
30485
-5246
-25491
-23805
3581
17156
-7291
-7422
-12026
2571
-9214
25113
6469
16386
-25715
-5868
-18943
5122
-27647
-11523
537
8962
21350
-23805
-13459
19304
-8703
11624
-6021
-20611
22156
-20615
-28286
-27774
-3209
31747
-3844
14852
-11894
4387
-19910
16451
-32247
-5331
31799
-30193
25231
-14076
-10737
-27884
22035
-11646
-7310
-20733
3325
20484
393
-13054
11526
30475
-9214
31257
-16570
17154
10381
25108
-18943
6658
-26111
-11523
537
8962
-7064
-23037
-2452
23659
-8703
3944
-27269
-899
-32372
6266
31362
-22910
-7298
31747
-4100
7940
-28274
18208
-19657
32067
19977
-25811
-21961
26895
-8050
26372
-23025
-2540
30483
10115
-25997
-17405
3325
25860
32649
-14846
-2811
23050
-9214
29209
24135
17410
31373
23573
-19711
4866
-27903
-11523
-24551
8450
-2200
-22013
14189
15978
-8703
-18073
-17285
-9091
18828
-11143
17026
-4478
8314
31747
-2820
-2301
-24692
18463
12342
-9664
-8696
22828
27448
-28146
19599
29956
29710
32275
-19950
9347
27760
-11517
3325
30724
29575
-16638
-10491
21514
-9214
-15080
-17594
17922
1166
-16107
-19711
4354
-27647
-11523
-30439
8450
23911
-19453
5229
-30871
-8703
27495
-28805
-12419
5004
-23943
13186
-1918
-14472
31747
-2564
-8445
-5493
-8163
9013
-19393
264
16171
29239
-16883
-12913
10500
-6131
-23534
-9711
-2174
-17033
-6653
3069
-20732
30091
-19966
23557
29194
-9214
19994
-4281
18178
6797
2327
-19967
3842
-29439
-11523
17434
8706
27243
-18429
-21140
-17557
-8703
19303
-32645
-4739
18060
-1415
25730
-14718
23422
31747
-2564
-11261
24719
21531
18226
-7106
-15609
-29397
23352
16141
29839
16900
27661
-2799
-28144
-22910
15219
4
3325
-13308
9609
-19710
30981
-25079
-9214
8218
-26807
18434
12686
5912
-20223
2818
-30719
-11523
-28134
8450
-25240
-17661
-23955
12139
-8703
5479
-28293
-10627
-2165
-6791
-26494
-32126
9849
31747
-2308
-19965
-31348
23067
10546
-10949
263
2858
20280
-7925
24720
23812
23308
-20464
29199
-6270
2924
11780
3069
17669
-17790
-24318
24580
-30456
-9470
-23535
-7116
17666
19854
-7917
-21503
-3327
32513
-11267
24598
8706
-5024
-18941
2660
23390
-8703
-4762
-20869
-2435
-6773
-20871
32386
-15486
3958
31491
-2308
-13309
-12664
28438
31275
17977
16134
-4572
-12756
-6136
-3696
25858
-9977
22538
-23285
-1918
-14473
18948
2557
30469
-26741
-22270
1541
3594
-8958
18715
-14517
19970
-18034
-23527
-20223
3330
-30975
-11523
10011
9986
-19861
-17405
29549
877
-8191
-18842
29819
-21123
-20085
-11655
-23934
-5502
-13445
31747
-2564
-28925
18574
4632
-24274
7483
30726
-9431
314
14091
32400
-31996
-22005
22031
25870
-1662
7282
30468
2557
-26107
25480
-23294
261
-19960
-9214
-28389
-3252
19458
29583
31259
-20479
1794
-31999
-11523
-29669
9730
26984
-15101
-26002
-28565
-8191
32358
14459
-20355
-8053
-31879
-10622
-3454
32628
31747
-2308
32003
-4982
15639
-12755
18487
-12795
-4569
7225
-13047
-19823
32516
28938
1550
5901
8835
22642
-18684
2557
-9979
-15737
-24318
-17404
-13048
-9214
29979
5453
19714
7311
-23013
-20223
1538
-32255
-11523
-25829
9730
26472
-12285
-12178
-405
-7679
12390
13179
-28035
-30325
-30599
-28030
10883
-26759
31747
-2564
29699
-13684
32021
-17365
5175
-22523
-25561
27960
-16631
5521
15876
13834
-27891
-20724
-21118
29300
-6652
2301
24838
2185
-24830
27908
-30200
-9214
4636
3151
19458
-2674
-26851
-19711
1026
-32511
-11779
12572
9474
21609
-11005
-9108
4459
-6911
5990
25979
-10627
-28277
17273
-8062
-21374
6779
31747
-2564
27395
3470
16916
13609
31541
27397
-6105
1594
19209
27537
-22012
-15607
-4084
27659
3459
13932
10757
2557
-27386
-7036
-25086
25092
31751
-9214
-28900
31567
19202
-18289
7712
-19711
258
-32511
-11523
-7397
8962
5477
-11773
622
-27031
-6399
-13723
1403
-19075
25483
11385
-24958
5507
-6284
31747
-2308
24835
20106
24083
-23256
26674
-6908
-731
28218
12808
-25710
-28156
-15096
30731
-30710
7811
7537
32517
2813
-17402
-13690
-25598
4868
14856
-9214
16668
-14001
19458
4239
-24802
-18943
1026
-31743
-11523
-5861
8962
29799
-8957
-32148
-13463
-5375
-12955
17275
30845
23435
7545
29314
11139
8314
31747
-2052
23299
21389
17937
-29147
10804
6405
1574
16698
-23544
-17007
8708
-25592
16396
12044
-5758
-7311
-19195
3581
6919
31367
-25854
4868
-27641
-9214
8476
7761
18946
26766
-20193
-18175
514
-32511
-11523
-11748
8450
-28825
-8701
-3478
2409
-4351
-30107
24955
-23939
10635
14201
-20350
1667
-2183
31747
-1540
22275
-23155
-24304
21029
30257
-24316
24870
59
-26873
10898
-31228
-3321
21515
-28150
-10622
-17813
10758
3837
24583
131
-25854
-5117
25351
-8958
1820
28496
18690
-6002
6433
-17919
2
-32511
-11523
-7396
7682
-1949
-3325
-26006
-22939
-2047
10853
3963
-23427
2699
-29575
-22398
-1150
9591
31747
-1284
20739
28299
11024
-16093
9776
20740
-25819
19002
8711
-9326
-17660
-27129
-25846
18698
-4222
8561
-30458
4093
-30457
1158
-26366
-18941
16647
-9214
-24549
28241
18690
12174
7201
-16383
-255
-32767
-11523
-4836
7938
5991
1028
-30614
14952
2
24421
3451
-15747
-4726
11897
-18302
10627
-7298
31747
-1028
20483
-20081
29710
21537
20527
12804
-23772
-32198
-2042
24978
-32508
15623
266
4105
-27518
-11665
-10746
4605
-4857
-27259
-26622
21251
18694
-9214
24601
22858
18178
10893
34
-15615
-1023
-32511
-11523
-19172
7426
-27035
3844
30568
24166
1282
22629
12411
-5763
-13174
24441
-17278
-13182
-651
31747
-260
23811
15754
-4341
-3813
28715
-11261
-22500
-7131
-5372
7059
7684
11780
-763
-30458
4995
-25492
27143
4605
11528
19331
-26366
-24829
1542
-9214
-2278
31312
19202
16524
-11230
-14847
-767
-32255
-11523
26653
8194
11108
12804
-27032
-23196
7170
6501
8315
-5507
-25462
6777
-17022
10627
21111
31747
-260
18691
31115
29709
-9953
-214
-16893
-17885
-29125
-4859
-19821
-14844
18950
-23032
-4601
1155
31091
-15865
4861
-8184
-17274
-26110
29955
-7931
-8958
31002
13136
19202
-3703
3106
-13823
-767
-32511
-11523
-1763
8706
5224
8964
2407
8294
9986
-14236
-6278
-13187
-27766
20857
-14718
7043
-13957
32003
-4
19203
-3699
-26868
-7139
14123
-7165
12579
30523
-7163
-29806
15108
11014
-31224
23559
5251
-3219
7176
5373
8201
29060
-26110
29699
28677
-9214
-21478
18000
18690
26762
28196
-11775
-1279
-31743
-11523
3870
8450
-4764
16388
-15769
8549
14082
-8604
-8582
-23683
-26230
27001
-7038
14979
5238
31747
509
18691
907
-27636
-26595
2856
-25853
-1247
7994
23557
12179
-7676
-23035
-17145
10503
-1918
20588
-18680
5373
24073
10371
-26110
19203
-10748
-8958
-23015
-18610
18690
12169
25892
-10495
-1023
-31743
-11523
-7395
8962
-28317
15876
2920
10085
18946
-27804
-22662
-15235
-28534
10361
-11902
11139
-10636
31747
765
18947
19338
17675
21019
-20956
-27133
12831
-24522
10501
7824
-30716
6149
16391
-28922
-11134
-655
10761
5885
2826
-15226
-26110
12035
-9724
-8958
25882
-14769
18690
32648
30757
-8191
-511
-31231
-11523
25886
9986
21862
12804
26982
-26523
23554
-29596
-17542
-29315
27018
121
-14462
5507
11127
32003
1021
19459
-23157
11274
-18408
32035
31491
13087
24886
-13052
-9074
-4092
-19196
-4346
-3067
-26750
26219
32265
6397
-758
-21886
-26110
11779
19716
-8958
-14567
-7858
17410
8328
5415
-11519
-2303
-31743
-11523
21278
9218
22370
12292
7525
-2207
26626
20836
-16262
-29315
27786
29048
3715
-8830
9327
32003
1789
19971
30855
-26103
2072
-25058
20739
-28387
-28620
6148
7055
2565
11524
774
-22523
-1662
17003
25354
6141
-31989
2178
-26110
10243
-31484
-8702
8475
-19633
16898
18567
12073
-9471
-2047
-31231
-11779
-20450
9474
-22174
14596
30053
-13214
-30462
32356
-14982
-25219
24970
-6280
387
17539
-7821
32003
1533
20483
8585
12041
19479
-1505
20739
-22243
17205
12292
8334
31493
13828
-1019
30981
-26494
2414
-22006
6141
8716
-22909
-26110
7683
23300
-8958
8219
23122
16130
-5498
-11223
-6399
-2559
-31231
-11779
-19681
9730
-18845
21764
14948
-4511
-21502
21348
-29318
-11395
3978
14969
-14718
-6526
-16012
31747
1533
21251
-9335
-15608
13078
9246
13827
30237
13367
-9469
-14707
-18683
772
30469
9477
-15230
-15771
8203
6397
18956
-28801
-26110
7939
15364
-8702
-31462
7761
15618
32391
17706
-5887
-2559
-30975
-11779
-30945
8450
15967
27652
-17308
95
-12798
-13213
-13958
-29571
12170
-14728
-2686
11651
-20882
32003
1789
20995
25734
13064
-7403
14877
9731
-16868
4917
-18685
22926
-5627
-16893
21509
-12796
-18814
1131
-29941
6653
8204
-2175
-26110
4355
11012
-9214
10522
29265
15362
24710
-471
-2559
-1535
-29695
-11523
-16865
8706
7778
-24828
-8861
-2976
-4862
16228
28026
22909
-1143
8057
-3966
643
-20877
31747
2045
20995
-4472
-28921
19988
20508
8707
14876
14390
-22013
26765
-24059
-23549
12549
-27644
-28286
28524
-5365
6909
-18932
-7038
-26110
4611
6916
-8958
18203
-26798
15874
-24955
-5333
3330
-767
-28159
-11779
-27872
9218
-13982
-10748
-6045
-2464
3331
-2461
30074
-26755
-4215
5241
-4734
-8318
13939
32003
2557
22019
-18552
-29689
9236
22299
7171
13852
10038
-28157
6541
16902
-28925
-8188
-28412
-31102
-16794
-21236
7165
-23796
12415
-26110
5379
-2045
-8958
31258
-19630
14850
10118
22060
3330
-1535
-28671
-11779
-12768
7426
26719
5381
14436
2910
15875
5476
-29318
-24451
11146
-10120
13955
-18046
19568
32003
2813
21763
-27258
25351
17684
29977
2307
27675
-3531
21251
30349
14854
24323
-25340
12292
-5758
19564
-3572
7421
525
18562
-26110
2051
10244
-8958
-21477
-1198
14594
1157
29228
7938
258
-26111
-11779
-12256
8450
22114
1541
-413
-1952
18947
29540
-17286
-22403
-10359
-6536
6787
11907
24951
32003
2813
22019
24202
-12026
24082
3611
3331
30236
-17354
26883
10892
32518
20739
-4348
18692
1155
-917
10509
7677
9741
15746
-26110
2307
-2301
-8958
8731
-26797
14338
29061
-18900
11778
1026
-23295
-11779
12065
9218
24930
3589
29796
-8607
25091
30052
-23942
-28035
2186
-15240
-9086
15491
-32654
32003
3325
22275
10376
-19962
23826
31256
771
13083
27702
14851
-116
-25338
10499
29700
-253
-17534
17770
-2035
7677
6669
1665
-26110
2051
-2813
-8958
-1766
-12974
14594
-17787
8749
13058
1026
-24831
-11779
14625
8706
9313
14853
14181
-2976
-32509
19044
-7302
-28547
-18807
-2696
-12670
1155
23409
32003
3325
21763
-32633
32518
-21743
-21737
3
-21734
-28619
9475
2445
-31994
1539
26116
-20989
-22910
882
12558
7677
-29683
645
-26110
1539
2820
-8958
-5605
-19884
15106
-23164
3117
16130
1794
-24575
-11779
-32478
11778
6758
13573
-28572
-16797
-23805
22116
-13702
-21891
-25207
19577
387
1667
-19850
32003
3581
22531
-30326
15366
273
13848
259
27
21047
14339
-885
-21754
2051
19716
-18941
-31102
-4500
-16626
7933
-24051
-13950
-26110
1539
-2301
-8958
30236
20053
15106
-2683
19503
22786
2562
-22527
-11779
-20958
12802
26979
27397
32614
-17821
-20989
26724
-18054
-12419
-8567
889
-12670
-4222
-15504
32003
3581
21507
31623
13318
-13552
-7403
-2302
-27623
-11979
-1534
-30580
4359
-11774
772
-23549
-13694
-5781
32271
7677
-8691
15234
-26110
1795
772
-8958
5660
19285
15106
-7547
17711
24322
3842
-18943
-11779
-18398
13314
-13214
-31227
-25754
-8605
-4349
-31388
-22918
31613
-24183
-11656
-4222
6787
13937
32003
3581
22019
-30073
-11003
18704
7958
-2558
-8424
15413
-3582
14988
6407
-12286
-2301
26627
-24958
-27535
2576
7677
-24306
32133
-26110
771
4
-8958
-10723
18775
15362
-18555
30512
31746
6146
-18175
-11779
-31965
18946
9830
31749
26726
12134
4356
-17820
-18054
-28803
22921
-14216
-7550
-2686
-28301
32003
3581
23043
17289
-19707
-29681
29205
-4350
-743
32054
-9726
-629
-19193
-17662
-7421
7427
-31102
20076
-10736
7677
-3826
-32382
-26110
2051
4
-8958
12829
1623
15362
-3707
1586
31234
5378
-19711
-11779
-22493
16386
24674
-9467
4711
-10140
11780
17764
-30086
-9859
29321
-18056
-12670
-11390
17004
32003
3581
23555
12421
-21755
-26097
9492
-5630
5912
-19404
-15614
32652
8
-27902
-24829
13059
26498
2158
-24815
7165
11279
-2174
-26110
2307
4356
-9214
-13794
-5542
16386
2184
21555
-28414
8194
-16895
-12035
-16860
18690
13412
9734
1385
-6554
-27388
1636
23674
-17539
6793
-20616
-17278
-9598
-22414
32003
3069
23811
-18552
19717
-1778
-30956
-5630
-21992
-14795
-13822
8076
-21752
-27390
-22269
3331
-32638
12399
-24302
7421
20496
-15997
-26110
3075
14084
-8958
-18146
91
15874
9863
-12494
-28670
6658
-17663
-11779
-19164
20994
5732
-23291
5478
8804
20228
4452
29562
-26499
8841
-12680
-20862
643
-25484
32003
3581
25859
-29303
-15867
26128
32024
-4862
21531
-1990
3
-25713
-21496
-7934
-2045
20739
27522
-7578
-4333
8189
1809
29055
-26110
3587
6148
-8958
15390
-15272
15106
-18297
11573
-30718
4866
-19711
-12035
-988
18690
-24225
-6907
5734
4961
-16380
-13469
-15750
-31363
-13944
-23944
1155
-7038
-25234
32003
4093
26883
19846
-29179
-30193
27926
-5630
-29415
4408
-8958
20111
22537
-23550
-22013
26115
-12158
11116
-4076
8701
30225
27521
-26110
2307
9988
-8958
26655
-31654
14594
3975
-18124
-20734
10242
-12799
-12035
37
19714
-6302
9734
-9883
14948
7941
-23197
-30086
-8835
-3704
-13448
-8062
23171
-10893
32003
4605
28163
-3192
3589
19214
16918
-6654
-5863
-8904
-10238
-13682
14345
-27134
-24573
259
28290
-4244
31765
9213
-19182
30337
-26110
1539
3076
-8958
-21729
-32421
14082
-19835
6454
-22526
7170
-13567
-12035
20773
22018
-15774
-6907
1893
17250
11013
-10653
-22918
-28291
-6776
-14728
-11902
-8318
9587
32003
5629
31235
-28024
-18428
26637
-24557
-7422
-29415
29753
-25086
-13171
-30455
26626
16643
-26878
26242
29287
3863
9725
17171
-11907
-26110
2307
-3069
-8958
-12002
-28070
13570
-21371
26166
-23038
6146
-14079
-11779
31781
17666
29279
6150
13412
-16290
-17147
-25757
23162
-21123
-7032
-19848
6531
-5502
-24720
32003
6141
-32509
-29050
-29692
8717
16914
-8190
14616
-21960
-30718
5518
-29175
17154
5635
-25086
30082
-20372
3608
9981
20756
-31872
-26110
1283
-1277
-8958
18207
11868
13314
-3452
5943
-15870
8706
-8703
-12035
23846
24578
-3742
11014
-17309
29280
13574
5732
29818
-7299
-14456
-10632
-13950
2691
-18313
32003
6653
-28925
14730
14852
-8693
-16878
-7934
-3048
-31687
-29438
-2164
-3575
18178
7683
-24318
-16766
-23189
-25575
10237
-29419
-28800
-26110
2307
-3325
-8958
14624
-12963
12546
645
16953
-8190
11010
-4863
-12035
15399
29698
18274
20998
9315
352
32006
-24477
-29830
-14723
-22904
-25736
-23678
18563
-24719
32003
7165
-23805
-27513
12292
-20213
10769
-8446
-14056
-14535
29186
19085
10251
11266
-8190
19970
19074
-15768
-26597
10237
-28651
-16770
-26110
3331
-4349
-8702
-23777
14172
12034
6788
11066
-3838
12546
-5887
-12035
-5082
30210
-26272
775
-1182
13663
26375
-26781
28026
31101
-25208
-8584
-25982
-5758
-2705
32003
6909
-22525
32646
-4349
-7414
20240
-8702
-4585
21561
27650
14733
11531
5378
-18430
23554
26754
-21648
-23012
9981
-21994
-6270
-25854
4611
-765
-8702
-3040
16989
12290
1667
-24517
8195
16130
-4863
-11779
27688
-25854
-22684
12039
3426
31072
5128
-26781
-27270
-899
-31864
-26760
-30078
-894
-7564
32259
6909
-16125
29321
-16381
6922
-23792
-8702
-16360
-29894
26882
652
12556
4098
-19966
16642
-23934
-655
21277
9725
-5358
21125
-26110
18179
-24060
-8958
-218
-5016
15106
30346
25918
20740
-14334
-25342
-12291
31531
-16126
31847
16393
26220
1130
-17657
23907
24442
-9603
6024
-7048
-6526
13187
9332
32003
6653
30211
-14710
6404
7692
-3056
-8958
-32483
-15803
31746
8081
2574
23554
10755
29442
-25982
11375
-14305
9725
-13292
-5758
-26110
18691
-27644
-8958
26917
12390
14082
29833
-10178
7172
-30718
14338
-12035
-3542
-14334
4709
-26615
-27030
-154
29193
17507
20090
-13955
12168
-11400
-11902
7299
13427
32003
6653
-28669
-6520
-15613
-21750
-7663
-9214
-2022
4416
27650
-30833
-1267
6146
-20990
15106
25986
-24716
29985
9469
14102
11910
-26110
18435
6917
-9214
-19417
-1177
13826
7306
-23232
18948
-26622
20738
-12291
11564
3587
24936
-15352
4458
-8599
-25335
30819
-32646
-9091
13704
-18056
-13694
4995
-19338
32003
6653
-26877
29835
-25085
30986
-26093
-8958
-11493
-26815
27138
400
-2290
6914
-19454
16898
26242
-658
27683
9469
535
9091
-26110
23555
4101
-8958
23592
-23448
14850
-9590
25666
29700
-19966
-31230
-12291
-1236
-4606
30821
-31223
31851
-18327
16138
31332
23162
-11139
-20345
-17544
-18814
8323
-6802
32259
6909
-24829
-13433
-21501
-11766
29457
-9214
-5861
26946
23810
-7280
15120
1026
-28158
6914
17794
24430
15397
9725
-16104
-24447
-26110
18435
-10492
-8958
-26072
-8856
15106
25225
-29375
27396
-12286
-13822
-12291
-24532
-510
-3484
-31479
-19863
-24729
-19190
-8860
30330
-25987
-19065
-10632
-13182
-2686
-8588
32259
6909
-13565
-3191
30723
10
10770
-8958
27676
16963
24834
25233
27407
514
-26110
5634
10370
1137
6184
9725
22555
-9086
-26110
24323
9733
-8958
31529
-3223
16386
-3960
21061
-9980
-4094
-2814
-13059
-15058
23043
-18586
-6647
-16281
11878
8716
5990
-14726
-387
-30073
-2184
-21630
-8574
4470
-32765
7677
516
20874
-31997
15626
-25070
-9214
7965
-25275
24322
20113
-9967
2818
-29694
1538
8578
-19096
6701
9725
31260
8830
-25854
-30717
-7676
-8958
-7384
-12437
16642
-14456
-1210
8965
-1022
-9726
-13059
-19921
31491
-31391
9739
22632
2916
-2035
26726
-22150
-11395
-634
19833
-32638
-894
25456
-31485
8189
5892
-28794
30467
3850
-2288
-9214
-28900
-11194
22018
-30575
-27630
-2047
-30974
9474
21634
14189
-16339
9469
12060
21632
-26110
27139
20228
-8958
-30172
613
13058
-25467
579
-14588
-15102
-23550
-13315
2348
24067
21603
6410
-25501
28769
22286
1895
2939
12414
18823
25465
-11390
18563
-29838
-30973
8189
-253
20359
-1790
12807
-13812
-9214
-28650
-17859
15362
-2419
22543
-13567
8706
-18687
-8062
-27788
-3534
9981
4373
8068
-26110
4099
-12029
-8958
8732
29276
12034
-31859
9013
25603
16642
5378
-12803
-13790
-27901
-19864
5640
22884
870
22802
-30105
1403
3966
11655
24697
4227
-21629
14969
-29181
8701
25603
5772
-24574
10244
-21498
-8958
19979
5678
11522
17815
-12281
-21759
-7935
-32255
-11646
3953
14647
10749
31508
-10877
-26110
1027
-15357
-8958
-14057
11613
12802
-20336
-7633
10755
12290
1538
-13315
-13019
29443
32105
-5113
-23447
20840
18710
-10649
15227
-1155
17799
23417
-5502
-27773
-8328
-26621
9725
23043
-27506
-26366
-27645
-25339
-9214
-6650
-11735
10754
-23910
20997
-22015
-9215
-32767
11394
9337
22843
10237
-8428
-17271
-26366
771
-12541
-9214
-20455
29030
19458
-2924
13617
-28669
22018
10242
-16387
-3800
-3837
24688
28936
-6034
-24720
-9706
-3993
10363
15742
-13690
-8071
-2942
9603
25731
-23037
10237
22019
27542
-26366
22531
27653
-9214
-27385
30003
12546
-11618
-8699
-22015
-8447
-32767
-19582
-4489
26945
10493
-29673
-11640
-25854
1027
-11261
-8702
-7660
-8099
18946
-25453
-29393
29699
18946
15874
-14851
11817
28420
14190
26120
-30357
-2197
24606
-1945
16251
9086
-11642
-11143
18307
-31357
25726
-14845
11005
25091
-14701
-26366
14851
-5372
-9214
-14332
-11996
11010
7071
-7421
-22015
-9215
32513
-32382
-1931
-23994
9725
18713
20872
-26110
3843
-4349
-8446
30997
-13473
21506
25234
-14542
-14589
27394
24578
-17155
4651
-30460
-24724
14857
30827
30314
8993
-16792
123
12926
-23930
24953
-4222
19587
-21123
-5117
11517
28675
26004
-26110
13315
-7932
-8958
-10492
-11994
10754
926
-27132
-21759
-9215
32513
-23934
-29059
-5303
5629
-16357
15756
-26110
3843
-2045
-8190
-23785
5474
23810
-21617
18741
6916
-32254
32258
-24067
-2772
17157
29808
1546
-13207
-16020
-26844
-3992
-3462
16254
32134
30329
-3198
24195
-27006
2564
11517
-30461
-28009
-26366
7171
-11004
-8958
7685
6697
10242
17052
10757
-22015
-9215
32513
16770
24439
17229
2557
-2020
1161
-25854
7171
-1021
-7422
-22761
-31901
27906
21903
-3784
29444
-21246
-20990
-29187
-28882
-19451
-30356
-16118
-26519
-32663
10279
6505
-2950
2686
-27770
-23175
-6526
9091
19580
11524
12029
-26365
-10861
-26110
6403
31492
-8958
-764
-30935
9218
18588
-14331
-22015
-9471
32513
30082
-10378
-9135
765
21022
-26744
-25854
8707
1796
-6910
-17896
14436
31490
29327
-29638
-22268
-16382
-8702
30205
15151
-14075
-7061
-19701
24426
-22678
8490
5225
11131
-2947
15494
26233
2179
28547
-28035
25348
12029
-23549
-32620
-26110
2819
21764
-8958
8965
2091
8962
-23140
2054
-22015
-9471
32513
24962
2172
3413
-5124
13088
-10101
-26110
10243
10756
-5374
-21223
8038
-25598
-1138
3132
7173
-766
3843
20221
-20944
6919
-4242
24076
9066
-10644
1837
13417
5499
12926
-10619
20857
-8318
30339
-7297
-28668
12285
-17917
-7019
-26110
771
18436
-8958
10501
-18133
8706
16540
17414
-21759
-9471
32513
7298
6003
17494
-21508
24610
-31867
-25854
-28925
-19708
-4094
-19167
-150
-16638
-29815
31304
-10746
-28669
-14589
2301
-21966
17927
-30872
6415
-7832
-20120
-21205
-14488
8571
-5763
-14203
19065
-10110
4995
22128
-21500
12797
4868
-29302
-26366
11011
21764
-9214
-20728
-20425
7938
-2157
8974
-22015
-9215
32513
-6527
-11152
15703
7676
-24020
-8063
-17150
11013
32006
-2558
-15826
-12175
1283
21122
13399
17931
-25595
-13563
26364
9275
-6393
-13467
-23276
-13977
22629
20007
2921
8571
-4227
-22395
19065
-15486
-5502
-7312
-11772
12797
4870
-11897
-25598
-8189
4614
-8958
28694
1862
8706
-6007
-6375
-19455
-6911
-32255
-26751
-15245
27737
-26117
-11473
9091
-8702
-16379
27399
1795
19506
-11148
20995
24450
-21926
-8180
-28922
-4090
-11013
-8387
8457
-2713
15895
25961
-14232
3881
-3992
3707
3454
645
7289
-28286
-28286
25202
-1020
13053
-16378
-26488
-25854
-3325
6150
-8958
2328
3657
8706
-1400
540
-17407
-6655
-31999
-23935
11116
20833
25596
-28113
1151
-3326
-1787
7
2051
18228
-6026
-30973
-9851
19033
4621
8455
-15609
5116
4670
31496
-19356
30744
-26261
-23704
-7139
361
-11654
6014
1925
-19080
14210
-22654
3951
-27131
12797
19462
7815
-25854
-9725
-19195
-9214
18459
-18867
9474
-12148
-3301
-17151
-5119
-32255
-22399
28530
-23711
11259
26418
-12927
-3838
12294
-2041
6659
-2508
-19080
-26621
387
-27554
8974
11271
-19193
10235
13120
-4087
-19097
32538
17003
-6039
15919
15209
-15750
-1155
-5500
17017
18818
-14206
-25997
-24059
13053
13319
-13688
-26110
-21757
13574
-8958
6937
5194
9218
-26232
-1506
-15359
-6655
-32255
-24703
-21645
11877
-24582
23348
-10110
1027
-31994
-18936
10243
-20682
18555
-11261
-19069
-19616
20751
-12281
-27128
-23302
-16831
7435
25960
28955
-18326
-12439
29745
-664
-16006
8830
-29308
23673
18306
-11902
-6541
-2555
13053
-29689
-17015
-26110
-24317
6
-8958
29979
3406
9218
-11894
-10464
-12799
-6143
-31231
-13695
7023
-10134
28410
-19659
16255
4355
-1274
-17144
14851
-25801
24188
1284
-8829
16226
-6641
16392
1801
18938
-25534
-18934
-6299
13341
9835
28520
-2252
-1432
12155
19582
19844
17785
18562
-7038
-15247
-28922
13053
-6905
-6009
-26366
-26877
-11259
-9214
-5093
27727
8706
-21366
-22495
-12031
-6399
-31743
29313
-29068
-18067
-18439
23095
-31102
10499
20487
18697
22019
-29383
-23939
20996
19075
-157
-1776
-17656
26377
26361
21572
-29684
31849
4894
18027
30058
11320
18793
-13446
22654
21892
-29831
19842
-22142
-28807
-7162
13053
22280
14988
-26110
32003
8454
-8958
30237
-16303
8194
-886
-11998
-9471
-6911
-31487
-24703
3701
28272
25849
-25032
28291
21507
-14841
20489
24579
-6087
17536
-28924
-15996
2917
-4079
-31479
-9974
505
70
-6643
-17047
-14306
29035
-19864
15417
17513
-10886
11646
11140
21369
30850
-11646
-14732
15111
12797
-25848
1418
-26110
-22525
518
-8958
-24035
30803
7682
22156
30244
-7423
-6911
-30975
29569
13171
28533
-9223
6712
-6783
-29949
32520
-28406
30723
-24005
-15232
8965
31109
21606
28435
16650
-14326
-3848
6726
-19699
18281
546
-21906
20076
20540
22889
-14470
-3971
-2429
6265
22914
-20094
-10637
-6137
13053
19976
24713
-26110
-27645
-31226
-8958
25118
8276
7938
-21876
18213
-2047
-5631
-30719
-25471
12411
-21385
5625
27962
-4219
-31485
-29176
16396
-23549
-16068
15233
-8187
-13948
-5018
4373
-20725
-13556
4600
17479
-6129
-18323
9507
-11155
11119
5439
15722
-8838
-4995
-19325
-24199
17026
-9342
19321
15624
12797
-12536
-16756
-26366
-32765
-23802
-8958
25118
-12460
7938
18060
7462
4354
-3327
-26367
-27519
-22923
19836
-30984
3388
-6782
-18685
8969
-8693
-13565
8253
-27006
-9723
-31099
-18071
28693
-9461
-32243
24823
14408
11024
7786
17444
-8339
12908
-27070
11625
-7046
-17027
-1149
23417
20866
-15486
-24717
-2040
12797
9737
-19063
-26366
30723
-23035
-9214
14110
27989
6914
6285
9511
4866
-3583
-25087
16001
-24972
20096
19192
-6852
-2943
-11261
-23799
12044
-8189
-32706
-11645
12038
23941
26730
-235
-27380
6926
-8970
-4024
9744
-5271
-24539
-10642
4460
-11452
31849
10875
1406
25987
13945
22146
-27262
-18060
-22263
12797
20489
-14455
-26366
23299
-22523
-8958
1055
28758
6914
-11380
24615
6402
-3071
-25343
29313
25459
-9851
1271
13381
-2689
-25341
2568
21260
5380
23092
-4247
30981
9602
2150
12817
28169
-20213
-29707
-20667
3346
-21148
-6879
-26012
16738
-23485
-14999
-15494
-899
27779
31865
-32638
-24702
-17808
-15094
12797
-23283
-22652
-26366
7939
28165
-9470
-2792
32328
5122
-28789
-25564
-16127
-9471
-31487
-24191
22899
-18553
-19722
-15552
22657
4100
27914
27149
15364
11328
7814
-17914
16261
-658
4632
28941
6927
12277
2635
-28142
13929
-1753
-11922
-6804
20555
-12439
-3974
11902
27779
26233
8322
-3966
-23698
6923
13053
4874
-19834
-26366
17411
21253
-9214
17183
29016
7170
-9588
-24022
15874
-1279
-21759
21377
11379
-6772
14326
12868
31616
-5117
-28406
-31731
17924
65
12678
17414
-31868
-24464
-3049
12813
-17394
28660
14668
-24302
13161
32550
27243
2153
1614
-30615
-6278
-4995
5251
21369
17538
-27518
4469
16396
13053
-24566
-10615
-26366
15875
-12795
-8958
-31712
-8871
6914
-30323
4651
19202
-767
-23039
24705
-17548
-19824
-4364
-18617
-3456
260
15882
32269
-28668
-24767
18054
-17402
-1406
-1934
-32232
-4595
3856
755
23116
1813
-2455
-26073
18282
15977
-19631
-18583
-10118
4222
-15998
20345
8578
-31870
22902
11533
12797
-15093
3978
-26366
14595
6662
-8958
29217
-3238
6402
-17523
-29395
18946
-511
-20223
21121
7788
20117
-14604
30792
-2949
6660
-30710
19979
-22268
-18112
10630
-21754
-25982
-24973
1048
15885
11279
-23822
11341
-8685
-9884
3625
26986
-17818
-4011
-20887
-4742
11134
-6014
27513
19330
-12414
-19088
24078
13053
12044
4742
-26366
9475
26629
-9214
-21984
-18597
4610
27534
21037
11266
-4095
-25855
-25471
-25486
13465
-2573
2122
-17538
-1533
27914
-5621
-4092
14144
16260
-5882
-18559
10355
28440
32013
-11506
-27407
30028
2582
-9113
17960
-32408
-15002
-16808
-2455
-15494
126
-28798
-26503
18050
-1918
-18827
29199
12797
16652
-27000
-26366
3587
22533
-9214
-7905
6235
4098
1166
-23508
12546
-3583
-25855
-29055
-3982
-31844
-18190
-29107
5503
26884
21771
7693
18949
19010
-7035
-32505
30336
-16522
30490
2831
-26864
9456
-3250
25880
-26008
-7638
-28568
-26266
-2725
-11927
-10118
14206
21890
-24967
26754
-4478
7284
32272
12797
-14323
-11129
-26110
8195
-26363
-9214
-32223
26972
4354
14733
-18641
23298
2
-20735
17537
-18579
-3424
-3598
23887
-7301
-14844
15372
-12275
25861
31042
2695
3080
12416
8823
-19685
5136
-4079
-6929
-21936
16919
-7323
2094
-10391
-10906
-28577
-4759
-5510
13694
13954
-25991
22146
-31614
4209
-4079
12797
-9970
4998
-26366
10499
-27643
-9214
28706
-11939
3842
-30068
2097
30210
2818
-16127
15489
21619
29604
-30223
6482
-1667
-5628
-20724
-16114
-21755
26180
-3194
30472
-20610
10106
-28131
29968
17170
12270
-28335
1050
5481
16175
18537
-4504
12643
10858
-29574
29054
-2431
28281
22658
-22654
-24457
12563
12541
-17393
3465
-26110
7939
-29179
-9214
9505
-4005
3586
-32119
-30415
-21502
3586
-15615
9857
-8079
1960
21744
14164
-8835
-4348
-1780
-6386
23558
10052
19336
10249
-22402
23675
10782
31761
-7917
-6420
12114
4380
-3993
-27345
-19096
17000
-16794
27498
7291
25214
-6015
-27271
17538
-25726
-4495
-30700
12541
-6641
21638
-26110
5379
-17148
-8958
-23009
-31398
2562
1161
-8655
-21246
5122
-11775
18049
-10897
8876
11248
26965
19580
-1020
27405
-6898
29702
-26556
11656
14857
-25218
18812
-12770
-11247
12820
12780
3667
-10981
20071
-28112
-17048
11879
26731
-30358
-20870
-5507
-13951
-20103
-27518
-19582
-23184
12310
12541
14096
-24443
-26110
3075
-27644
-8958
23071
23387
1794
-2680
818
-16638
6146
-8191
24449
-15753
3501
-14611
-9897
-21120
12805
-28403
19216
-1274
-25530
30089
15882
-19075
15485
-24032
-31213
31253
-2327
22356
10528
-6293
6961
5992
-19863
-22164
-6294
12923
9086
-4735
-7815
22402
-17278
-28299
-27370
12541
24337
-25464
-26110
3843
-25852
-8958
-24544
12124
3074
18568
-26061
-3838
12802
-3327
6273
19057
-11084
-26132
-19365
-21380
-22779
-8178
-32240
-11769
-20665
-11126
-7926
29053
6274
-3039
-9709
-30442
-28696
31318
17441
16744
-3788
25704
22119
25461
-10646
1147
23934
-19327
-15239
13698
-26750
13167
15130
12285
-19950
4485
-26110
6403
26884
-8958
11040
-31395
2050
10632
24886
3843
12034
-1279
8833
3184
32696
-3349
20317
2684
-15099
-25073
-8688
13832
20552
9612
-20469
-28291
3459
5155
8469
-12009
6887
31575
-28895
-5785
16438
-5016
-25753
30584
29547
12155
16766
24961
-11399
12162
-19582
3696
10524
12285
16915
5509
-26110
7171
30468
-8702
32544
-12451
1026
-11129
-18122
11011
14082
-2815
1921
12149
-5191
6632
13152
8319
22790
-26352
-22254
-3064
-9398
-11124
-20212
-12932
-10364
-8411
16151
-14823
32739
29017
-18138
-2454
17975
24424
12137
9337
22123
19835
25982
14721
-19591
22402
27010
-25998
-740
12029
-1516
28038
-26110
9475
-27900
-8958
-31966
16224
1026
12935
21305
-28925
25858
14594
7041
-27793
13758
14567
-28318
-29317
-8954
-16879
-13806
18953
16203
-26483
8973
9341
8839
-24026
-25321
11034
27874
-29862
29222
-21145
-25543
19816
-8859
-3203
31851
4219
23422
2689
-32135
13442
-30334
4715
-29921
12285
1814
1410
-26110
13059
29444
-8958
19746
21856
514
-24953
2619
-23549
26114
13570
1921
21873
7618
-17691
2149
28539
19975
-31982
-15853
-14071
-23988
18062
-30707
27004
15496
1320
-24552
-16102
-15137
-32420
-21977
-920
18492
-22680
18023
-11134
-32661
10363
12670
-19328
-19335
-9599
28034
-21136
4898
12029
8983
30596
-25854
14595
-20732
-8958
-32733
11617
1026
-16762
-31429
-7165
32002
18434
-12416
3699
12997
-26911
20072
-17284
-7161
32019
-32491
3083
-14514
-14705
-13554
-7557
12683
26922
-10471
19996
14556
17246
-13268
3946
20287
22633
-25495
-21624
19820
18299
26750
16768
-9351
-4735
29570
-19087
16164
11773
-15080
-4476
-25854
18179
-13820
-8702
29220
15458
1794
29574
20798
19460
-26622
30722
-15488
-13718
25289
17888
26474
-905
-18936
-12268
-16875
-29685
-3505
-23921
-12273
-18565
2191
18219
31770
-19938
-30758
5215
-18390
-17819
22081
-32663
-15003
26509
6252
17531
30334
-4480
-12167
2434
22146
-18836
31783
11773
-1255
-18303
-25854
23555
-23548
-8958
17956
2659
3074
-29306
-12994
24068
-24062
-19710
-19328
-1936
-21044
-37
-32403
-26502
-15608
24085
-16874
-4852
20049
-31599
32528
-11654
-21873
18477
-3300
32032
-13099
9313
29999
-1176
-24765
30824
-18585
-30318
-25748
24699
24958
-7297
5754
-11647
19074
16242
18218
11261
-19429
12420
-25854
26627
-8956
-8958
10790
-29596
3330
-29563
577
-16124
-9470
-6142
-12160
-27023
-2096
-21546
-27535
9595
19721
16918
20503
-21490
-28590
-17774
-12527
-31623
28819
-8401
19998
-17375
7121
25443
20533
-17815
582
31592
872
17047
-9876
27771
21118
11392
13946
-383
25218
-4497
18990
10237
5406
15491
-25598
30467
-13564
-8702
7206
8806
4610
-17276
18756
8197
-2046
1283
11136
-16019
-20268
-24619
31859
23416
22794
-18921
-24553
30479
-6829
-10093
-24046
-28295
-29547
28977
-30177
-478
4815
-7580
25652
-26521
14921
17257
-9626
926
-3988
30843
31358
-18817
18042
3202
-14207
5742
9778
9981
32543
31873
-25598
-27901
-11772
-8958
13351
16743
5378
30084
-29627
23813
-2046
771
31872
3701
13527
29646
15221
30332
24331
-12520
5659
-10735
8022
-10859
19222
4985
-14442
-28619
-32733
-7386
-20793
27495
-197
29804
-20914
11372
7789
20133
6509
-902
10110
-11393
30330
-19071
8322
11125
309
5885
4130
19589
-25342
-29181
9477
-8702
15912
11880
12034
18818
21831
-1787
28931
-24829
22912
28019
4827
31690
-24712
-12677
26892
-30438
6940
11028
15705
19864
31256
15737
-7781
31032
-25819
-9175
-23101
8809
-3008
-32661
-23726
-29588
25964
-27991
-26771
27515
-28034
-22145
23674
-3455
5506
12399
-8135
2813
26147
25986
-24830
-17661
773
-8446
3881
-9367
16130
-22654
32330
-31226
-24317
-8445
-31104
-6798
-26658
-17721
-19590
-16774
-8435
-12516
-14818
13078
2395
-8551
-5606
20347
-8802
24891
-21977
20524
-15681
27243
-24255
-1941
12630
2926
-10389
28079
23405
-32133
19070
12671
-26246
2946
4226
6511
-17346
-260
28451
6786
-24318
-2813
14853
-7934
28712
-12951
24834
-32382
26699
16391
-5373
21764
-30336
4731
-25120
-13633
9854
7551
13070
-15843
-29919
14361
-15522
32412
15133
-16005
10145
-9154
5675
23598
26552
18797
-32693
-2448
21593
-14227
13679
6581
-13203
-22661
24702
20863
19066
-8063
17282
-5004
-8383
-12036
-32732
-23419
-24318
9220
-17915
-7422
-30934
-149
28674
7043
-21682
12040
20228
27908
23424
-27787
-6429
29628
-2432
-17029
-14321
-8929
27170
27675
-15009
14750
-2786
-8837
13220
23617
28716
22833
-1356
24175
-12212
23405
24413
-24210
-22674
-19271
19822
27003
-23426
-19842
-32646
-9087
5762
18799
26183
-18436
-2779
22402
-23038
24580
-11003
-6142
11307
878
-30718
24195
22864
-10488
-28412
9989
13440
-19596
18406
19897
27523
-4486
19473
24865
15908
26396
23137
-4194
-25824
-7045
-18011
-31677
22830
-14286
-25168
-2192
-18355
-28051
-6305
-3474
-31891
3518
12142
-22917
-16770
28542
-25478
-14207
2690
3441
-7861
-25604
-6873
-15742
-21502
-26108
11782
-5374
22828
-15250
-21758
4995
-9135
-29687
-764
31749
29824
7289
18664
-1616
-7545
-18563
-29678
16675
-32475
-8673
11620
-22111
-5342
6267
-25944
31302
20016
-25293
-8536
-30861
-19625
-24208
32099
1647
-912
19906
28526
-17797
-13698
15230
-22150
-11135
21890
10099
4432
16124
-22998
-10877
-19710
-8700
24582
-3582
814
8561
-19454
-31102
9045
13578
3589
12037
8576
11379
23018
-5714
-1143
28538
-16108
24101
-18650
-18398
15205
5538
-22236
-8069
-21845
-8376
-30414
-16585
-15451
-16780
-24489
30061
31590
12655
-20882
-16442
13167
-22661
-6274
-387
-29830
-11647
-7551
-27541
-16812
8956
28971
30591
-16126
17157
28934
-510
6447
3699
-9470
-15229
12119
-5622
-30203
23558
13440
-19851
17388
13226
-5492
-4486
-28651
-15322
1577
-19421
26983
-30045
-15322
16251
10668
-4534
9269
-17351
23200
-2698
-935
-23954
15978
8560
14704
14538
12655
-27269
-24450
-18819
8571
-24447
-2687
5490
30297
-9733
4910
32386
-15102
29957
9479
515
-25552
-30349
3587
13955
1625
-11253
8710
-5114
-1665
-10377
1774
12195
32657
9852
-19945
28712
-2518
-16858
3434
-18267
21289
-27782
-20560
-26034
31543
-15814
-9062
32377
22371
29040
-2708
20080
8304
3278
-24209
-10885
-21634
24189
6523
-21631
-15487
-9870
17246
23291
-10960
-5758
-10238
-16635
-9209
4099
13362
-139
19459
-31614
-28580
781
-25850
12295
-1409
-13712
6128
-19040
-4206
-14985
-12007
-26326
24619
2345
-26517
-29018
20010
26491
17843
32080
7225
6717
-20073
-3718
-28320
-7828
19313
27249
-29331
27858
-12177
1660
-24962
30589
-902
-18559
-12927
-4498
30820
10491
-5071
-9345
-5886
6918
-2553
6659
-1741
-30600
20995
-12669
-2466
-22259
-15610
-28921
-8321
-5002
20977
-11367
-10859
-12166
7707
6444
22318
7213
23149
-5978
-9426
-25734
-26956
14676
-30147
19521
13712
-7556
1896
24688
-7565
-13967
23921
-5164
10608
5500
-6530
13949
17531
386
-12671
12149
-23448
-32518
-31948
6019
-4094
29702
-29176
13827
-10187
9338
-15613
-4222
-12960
5903
-12793
-28664
12672
8568
-24590
-17006
28057
25723
11549
-30162
-13009
-1744
-21137
-8536
-19919
19578
6583
2904
19007
16708
-2935
1151
-17297
-23439
13175
-20110
-19086
3032
24944
5500
-1410
-6532
9595
-23423
-895
16755
23917
-18695
-13002
-29310
3843
775
-17656
21251
27447
28540
-1533
31619
-8349
16912
8200
-248
-13185
14964
-15373
-26991
12955
-14984
-4578
-12753
-27343
3379
21360
-14168
-5069
-20870
-32328
-22439
30017
-9658
-29561
4736
1644
-18065
-26502
-4238
10865
-27942
27504
1916
-12674
30076
27003
-23935
-24191
31601
-9359
-28935
23096
25217
7427
19719
9225
26115
-7881
2941
15620
-22397
-17052
-10480
-18168
-25591
-13185
14714
-6156
6283
-10594
13435
-25056
-32464
31541
-25545
-4238
-5207
10040
-21383
-28230
5981
-25531
32074
22145
25730
-20620
17267
-7812
23666
-8590
-2340
8049
10876
3455
-32132
-19845
-18815
-19327
12921
-11146
-19976
-18374
-22652
8451
23303
-19190
-25085
-6343
-18306
-2044
-13950
4967
-20718
6410
-32501
-20097
-20104
-4107
902
-607
-30342
-1246
20275
6453
25402
22900
12971
15161
-8071
-28228
-24993
-12730
15435
-31108
-893
21882
15218
-10369
-22158
8562
7391
4977
3708
-7042
9340
27259
-20095
-29311
-28557
-13957
-5385
-1220
13697
20739
11528
16138
-20733
31546
32383
-15868
-894
-29335
17171
-18423
15370
-22657
-10890
2807
5251
26276
8825
-32475
16181
30262
21309
-30859
29867
20027
-19847
-10307
-13471
-11703
-16306
13688
-18555
-31367
1906
-14717
-9357
-5773
-16414
27505
23676
9343
-8069
27003
20353
-31359
-29070
-18047
27383
3135
18048
26883
-21752
-23798
-9981
-27589
-13184
8453
-17022
20843
23316
-8182
-4085
4480
-28290
31991
8059
-27481
-31875
5159
28470
-23751
16449
-24457
-14932
-7873
-5768
22975
-24731
20301
3154
14193
-31865
-14205
-30602
-26235
-13453
23414
-11549
-16271
20860
-25730
-1157
-9861
32385
-6015
3959
23172
-4363
10817
-29565
-28157
4617
-24821
5124
4669
-5759
-14331
7554
-17811
-1515
-18421
-4852
-14209
7289
7672
-16008
26537
23674
-6872
31544
-17350
13124
-17800
21421
23874
20857
18625
30823
-8881
-20396
-4754
-18552
643
-24973
14728
11892
-10381
15589
6002
9340
1407
-25477
-16005
21377
-23167
12657
17800
29941
-31678
18048
-22525
-22007
-29685
22788
-16579
-27005
24582
-21374
30575
-26346
-13812
-26866
-22913
-7816
-11784
23156
-9046
-4487
-14805
6459
-20421
-5820
27515
11951
12355
-18823
-7742
10858
-432
1621
-10391
19850
18052
-5773
6284
31093
-12684
5608
3698
26492
-14210
19835
-27269
7553
30849
23411
8077
30964
-23484
-18048
-10749
23818
28428
23300
22079
-24188
30726
28802
19569
24
-6388
-9459
23935
31357
21497
21100
-1874
-31620
-30163
20284
19774
-17589
11389
-3665
1352
18553
18884
-15763
18516
31321
19811
30604
-2162
-19082
-10610
-10891
7800
-5911
-7054
25724
11135
123
-1925
15233
7553
-23691
1937
32754
26183
-17279
1796
-19702
-4596
-7420
-6336
-31098
12807
1666
-397
21273
3854
5136
-30593
-26761
-4871
-20373
24752
23417
16944
-24514
22334
-23475
-18051
-19536
31049
-30598
-2875
-31633
5462
-4261
-29087
-30067
31628
-17549
-12655
24695
-30089
-30741
-30606
-25476
17023
8571
-27781
-1408
24961
11374
-107
20466
8776
-5507
18948
26379
24076
1029
17984
-22393
18695
643
16500
-5863
30478
30480
-27009
18298
17402
2409
-30286
3706
17202
18752
31298
7761
13184
8370
8781
-27782
18118
-18575
-14760
-2466
3933
16014
-25457
-907
12691
6520
-19848
-21780
3955
30332
12415
-13446
-10629
-2176
-32127
23924
11161
31729
-29623
-4736
-32764
-2549
22542
25093
29763
10888
24328
-15742
-12426
-2533
-3057
-12527
23167
380
-29958
-19100
-18507
-7302
-5069
4418
-10684
28757
-21119
-26702
-20400
-20870
20679
-19340
9821
-25246
4441
5008
-9834
119
-30317
-5770
6264
-27411
16755
-28036
-3458
-14726
2940
8065
23425
-18059
-1381
13552
16971
-24191
-20476
-28404
-11762
-14331
-16572
9610
-248
-12414
-5257
25373
19985
21267
28543
6512
251
8815
1468
17267
18995
-24000
5950
-17328
12669
11438
3146
-8075
13512
-29840
-2985
9823
-1441
19343
15757
22383
3217
-8080
8557
-10260
-26253
-14212
21631
30842
15740
12161
19841
20846
161
12787
-18097
8828
-26108
9740
18957
15877
8257
30341
-22265
-6273
-25226
-27877
-31217
-16623
27519
-6027
16379
-25753
19646
12150
29492
-1728
-6849
-26540
1406
32429
-12469
-10125
12233
-25485
-7079
23647
-11175
-32624
24468
-27022
-5487
-23441
15471
-275
17268
-2692
19071
21882
17532
-384
20353
-26253
4260
10993
17747
17278
-24316
17164
-13298
-17403
14658
11653
11528
9598
24440
4381
-21232
13075
26751
-8074
-29701
-27550
-24640
27510
-21706
-5566
10561
29529
5504
6062
6736
29043
-27189
-3979
2910
-158
-3499
10386
-26982
8819
10901
-22417
-13968
-31761
-5517
-11396
13695
634
-3717
3201
22145
-30095
18344
-23825
16469
24189
-12540
8717
27406
7430
-7869
3207
32520
-1155
24187
-22755
529
16914
6783
21363
-14341
-7841
21953
5748
28985
-27581
-11199
-6053
385
-5715
-27823
-27789
-32307
-4745
3935
16484
12371
21395
-12137
-17039
-2151
17266
22896
-8976
-5517
4989
18303
21370
28540
22657
-2944
29550
-4949
-15378
18775
16507
-7676
16909
23566
29702
25412
-19066
-6904
21885
-13188
-31714
-29679
-32749
13695
5242
-1541
-8360
14275
-24457
2875
-16060
-14011
25443
21123
9903
2904
31602
-26418
10876
-157
-14743
-3764
3989
10145
-5771
3485
31346
2676
-3599
-25484
-7556
9855
12410
-23684
-8832
10625
32630
22703
11500
6746
-31105
-2044
-26867
-19441
31239
10822
28040
19978
-4229
19071
-17376
31763
23829
18815
-14984
9724
-17324
-6972
-28809
4670
-29113
70
-2459
-6780
30128
29017
4467
-1327
383
614
-5525
-439
-3434
-13148
-21131
-1890
1908
-14733
-2318
-19084
7293
17535
2426
-26244
11905
9345
-22160
-6478
-30998
23132
-14212
21509
26638
16399
-27129
30790
26249
-10999
-24709
14210
545
-3822
27668
-9090
11383
18940
-18863
26821
31350
9793
21833
32327
-27290
-30586
23217
14171
-8333
8914
-1152
21351
-12436
-31162
31128
16291
8053
-13405
-19851
-23180
-8973
10869
-388
16511
-9607
29052
-9600
-12416
-7569
3766
12265
-30627
-3205
-23547
-2290
-1777
-11769
-23481
-17783
-32246
-14469
-24446
21026
10772
-22251
-13442
-25729
26364
-1976
28872
-29830
3908
-31413
-22965
-16786
30345
21939
16738
2164
-5934
-27515
27245
-18830
24383
-20582
-23122
10362
-16986
-10379
9337
7669
-20875
-4484
3199
-23175
26492
-3968
-20352
-22668
5049
-9756
-30368
-11394
518
-20977
-2544
5129
-25015
26763
-757
-902
13445
-10204
11542
-17384
-12930
3962
-28164
-26553
-15671
-32393
21065
24142
-20147
17010
3979
31669
8805
-1164
-15658
24712
-16017
-14732
23613
24988
-30801
-23689
32169
16503
-4234
-4363
-8075
1661
-31105
13945
-17796
-10624
-18816
-17554
-2115
6116
-28319
-5509
-17658
-27888
18705
-17143
1354
11661
5645
17019
-21881
15142
30487
-15591
-12162
-11399
-22020
-12733
15307
14967
10061
17489
849
32630
31629
8374
29800
-23435
13271
21387
-13198
-4488
-8136
-19811
27568
31863
2989
-19849
-2697
-2570
12406
20861
28799
-1416
-9860
-14208
-19584
22130
20417
-8479
-4254
15997
28423
-9711
21523
-22774
-25012
32653
-28658
-22917
1674
-16088
21785
-24805
10111
21886
-17412
317
-6707
122
-13745
-15789
-28589
-19076
12176
-19529
-30610
26485
17625
-27249
15735
-17029
5428
-14945
-12359
11898
11952
-8585
1146
-24073
23670
-23683
32639
-7816
-13700
-1920
7553
4213
26308
-32291
-13211
-8834
-1017
17427
15893
1548
14927
6801
6416
-9093
16781
-31189
16923
-18915
-1666
-7817
-11268
-1733
-16945
11126
13140
-1450
27732
8318
-18544
2488
-32656
26998
25563
-19823
-12168
24702
-21966
-25695
20407
-394
31411
22392
-22410
6904
22646
24189
26239
-7560
-18564
5249
-7808
21613
21705
-12580
-32665
16762
-15352
-8172
-28395
25356
-9905
-29807
-10480
-24196
32399
-21460
-8165
26399
-1410
-1670
-8452
-18633
-4655
13175
-11689
-30888
-20648
20100
915
27576
-10124
-32651
732
10645
-31364
13442
-7123
-12382
-21317
15481
25013
-4488
-7304
-17160
375
28541
23679
-26248
-10372
-2688
-9600
-21389
8652
32729
11114
13949
24073
-16875
-5097
8206
11090
-14958
8467
-5253
11409
-5841
3103
-25822
-17538
19069
-6148
-31694
-6957
13688
24154
16219
-7335
-12663
16533
25274
-19079
-12683
-31267
-10856
20865
-15737
11050
-6748
28867
-5766
3256
-14728
-6023
17913
17271
-28547
-16001
24440
6013
-13952
-21632
8309
7631
6869
4205
-24451
-3063
-27625
-18407
17935
31061
9111
31251
21373
31380
-10959
-25057
-28126
-27778
-18826
-3588
-5328
-556
5236
14688
-25250
-21925
-17012
-363
-5959
27515
26998
22495
8347
-8574
6794
10024
12454
-2881
31607
-30276
-16774
14968
-11271
-15241
20861
26751
29048
3965
-27520
-27264
30577
4307
-26157
-6802
-21894
-13558
2841
15130
9232
17494
7319
-29420
-2691
-28266
-22733
6177
10020
-23938
-21124
-2564
11564
20951
24183
-7070
-23456
-4258
-5487
-24936
-28741
-27521
-22924
27871
1439
-28282
-5493
-15837
31912
20934
15995
-1602
19579
29307
25082
16760
-28547
-20097
18040
23165
-26496
-31104
-31113
29397
-15666
-6287
-3459
12811
-24807
-28899
18
15448
-15720
-18666
4988
8600
-29642
31011
26919
-21378
-14211
-1796
-28376
-32551
-20617
25958
-17822
21345
19093
25754
23485
26500
-11147
-26655
22434
27273
27023
16673
-15190
-8757
-22404
15042
7548
32636
-19718
28024
-22403
-20097
5496
8317
27520
-22912
28533
27096
-20790
-25228
22653
-2037
1563
7198
-2542
-21927
-26726
-489
12413
8859
24120
25892
25640
-19586
-27782
-772
16423
-4646
-652
-12181
13670
9059
2713
-7013
22973
-29050
14198
-14110
21924
-7284
-12398
6943
-14933
24777
22395
2245
7293
15739
7675
-31624
-21123
-641
-10377
11901
-26496
-18560
-24205
988
-312
-8074
-23173
18189
-12516
-25313
-25836
22107
3483
-4583
9085
7325
-31942
-10458
28971
-14466
13953
-516
24610
-20772
30840
-1172
15463
-19098
-21346
-32098
8382
-17013
-25995
3299
-19288
-1648
-6507
17179
-27731
-4144
21119
-16954
-20867
-1922
15099
-11144
-11395
-20609
-22921
-14211
30080
-22912
-20101
7389
23746
-29063
7552
27917
5917
-18144
-11242
12637
-6500
-21477
-28548
-1635
19261
553
1836
28030
27263
-260
-4321
-27938
-24457
11377
-4759
9064
-29534
-20577
-14402
-19314
11638
-29981
27562
26515
6809
12057
6063
-27694
17534
-18231
-11907
22398
30715
6009
-19075
4480
18807
-32643
10624
24960
18550
15071
-15170
-17797
-10884
29710
5918
-24287
-27880
24926
-31587
-2532
7549
17824
25150
21034
20014
31102
-29315
-4
12829
25313
8054
3449
12142
9579
16040
19106
-24897
-9581
10870
8678
-4434
17560
-21090
-26602
-16463
14804
-1667
24270
6015
-19841
-12293
20601
-7299
-9601
4727
-21635
17536
24704
24437
-8733
11706
-17281
-5253
9232
7200
19234
-27878
-11424
30879
23582
-20868
19107
-2496
-2517
-16082
17022
5253
253
25
229
-10375
-16515
-10895
12911
-2128
16805
11969
-22116
21621
-28439
2997
-3425
-15963
21011
27060
22750
-30078
721
-28546
-16767
1276
634
-11907
-12673
-12426
-9347
23680
16256
29305
1255
19890
-3196
13694
-30959
-3295
-25052
19999
15971
-8288
-9695
-17029
-1112
-4028
23855
20787
17022
20351
253
25623
-23321
25462
13444
-17803
14449
12214
3495
27074
8610
31349
22508
22457
-24157
-13398
-23023
-17738
-16161
-20865
28884
13951
17280
13308
-16775
-3971
-8833
10870
-7811
18560
16768
-18062
-32278
-8018
-31095
-25478
-28397
-2781
22564
-14559
-5532
7075
1571
-16261
13741
-28345
-20688
-26828
-10115
32126
253
31508
26857
15733
-18550
20089
-11660
8891
-15702
25027
-26714
-29323
-25619
18109
20136
32429
6159
-13640
26337
21888
28632
4225
-7038
23036
16762
2430
-19585
1910
-1667
10624
-11905
9333
-13332
-6489
8077
-15238
21013
18469
-32217
21029
-20633
24485
15142
5499
16559
24395
21556
-13000
4990
12419
253
786
12267
1912
14989
-9861
11896
23999
7852
-1852
-3669
-25995
-28179
29888
-8021
30129
22029
18619
-8218
-1150
-29479
19072
31619
24572
31098
6014
-10113
-15243
10622
-3457
-897
-22921
21998
17057
14993
22396
4631
16935
-5847
-24536
106
20134
21545
-23686
7858
-11698
18487
-22469
-3203
-21892
509
-30959
19948
-26765
-3693
-10113
5754
15042
-27476
-23612
23468
7541
-16914
-28223
-1619
-20812
26892
-7493
-3612
14463
20955
32640
27008
30204
-24966
14718
-21377
-21131
8062
-3201
-7297
-23696
13808
-15457
19347
-2441
-30439
8233
25387
2603
-1174
-20825
-18902
-23942
-7757
-26544
12857
17726
-131
-31620
765
-28655
-22545
-27534
-30063
31614
26999
21185
-28501
10689
-26710
22897
-787
-29760
17325
-9550
-9461
-7493
-10779
17023
5849
9853
31102
30204
8315
9086
-7297
-21643
-29570
-4225
128
-7309
28657
-13153
-870
633
-25319
-31447
-17622
-22486
23402
-29276
25898
1144
12211
-3248
-30919
-30658
-14211
-27778
509
-27633
-1552
26227
-7531
-26239
15483
-19002
-8787
-22592
-10577
-912
-12818
-6461
2993
32438
-29686
29886
23786
9089
12763
-31875
-1664
-32260
-22917
16254
-11649
23413
26238
-4737
-19841
-11660
-13326
-26215
-24930
19577
28699
-27349
-3028
303
-28052
8358
-5843
29559
-32074
-24748
-12740
-25535
-12675
6263
1021
10511
-29710
-17042
6300
18566
-3972
-14646
31407
-25151
25779
3697
30193
-29242
-16717
-18759
-31735
29632
14569
-9348
-27682
12926
8061
-29444
10108
26238
-4481
-2956
-24194
-22913
-20353
-27792
-5388
3480
16035
-5259
13342
6190
-4050
-8910
-21394
28070
-4816
17783
2234
-31913
1856
-700
-16259
23165
765
-16116
2292
-911
8097
-3703
13954
-25392
24754
26050
26554
17264
-30222
-32053
30905
11199
-10489
-20286
-22803
-14720
-22560
23677
-25986
-29188
-7812
-28802
-10113
-21644
11135
29311
-12161
-3978
12022
2447
25000
-2440
26400
-9169
-21198
-6344
-1679
-6232
12598
-7051
5565
-24228
-20412
-23991
-9091
-8067
765
-6901
20725
-11663
165
5773
900
26836
-11085
30147
4031
-17553
28404
-1330
-17987
1732
16391
23236
-23057
9601
-2078
-11139
-31104
-26884
22397
-23426
-14977
-11660
10111
-18817
-18049
10612
28151
29323
-18260
-25225
13346
24370
-32462
-29892
-21645
-9558
16184
-9867
26305
16479
7238
11594
-10115
-4231
1021
17675
-13323
-19346
-4438
-9841
-14716
-18988
-29260
17859
27583
-24465
30196
-26673
15807
-22588
-24314
-16955
-9490
19839
28901
-12419
26238
-27908
-30851
-14722
7552
26996
17791
-27265
-19841
-29326
3576
-28792
-22354
-6539
20517
21811
28723
23869
9588
-10839
10809
886
-12351
26720
8264
20044
-9347
22656
1021
26633
25846
-143
-26196
12690
-119
-3367
-3658
32194
-4155
-25746
32500
-2093
-12092
-27447
32005
20935
-24590
27779
21734
-28291
5761
-28420
17278
-2178
-10625
22388
-25729
-20353
-24449
15226
-26632
6527
-31823
4474
-21210
-9932
32566
26436
-29834
31914
-10434
-1164
3779
8549
9293
-20654
126
-10115
1021
777
13559
-7824
-21584
12949
-30325
-15909
-22857
-10302
-10809
-8082
-1035
-22571
6854
14284
7941
-5432
-12558
11394
-8729
6270
-16257
-28676
-23682
-10626
29568
8564
28031
-23937
-16257
-26252
24825
-10628
20405
-3978
23081
2359
5175
-20154
-13961
12204
28480
14965
18630
6247
-3763
-27309
-28035
-6021
765
23816
-24585
-18321
-16204
2456
19086
32479
-6984
24514
-22582
-20371
-16394
23256
-32311
720
-26876
4554
-14862
7297
9963
6783
25473
-28676
11135
-6530
24704
14196
-14209
-25985
16255
371
-1543
-7816
-12105
19829
-4821
-27080
-20681
-29109
-17544
-12117
-11966
32116
-17976
21866
16977
-18601
-21635
-21118
765
-10489
-5896
-20878
-3401
5020
-26991
-26655
-11081
-11075
-18743
11623
-23051
2519
-18488
16591
6404
-4150
15861
-26492
6121
2685
-27263
-27652
-8833
15743
-24192
-909
-4481
-11137
28287
12661
-25350
-31371
-26178
-4747
31278
11323
59
14416
19063
-10841
16195
-16788
16328
7018
-29614
11097
