24965
-27267
12157
5765
765
-18429
24314
12157
5765
765
24965
-27267
12157
5765
765
-18429
24314
12157
5765
765
24965
-27267
12157
5765
765
-18429
24314
12157
5765
765
24965
-27267
12157
5765
765
-18429
24314
12157
5765
765
24965
-27267
12157
5765
765
-18429
24314
12157
5765
765
24965
-27267
12157
5765
765
-18429
24314
12157
5765
765
24965
-27267
12157
5765
765
-18429
24314
12157
5765
765
24965
-27267
12157
5765
765
-18429
24314
12157
5765
765
24965
-27267
12157
5765
765
-18429
24314
12157
5765
765
24965
-27267
12157
5765
765
-18429
24314
12157
5765
765
24965
-27267
12157
5765
765
-18429
24314
12157
5765
765
24965
-27267
12157
5765
765
-18429
24314
12157
5765
765
24965
-27267
12157
5765
765
-18429
24314
12157
5765
765
24965
-27267
12157
5765
765
-18429
24314
12157
5765
765
24965
-27267
12157
5765
765
-18429
24314
12157
5765
765
24965
-27267
12157
5765
765
-18429
24314
12157
5765
765
24965
-27267
12157
5765
765
-18429
24314
12157
5765
765
24965
-27267
12157
5765
765
-18429
24314
12157
5765
765
24965
-27267
12157
5765
765
-18429
24314
12157
5765
765
24965
-27267
12157
5765
765
-18429
24314
12157
5765
765
24965
-27267
12157
5765
765
-18429
24314
12157
5765
765
24965
-27267
12157
5765
765
-18429
24314
12157
5765
765
24965
-27267
12157
5765
765
-18429
24314
12157
5765
765
24965
-27267
12157
5765
765
-18429
24314
12157
5765
765
-18429
24314
16503
14301
-28482
30133
-12045
-27444
-24122
-8731
25711
-25350
-3607
6624
-5917
-19199
17111
-7942
23178
-20489
4746
-23923
-32004
-24956
11648
32128
-23438
-6016
5247
-3714
4473
-15620
12352
-32305
5241
-17067
30291
-13487
5763
26254
15286
-16534
23154
17372
-22134
-28027
-26499
22397
3980
509
-21245
28154
-25991
-28456
12220
8369
-6671
-20534
19657
-6683
4977
-29191
2027
7649
-16157
-19199
17624
-18181
13966
-24330
1927
-23158
-32004
-14716
16000
-17280
-21134
6017
8319
-9090
-21636
-15620
27198
29136
21882
18257
8532
-24237
27260
-28786
-27977
-12437
20083
21209
-4212
-21883
29821
21117
-3194
765
-21245
26874
-22154
-11302
-30530
1713
22002
2507
-12087
-28954
-29071
-11527
-31765
-13343
17893
-19199
11737
18939
3211
-29961
32136
-19575
-31492
-2684
18304
-32384
-25998
4225
-6018
-8578
17270
-12036
27198
-26928
-8842
-9132
26710
1875
12158
-12402
18872
26988
18292
7643
-12147
-32379
-20099
15229
-16250
765
-26365
25850
8566
-20773
24767
15795
20723
-6453
-31287
-5657
-26511
-7943
13548
-2078
-21786
-21759
-23079
-27909
-27765
-22793
-14712
31626
-31492
9861
12928
-17536
-16526
2945
4223
-21378
9338
-10756
-23238
-10032
10872
-29867
-20394
15958
22402
-11377
-24136
-20368
-15501
-21030
-7281
-29563
28797
-31363
3978
509
-30461
-29190
-27272
-27428
-1857
15798
11252
-17716
11722
-17687
11633
-3335
-12563
29413
-792
-23039
19674
12540
9869
10488
-8568
11148
-30980
29317
27776
-18816
-26254
6529
1919
-6530
10108
-9476
-30409
-16174
14969
-29353
-9897
-1450
6278
31633
-27463
15475
-19853
-4389
4755
-22139
21373
-21635
20867
765
-29437
-28934
-11660
-546
-19774
6837
8180
30669
15818
27369
9074
-30982
-8979
19173
30440
-23295
-2342
-23045
-14199
-31240
31369
-31095
-31236
29061
-30592
-26752
-22670
12161
-22146
639
31349
-6916
24632
-6190
-8076
-13734
-17063
-20905
-2939
8594
-327
-25229
8564
5853
-29549
-30331
26493
18045
-11385
509
31491
-22022
-19338
10976
-7741
-26953
-9228
-14130
25546
-14614
5746
19962
-10258
8422
-8471
-24575
-26661
13052
-8052
-14088
-22391
-4470
-30980
-1147
-24192
-21632
-28302
-896
-14978
-12930
4987
-6148
-22989
17108
4472
25436
-24230
4442
-6519
-11373
28090
631
-8077
7901
7830
10886
-30339
16509
-18039
509
29955
-15110
-30857
-22048
-13372
-8519
30709
11728
17610
29676
26226
-12550
-18449
4583
26346
-24831
-26660
-29700
-9075
6137
4747
-24179
-30724
9606
15488
-10880
27250
-21887
-8066
-18818
27004
-5124
-6351
-13867
-17800
-8355
-4517
-3238
-14964
-32364
3515
-25734
15220
9951
20632
646
10109
8061
12417
1021
30723
-1030
-26255
19681
15813
11190
-28683
20686
4552
20971
5233
12282
-10770
-22042
-30486
-25343
29147
-773
-29048
30456
-29560
26248
-29700
-26490
19072
7041
8050
-30079
-24962
30846
21881
-3844
4658
29655
-8843
23905
-22945
31069
-22387
-20843
10429
-30342
27254
-292
27544
17798
25213
-12164
-8570
765
28163
7419
-13708
24289
20933
-9800
12278
-23345
200
11756
-30864
4602
-10257
32488
-27413
-25599
-32292
-27140
13708
-28168
-20601
-25974
-30212
-17786
-28800
1665
26226
898
-20866
11902
30080
-3588
13102
28121
15225
-10911
10592
-26528
20113
-5225
445
-14211
-26763
-30755
20123
3974
15485
2429
19079
765
27907
11515
-6796
-10782
-16442
5560
7414
-32560
-13113
21228
25200
28154
19952
5608
25835
-25599
-4388
-19972
-29812
11257
26248
-23925
-30468
15239
-16768
2945
7794
-20095
-28802
24446
21884
-2308
-3539
-11302
-26761
-19100
-21407
8800
23954
2200
11453
-31362
13685
-24609
19868
16262
13437
13437
-13693
765
27395
16891
28018
-16669
11464
-18760
-22538
15056
14279
4333
4720
13050
21744
-31256
-6165
-25855
23005
30716
25995
9209
30600
-32119
-30724
22151
-2944
-9600
-5775
-6271
-27522
-25730
-4743
-1540
-10452
25308
-13707
20582
-12702
12129
4245
21912
27579
4480
-9357
3295
-14692
10886
20093
-1668
24459
765
25859
21755
26486
9444
-6712
-11844
20471
-17711
-10042
-19474
-12433
13818
-10511
31467
-11027
-25855
18654
2045
-22641
11769
29319
6795
-30980
2184
-13952
8065
1650
-4735
-24194
24958
-384
-1284
-20440
-12323
-8839
-28569
-8349
15715
1689
17562
-5701
-21629
-27533
-16417
15776
13702
23421
-8580
4231
765
25603
27387
-24204
-2331
19403
-3908
-18441
18898
2760
17391
-657
-23814
7666
-18453
-30738
-25855
-14626
-2564
2445
-8967
-18553
9610
-30980
16264
18049
12929
7282
-4479
-26498
19582
7035
-772
25128
-20257
16502
18027
-13467
4963
5788
17307
20923
10373
17011
-5151
22689
24198
9341
-3460
28805
765
25347
30203
3187
19431
10445
-32067
-11273
-25646
10183
-5905
2672
-29190
-9998
32748
31471
-25855
7903
-2052
-2932
-3335
29064
21898
-30724
-30328
-5248
14209
-12943
11138
30846
20606
-6790
-516
-15578
-17952
-29835
23661
22887
10596
-1636
23451
19131
-6778
-398
-19487
30627
18566
10109
11645
16012
509
24323
-30469
2167
-3865
-13875
18370
-7944
-23085
-13370
6386
32367
17914
-1805
-9746
24306
-25855
-1057
20221
19344
8954
2184
13965
-30724
22665
16513
8321
-4495
14722
28030
-31874
25470
-516
-21982
-28958
-13193
32623
-7320
-17306
-25436
-13668
-17733
-11636
-28046
14306
-12122
32390
14717
-10372
28550
765
24323
-27397
-141
-15127
16080
-17984
-29704
-24620
-9786
26097
-3729
1275
-12301
3566
-3857
-26111
23008
9213
-26483
-26118
-8056
-22390
-30468
6025
12673
21889
-3215
21378
26494
6014
7287
-4
13859
-10525
-141
-2190
619
-6043
16034
30621
19387
25227
-10894
-21532
-20314
-24698
19325
10109
23430
765
24067
-24325
-910
-16150
6865
5059
25593
7893
14022
-14606
-16273
-16390
-7180
-10257
-12303
-26111
-20256
20989
-30323
-4870
-21624
7819
-30212
-12151
25473
14209
-22415
-28798
-32386
30846
-26501
-4
21279
17125
-6540
25717
620
-11928
-10840
17311
-11845
28048
3698
4324
31914
-19066
19069
-7300
-7800
765
24067
-21509
1141
-29717
-31278
-6205
28921
11990
7368
-19725
-8594
28667
-30731
-14864
9714
-26111
-8479
31741
19855
-1798
26248
-373
-29188
394
17281
14721
-15503
-30334
29310
13694
10621
-4
542
-3866
12150
13432
366
27497
-15959
-27488
30653
-15214
-30095
17895
-16980
-32378
8573
6013
-6783
765
24067
-20229
17009
6893
-10284
-30012
-17671
-24362
19655
-2829
-6545
24571
-15115
5105
25843
-26111
-9503
22525
1163
-28933
-19320
-11384
-28932
-631
16769
1153
-13967
24962
18814
20094
-10122
-4
-30179
-19481
14450
14204
27248
9323
-18004
25249
17341
-20332
11122
7656
8622
-22906
24701
-8580
-15226
765
24067
-17925
9587
-18195
22998
-22073
15098
-15657
-8506
10997
22127
9979
-24330
31730
-3853
-26111
-20510
-30979
20366
-17413
-15480
-29558
-28676
10635
-30591
10625
-11663
-15486
-29570
2430
-3972
-4
16410
5353
14965
-19587
15474
21103
30642
13731
20157
11418
-28303
-4121
1202
-20602
12157
-6276
1672
765
24067
-16133
4212
-26642
11991
-7992
29178
-14121
-26169
1270
-12178
19963
17399
-26381
17653
-26367
-32029
-25603
7567
-31493
-27257
-26999
-28676
27019
-9599
22145
16753
-17534
29822
8574
10877
253
-8168
31210
25205
-128
-14733
18544
29109
30628
5566
27805
16753
18409
25268
-16762
17533
-9348
-30335
1021
23811
-15109
3440
4080
-27687
27080
-28934
-15400
-21050
6646
3439
13051
17911
26611
-31499
-26367
4324
-29955
-14965
6396
25736
19079
-28420
-11125
-20607
22145
-23951
-382
16254
3966
634
253
19224
21227
371
27269
21878
26737
5559
-31579
30141
29086
23153
10986
5045
-18810
18813
2941
-122
765
23811
-13829
6003
28144
19674
15820
-12038
18393
-29755
20215
-30866
-8966
1272
-1548
17910
-26367
-19229
-20483
-7026
5628
-30840
25226
-28164
3468
-11391
13953
-13967
3459
24958
12414
13953
253
17429
-27412
32630
-10874
-24969
4980
31930
12711
-7235
24995
-9872
-14871
-23624
-10618
11645
-6788
21383
765
23811
-13061
30067
14833
-10789
-6707
-7942
21978
14790
-28169
-3219
-262
23800
10997
22006
-26367
-15644
-20739
15759
26364
26760
-11382
-27652
23436
-6783
23425
-16015
7555
23422
-3715
-644
253
-1260
-27155
32372
6282
9850
12148
-31557
2216
-2882
-349
-3472
-20501
-10823
-5754
28541
-9860
11140
1021
23811
-12293
-11152
5874
23517
-18483
2043
-12326
-4923
-19209
18030
-24326
28664
-25355
7415
-26367
-5148
-21507
-19571
-30724
1929
17802
-27140
-21620
130
3969
-25487
16771
26494
-4483
-30597
509
-12781
-531
-6030
12429
26492
14966
7102
30889
-14658
678
-3728
-25365
9147
13191
14717
-7812
16780
765
23811
-11525
1909
-31246
23262
-26671
19707
-31269
7621
-14856
-26515
-22278
12025
-10250
-22793
-26623
15589
-15619
14226
-30724
-24184
10380
-26884
13965
-1919
11649
-26511
-30589
18814
-643
-18558
253
29713
16367
1911
8079
-15491
16249
-15678
24746
16831
-1878
20848
18156
-17730
13703
-29827
7549
-22905
765
23811
-10501
30067
16115
-8225
19153
27899
11996
-21819
-5128
-11411
-24582
17145
-4618
13048
-26623
-22299
-16643
-23665
-14084
5770
14732
-26628
27021
-383
22401
-21391
-32637
-31618
10622
-24452
509
30993
-3601
-31629
24466
6272
-8839
12485
25003
20414
-19540
-30608
12782
-22593
1159
12925
6013
-13690
765
23811
-10501
7539
12020
-24863
-16429
-30981
-9253
28612
28921
7277
-18694
-11783
10232
-1544
-26367
2278
-16387
20111
-10756
24458
26251
-24836
-15219
9346
19073
-17807
29827
2430
5502
15228
253
23568
21232
8307
-15467
-31615
24186
2503
-10325
1216
7855
26223
22509
22210
17287
-3716
7293
3470
765
23555
-9221
30327
-31756
-15135
8918
-20485
-547
-1082
2042
-10643
-15622
13818
26872
29689
-26623
30951
-13827
-7277
1277
-3957
8081
-25092
22158
21378
-22399
-16783
-17021
-6019
-1923
14719
509
783
-31503
117
29079
-24958
-7556
-4662
-23891
31168
18611
-18834
-11025
5317
6279
24957
15997
-21880
765
23811
-8965
21108
18421
16099
-1323
-23045
5598
12998
-775
24430
-13830
14074
15864
23033
-26623
31975
-15363
6289
12541
5261
10895
-25604
12686
3970
-28287
-12431
-23933
23678
3966
-11401
509
17935
25841
22129
20123
-13436
10876
22986
4014
-32320
-15438
11887
29168
12485
4487
19325
6781
-17016
765
23811
-8197
-18572
-24331
-24092
-12330
-17669
7390
10437
26874
32622
-27910
31994
-5640
-8199
-26623
19175
-14339
20113
9981
1933
28302
-25604
-28274
-1919
-19839
-29327
-19069
5758
6526
-21124
509
-10995
6642
25203
-5988
-31610
-4995
1484
-338
-16193
22709
-11922
15600
14023
10119
15485
-8068
-11380
509
23555
-7429
10103
14582
13030
-2342
-12037
18401
28873
-6662
32624
-22022
-8454
-31495
6906
-26879
-23576
-12803
8340
22269
-16498
24209
-25860
-9074
2946
28545
-23439
-15485
7550
-13443
3199
509
-19956
-24590
12917
-29793
-8825
7296
1487
-22096
24257
19897
-31890
-14351
4554
-20346
11645
-25988
31109
509
23811
-7173
-1934
8183
25576
-20004
-7173
-28190
9930
23291
-1167
-22022
10491
-10503
25594
-26879
-536
-13315
18064
32765
11664
15760
-26116
8079
3458
-18559
-23439
23427
6270
-27779
32634
509
-15349
-26895
-14223
-28252
-1653
31619
15569
4532
6597
21437
18034
-29965
-9524
11143
5245
381
7307
765
23299
-6917
-7051
-26889
-18199
-9249
-517
-32542
-23606
-8709
16242
20474
29691
27386
11771
-26879
20969
-12547
16787
-27907
20368
-20334
-26116
22927
17538
-21119
-31119
-3709
-3203
-6787
-4736
509
20234
30450
-28811
27559
13966
7303
-2348
-9036
23493
18114
14450
11507
-11313
19335
8829
-14724
-9588
509
23299
-7173
-9610
-13065
23786
8417
252
-31005
-7479
-773
-18319
14842
-31493
-16902
19963
-26879
15849
-12547
5268
-29443
21904
11923
-26628
30351
13442
31617
-14479
11652
-10115
-19331
-29823
253
-503
3571
-12939
-30295
-6001
-30073
-299
9910
27334
-26173
-2703
-16908
-22832
15239
17533
-14212
-18554
765
23555
-8453
-1934
7672
19691
23264
1020
8163
8394
-6661
-25486
16378
29179
-29446
5883
-26879
15849
-12803
18577
-25603
25489
10129
-27140
-10609
24450
-20351
-20879
11652
-1155
-19587
-30338
509
-19959
-13582
-15501
-19285
-20847
-31607
-10794
25782
-13627
7875
18034
-2317
-30512
11399
381
-23428
-11380
765
23555
-8965
-3978
16120
-25109
24803
3836
13284
-24375
19196
-23950
-18439
-15365
8443
31227
-27135
-1304
-12547
3989
-24579
21906
-3692
-27140
-369
-30846
-23167
-24719
7044
-14723
-28803
22150
253
-30712
13555
-15753
-22612
-12398
29324
22233
-9033
12486
15815
12914
-4877
-22061
31879
24957
-17796
19597
509
23555
-8197
4727
-28680
1517
-10013
5116
26084
-28982
17916
-8847
-20487
-10245
11003
-32005
-26879
-20247
-12547
661
-21251
-19055
1428
-26372
32400
19842
-25215
32113
25988
11902
-28291
-5759
509
-24824
-11021
-25995
27823
-27243
17549
21210
-20808
-25146
12999
-10383
26869
-30764
6535
15741
-10884
-1142
765
23555
-9221
-18059
-13064
-20243
16612
5116
-1820
-12343
26108
-25997
19449
-8709
16891
-27141
-27135
-9495
-12291
-2925
-19971
-25198
-26733
-26884
27024
-15742
-14207
-16527
10116
11902
-21123
-2944
509
14856
-18957
8821
20913
-14186
13454
-24358
6842
199
6601
-6030
-25612
20181
19335
-31107
-5508
-21102
509
23555
-8965
-28039
-14344
-2579
18662
6652
30693
-18743
-27140
-5262
-3848
764
-23045
-23045
-26879
8938
-12291
-32360
-20995
-13166
28823
-27396
-14448
-12158
-17535
29809
21380
17022
-13187
-3961
253
-29945
6132
11897
19377
-10089
5008
19675
-12870
15815
20939
31090
-5132
11735
20615
-32131
-7556
6286
509
23555
-8965
-12169
761
-1811
25062
7676
9445
24521
-30468
-28813
-12808
252
-22021
-13061
-26879
-16407
-12291
3478
-19203
-20334
-21356
-27396
-4976
-11134
-29311
-27023
20100
11390
-21123
17026
509
-28409
14580
-7819
32691
-22632
-14705
-29732
20667
24519
-24886
-142
6901
215
13191
26493
9085
-116
765
23555
-8453
-4746
13049
20974
11750
9724
17125
-26168
-25092
13940
24312
2044
-14597
1276
-27135
-13591
-12291
25749
-19715
-25197
-14956
-27140
-368
28034
28545
-20623
22404
22654
-8067
19330
509
12551
10996
-22411
-4172
13465
-31855
-31010
8636
19142
-32564
5235
-15116
-11817
14727
18557
-16260
19603
509
23811
-7429
-12166
14073
-5138
-18457
11004
-13595
-14135
-14852
-20365
6136
8444
-8453
-5
-27135
20714
-12291
2969
-19203
-29294
30359
-27140
5777
-23934
-19839
4210
22404
-2435
-29571
-31867
509
-16122
-18188
-20361
-76
-17254
27027
-15138
-24900
7624
27086
-26254
8437
8665
13447
-5508
-14212
21901
509
23555
-7429
-28809
-30471
-14865
28391
12028
-20507
-12088
-15108
22900
16632
7420
-13061
2812
-27135
-6935
-12291
-23659
-17411
-109
-14698
-27140
2449
-25470
-14463
15986
18564
-22915
-29571
-12931
765
-1530
-21004
-21389
-5449
-21348
-11374
9183
-14148
-3385
-20274
26995
-12555
2265
16007
5757
-4996
-11379
509
23555
-6405
25207
-21255
2032
-5657
13308
-28442
-20536
-7940
-11916
-17417
10748
-2565
10492
-27135
9194
-12291
14998
-17667
20628
27542
-26628
17809
-11390
-9087
4210
26500
-3715
-22403
18819
509
22534
5365
2166
17081
-24163
-28524
11744
23742
-28217
-29232
29555
-11276
-8743
18567
19581
-17796
-18288
509
23555
-5893
15993
-17159
21232
27113
14844
31463
-22071
1789
-27532
-11273
17660
10236
20732
-27135
27370
-12291
-1641
-16643
4500
-24937
-26372
-15471
-21630
-12415
-4239
28292
8318
25213
-9596
509
6150
-23307
-11914
4026
-32610
-1386
-4383
6591
3016
-814
7795
-19211
-27173
26503
10109
-7300
-31095
765
23555
-6405
10357
2810
13809
13288
15356
-10522
15049
-2564
28021
-15625
14332
9980
16636
-27135
13546
-12291
148
-15619
22933
15766
-25860
-31855
-16766
-9599
13938
-19836
-14979
-16771
6015
765
11014
-28427
-17550
1469
-10848
11414
-3615
703
21960
13010
-19853
14582
3803
19847
3965
-3716
-32115
765
23555
-6661
30326
9978
30449
18154
17660
-32026
30408
9725
-8845
-4874
23292
29180
-29956
-27135
-8215
-12291
-26730
-15875
2963
31381
-24068
914
-13182
-13951
-9359
-21628
-13955
-26499
-31867
509
30725
-9739
31606
-1347
-15455
-21350
-3356
22976
22216
3286
5491
12277
8157
26247
13437
-22148
-31603
509
23555
-6917
-14986
1018
-22032
-8216
17916
-11802
-26170
9725
-32142
-30473
25084
-32516
-24580
-27391
18922
-12291
2966
-16899
-22383
31892
-24068
24978
-26238
-19839
13170
-17020
-5507
27517
-31613
509
-21499
-6154
1397
-5444
-1888
3992
15844
4544
15048
29653
11634
-16394
-32291
15751
7805
-10372
-4473
765
23299
-6405
22387
12282
-30479
9703
17916
20198
-8507
-516
-28558
-30985
21756
27644
30716
-27391
-5655
-12291
915
-15875
-31342
11154
-24324
22418
11907
-13183
32369
-21116
-17539
-32387
22911
765
4102
-15113
-26510
20414
-19295
-24173
-26141
-21826
-23868
23506
23151
14326
25052
-30585
22397
2173
28045
765
23299
-7173
-12170
14074
-527
-10519
18940
28646
2758
12029
7538
-20234
28924
-27908
-25348
-27391
-2839
-12291
8342
-16387
-8303
-12652
-24580
13971
11395
-8063
9330
6789
-5507
-21635
29831
509
29701
14840
-20874
-19266
-350
2712
-16411
-25153
-25403
16854
1903
3062
-21026
18823
15741
-7556
-32627
765
23299
-7685
20599
-29702
-8206
9707
20220
-29209
-23098
17661
20850
-19722
-31492
-20996
-22788
-27391
12778
-12291
10902
-14851
16530
-12396
-24324
16275
2691
-4223
9842
-19324
-8323
-32643
14979
765
7429
1784
-10124
28866
17830
-15717
24807
-10046
21704
29144
7025
-19209
-12832
24967
8573
-27780
-2166
765
23299
-11269
27509
-13574
29427
-2069
21244
12776
28869
24061
16243
18934
-30468
-9476
-11780
-27135
1770
-12291
5781
-14083
11668
20885
-23812
22163
3459
3714
-2959
8325
-21635
10877
18562
765
-11260
1784
-397
-10811
-2649
17310
8169
24515
-12857
2267
-4495
-9225
25825
-24697
3709
-11396
-11886
765
23299
-12549
28793
-7430
-15629
-8211
22012
-1560
11718
29181
14706
-16139
-25604
-3844
-11268
-27391
28906
-12291
-25447
-13827
-18029
9369
-23812
-22893
387
-8319
-911
14981
-23427
22653
-21368
765
-31484
30712
-31881
5319
-19543
-25696
-3607
8645
-15416
21213
27249
7416
10723
24967
18045
-7300
-115
765
23299
-13573
18039
2811
24564
32493
22268
-30232
-16443
30717
-5518
30453
-23556
4861
-3332
-27391
-30998
-12291
-7786
-13571
23956
-5993
-23812
5780
19075
-5247
30066
2949
-6531
-31107
-23421
765
-29180
-12040
-20620
-2359
940
-22112
-12054
5061
12489
4062
1138
-13832
7396
24967
18301
-4996
19085
765
23299
-18949
10871
15867
-32267
-21522
22780
-15128
-31035
32765
-22925
14837
-20996
8701
1277
-27391
-21782
-12291
-14442
-13315
30612
13206
-24068
9108
-30845
-6015
29554
15493
-14723
-31107
-26749
765
18436
3321
25972
3021
19375
22179
27628
-15930
-2103
-31265
4210
-9736
-32027
-4473
4989
-6532
-19565
509
23299
-21253
4219
19195
-18443
-8208
23036
30441
-3131
-29187
-25741
28148
-17668
19197
4605
-27391
747
-12291
17050
-13315
-2412
-15462
-24068
-23404
20355
7298
25202
-24443
-23427
24701
4999
765
7428
21241
-10890
7118
14512
-12122
-27667
-10809
-8246
-28703
-911
23289
12775
8072
9085
9853
18310
765
23043
-8965
14960
10491
-11021
-9234
23548
-7202
-26194
7933
6257
-12561
-9477
-19462
28412
-27391
-10523
-12547
8078
-21251
-22393
-11131
-23812
-23404
20867
10626
-25742
-12411
-19331
-21891
14715
1021
-27900
24570
-17299
29388
-5971
-21595
2029
-8767
23740
20952
11889
19189
4315
-30329
16765
125
-13941
765
23811
-12549
-27531
22523
-1547
-787
23804
-32538
-9793
-30723
-3471
-22030
-18948
16637
5373
-27135
26601
-12291
-12907
-13827
20881
-8302
-23044
-1388
32643
9090
11378
31109
-22915
24189
-18045
765
-509
-11271
-26765
-29745
-26446
-23130
-24594
27079
-10810
20193
1137
7672
20199
-20601
8317
6013
12430
509
23811
-11269
4215
28411
-1291
21230
24060
14311
5825
-30723
21873
16370
-17412
17661
2301
-27135
-14359
-12547
-27241
-13571
17041
6037
-23556
26261
-23421
-6015
-13710
-28795
28797
24445
3461
765
-7933
14842
16500
24785
-28749
-15193
-14353
3529
-10552
6370
-24976
29176
-28184
9607
893
-1412
30341
765
23555
-15877
-3982
32763
29174
21996
24572
10214
-1346
-31491
31857
-8719
-19972
14077
3069
-27135
-17176
-12291
-1647
-13315
-1137
6800
-23556
-19820
-27261
-14207
-10894
14981
31613
25469
31102
1021
-8445
25850
15472
-22318
25525
-28505
14576
-29495
29895
-6687
-6544
-27912
-5913
31623
-5508
-2180
24458
253
23555
-23557
8565
-29189
13814
17645
25084
-19995
19644
-29699
-913
26096
-18692
21501
5373
-27391
-8217
-12291
-29292
-13571
-17777
11666
-23812
-7276
-29565
2434
9075
-18043
21373
19325
-4733
765
-17661
31226
-4750
-24365
30645
-17751
6129
8906
23493
14819
-16529
17912
-6168
10887
1149
-9604
7052
-260
23555
-30469
10614
-24325
20214
19950
25852
-8987
7868
-26627
-32657
-3857
-16900
25341
11517
-27391
-17945
-12547
18837
-13827
22159
-29551
-23044
-21356
-19837
-11135
11379
-30587
25469
4221
-11133
1021
-20477
-16390
-910
-23083
-1098
-22101
-3343
13259
-21307
485
-27537
-15368
6378
6023
19581
6525
5254
-260
23555
27899
20338
-17925
9463
22765
25596
24549
-32582
-28419
-16529
26608
-17156
24061
6653
-27391
9447
-12547
-6511
-13315
-12401
16783
-23812
-22636
-15485
-3455
-9870
-28539
-20867
29309
23681
1021
-22013
-6150
4977
22488
-2119
14508
26610
-15926
30405
26852
-18577
-25864
-24342
6791
1405
-11908
-20851
-1540
23555
23803
19063
-13829
-1033
3313
25084
21479
-15940
-23043
-31888
-6673
-15108
-32003
11517
-27391
-2328
-12291
-28777
-13571
-23149
-20331
-25092
-22124
-22653
-4991
30579
-14971
23933
8573
15496
1021
-28669
12795
6261
12506
31420
25007
-19725
14796
3269
7144
28781
4345
4845
-26746
-12164
31100
24457
-2564
23299
-2821
14709
4348
-24581
6393
25596
18163
17869
-17923
-1173
24566
-11780
-12035
22781
-28159
5111
-11267
-24940
-13059
24727
-20585
-25092
17812
-5245
-12927
20595
17285
18557
-4228
-2687
1021
-28669
-3077
-14735
31207
3021
-8515
18935
21205
-11056
24302
1131
-12804
-26892
19590
-15236
-22148
20100
-5380
23299
4604
18287
6908
27388
27386
26876
8696
-11570
-17923
-2713
10233
-11268
-11011
23805
-27903
17653
-11523
5774
-12803
-21360
12943
-24324
8084
29827
-21375
-20109
11653
8573
6525
-9601
1021
-29181
3068
24429
11758
8405
20675
16888
-20773
4567
-2067
-6807
1021
-22026
27270
-9860
-17028
13450
-10500
23299
6140
13936
8188
-24068
14843
28156
3579
-24878
-16643
-7837
-15623
-10756
-10755
24317
-27903
-18699
-11523
3472
-13059
29323
-29299
-23300
27284
21379
-3711
-14477
21381
8061
8317
16004
1021
-31485
5628
-19347
22513
-3112
-9272
5625
12258
-17958
13040
18791
3069
8952
-31866
-27268
27260
19587
-17668
23555
6908
-6804
9468
-9732
-30213
29692
-29700
24791
-16387
11618
4859
-9220
-10499
25341
-27903
-5899
-11523
29067
-12803
14731
11147
-20740
32404
-19069
386
-13197
25733
-900
-8068
12669
1277
-31997
6908
7785
-22540
17374
-13877
-10503
-11289
-10017
6897
-31387
4349
24825
-30074
-12420
-18308
-27007
-22532
23555
4860
-21142
10236
-7428
-29701
30460
30204
8661
-16387
-6558
21242
-9220
-10499
25085
-27903
-12044
-11523
17547
-12803
27787
5770
-20228
-29548
-17277
-3711
-909
-30843
1661
4989
-132
1277
29443
7932
26215
22773
-25377
4301
10234
-19223
13280
-7695
-9115
3581
-31239
-8570
-8068
-28292
-19833
32508
23555
-261
21870
10748
-5124
-5893
30972
13820
10706
-16387
-22428
-27911
-9220
-10755
25341
-27647
-21517
-11779
-3185
-12803
16780
2959
-19716
22420
-4477
6530
15476
-7547
9597
-14212
-385
1277
25859
8188
16489
502
-25119
20434
-17414
-27158
17632
20980
23911
3325
16378
-31098
-17028
2173
12162
21756
23811
-4869
-27285
11772
-1028
-7429
31484
11772
25810
-16131
30053
26361
-9220
-10755
25341
-27903
-6670
-11523
10893
-13059
12942
21647
-19204
17300
-1149
-16767
18292
-31611
-8068
9341
18040
1277
25347
9212
30821
3319
14308
-23854
-9478
1259
-17696
-25612
2408
2813
26618
27270
-11908
-15236
6530
11004
23555
-7173
363
12540
509
12284
31996
2812
-5680
-16387
6501
11513
-8708
-10755
25853
-27903
21234
-11779
19597
-12803
-16755
-17779
-18436
29844
14724
-28287
-24460
-28283
2941
-3972
-8068
1277
24323
10236
-10394
-21769
29157
3030
8443
-5908
-28192
-28683
12391
2557
-17414
22662
29565
-10628
-19580
-7685
23555
-8965
-24980
13308
2301
22780
32764
5116
210
-16387
-13468
-520
-8708
-10755
25853
-27903
30706
-11523
-25458
-12803
-2419
24463
-18180
-19820
5252
-1663
-28044
-24187
-30851
-1668
-13699
1277
24067
11004
9063
12024
1767
29912
25595
-31250
-15646
27638
-19610
2301
4603
28806
1149
-19076
21888
-15877
23555
-13317
-27797
14332
2557
21756
-32004
14074
-32566
-16643
-6551
-16906
-8196
-10755
26109
-27903
1521
-11779
-27507
-13571
22673
30863
-18180
-9836
-21884
2178
-31116
-13179
4221
-10116
9595
1277
23555
11772
3175
-21001
-19481
-14888
29947
12010
19164
9719
-15767
1789
-4614
-28538
11645
4989
19854
-16389
23555
-8199
-23434
14332
22780
-4102
-31748
24812
28603
-17923
-3979
-31769
-9476
-11779
25597
-27647
-31001
-12291
-7271
-24835
32664
28826
-17156
16021
-18300
6530
7797
-7291
15485
5757
3720
1021
23555
4092
-32398
6129
4827
-30255
-10758
-17955
-13108
11511
19569
-18437
-23048
-6522
-29827
125
24975
28411
24067
505
-10889
14588
9212
17146
-31236
-30232
-26184
-17923
-30601
4324
-11268
-12291
25085
-27391
28131
-12547
23194
29181
4503
666
-17156
-16235
-29820
8834
885
10374
-30595
-7556
-31864
1021
23811
-5
11123
-23824
6362
11471
-19462
-6693
970
-29706
-4494
-5382
-5129
30854
15997
11389
-1656
14331
23811
-24072
6772
15100
23036
32250
-30468
-12825
-5194
-18179
120
-3614
-12804
-12035
25341
-27647
-24606
-12803
-25706
26109
22678
-7019
-17668
-31595
-30332
11650
20853
2950
18301
2429
-5755
1021
23555
508
-3727
-19471
-13860
26321
-3078
21724
-15416
14071
-25485
-8966
30968
-23418
13181
17021
-114
-9222
24067
29688
17015
15612
20988
-3334
-29700
14824
16822
-18179
-11145
-8223
-12804
-12035
25341
-27391
-27166
-12547
-25190
22781
5270
-9065
-17412
12182
-14972
5250
28021
23174
13693
9853
15502
765
24067
4092
-11659
-1807
-11044
8916
19707
-20771
21194
21752
3443
-21766
2809
-19834
-1924
3453
-28786
29690
24067
2808
-17289
15868
31996
-19462
-29444
-18457
6071
-18179
18040
4833
-13316
-12035
25085
-27391
31458
-12803
14490
15101
18326
-12648
-18948
9622
-17532
-1663
28021
25222
-10116
-6276
20105
765
23811
6396
-3469
17651
15839
-23341
20987
27358
-1334
22776
-11149
-13574
22009
-6010
-2948
10621
30090
9210
24323
-22793
117
15868
-29188
-9734
-28676
-7452
-17487
-18179
30582
-28962
-17156
-12291
24317
-27391
-3872
-13059
4759
8189
15764
-29035
-21252
23702
-18556
15746
27765
-30842
-8324
3453
-7289
1021
23811
7164
14450
5620
-26400
30421
-27141
10207
10443
-22536
-22924
20474
-31495
2695
17277
9853
-3951
-26375
24067
25591
4729
16124
-30980
25595
-28164
29156
5552
-18179
-20108
-5156
-17668
-12547
24317
-27391
22240
-13059
-26725
-260
22163
20887
-23556
-32362
24708
9090
-28555
-19834
7549
-1924
-7540
765
23555
10492
26229
31988
-1056
2777
-10501
-15649
27338
-7687
26483
-775
3578
-4986
16509
24701
14220
2297
24323
6391
-22666
16124
-22276
17659
-27652
23012
1711
-18179
3445
-5924
-19716
-12547
23805
-27391
-22561
-13059
10136
-8196
-6253
-25962
-26884
-28010
-21372
28546
-3979
-25722
20349
5245
-10106
1021
23811
11516
626
31477
16355
22232
-9989
11744
-11319
-14599
-21133
18426
4090
-25722
13181
19325
-2935
-16904
24323
16887
-17548
16636
-27396
27898
-27140
3299
-6485
-18435
-23693
22491
-25860
-14083
20989
-27391
10463
-13571
-14186
-28420
-13422
11157
-28676
31126
31108
21122
-6539
31622
2429
10109
-7291
1021
23811
14076
-23184
-5644
17378
469
-13573
-5412
-12604
5881
26224
-25095
-18439
-10618
5501
9341
-13425
-265
24323
-2826
-28552
16636
-25348
-18182
-26628
-13854
8620
-18435
-28045
5850
-26884
-13315
22013
-27391
-25890
-13315
8602
16892
7314
-24938
32508
1943
-23420
8834
-4747
-23418
-7300
-10116
27272
1021
24067
15356
-18062
28149
2275
-32041
2044
21214
24261
-8199
-913
-26631
15098
-18554
24957
25981
25738
22007
24579
-20746
25461
17404
-16388
31738
-26372
15074
2219
-18179
20084
-4135
-29700
-14083
21757
-27391
-29474
-14339
-14954
20220
7314
24211
29180
-17258
-4732
11906
22134
-31610
11389
4989
4225
1021
23811
16380
26222
32502
14053
-1578
4348
6367
-27452
-11271
32368
-26631
15610
-22906
-27779
8573
-18806
-26378
24835
10998
28021
17916
-15364
-5382
-26116
10209
23721
-18435
-5773
29399
31484
-15363
19709
-27391
-8995
-15107
-24681
2812
-10863
7315
25852
1431
-27772
9346
27510
-30842
26493
-5252
23686
1021
23811
17148
-12944
-24842
3046
23769
10748
-28193
-32061
24058
6768
3065
-27142
-12154
29821
28029
3981
-21515
24579
-2315
25463
18684
-12548
24315
-25604
-14111
16041
-18179
-6797
-32041
28668
-16387
18429
-27647
-18467
-14595
-15208
12284
28306
-3947
17404
28823
-17020
6018
28278
-12922
15485
15229
-30841
1021
23811
18172
-7823
19447
12007
24795
16124
12768
-30012
-18694
-5265
15353
-13318
-30842
24189
12157
-9851
2549
24579
31221
-20621
19708
-6660
-3590
-25348
25569
-31319
-18179
-30604
26583
27644
-16131
19453
-27391
24029
-16131
-8300
-15621
-25966
5521
13820
20631
-14204
-1407
26998
-27258
10877
-1924
3970
1021
23811
18172
23918
-11529
5865
14555
17148
-3360
30917
-6406
-145
249
251
-30074
-23939
12925
8074
12788
24835
10229
-3979
20220
-8708
18427
-25092
-32288
-22105
-18435
883
9941
23292
-16899
17917
-27391
-24612
-16387
24471
-9221
-22895
24467
6652
-24937
-2172
22146
14454
-20858
21117
-4996
-3962
1021
23811
19196
9841
6648
-5400
-29731
22524
6625
28356
27643
12399
-21768
20731
-30842
29309
23165
-9589
4339
24835
6132
-394
20476
-7684
16635
-24836
-22816
-7258
-18435
-32398
31700
25084
-15875
20989
-27391
21980
-16387
-7017
-12037
19602
25749
-1541
-13673
3461
8066
16758
-18810
10621
-2948
-27514
1021
23811
19196
-19856
-28168
-10775
-26659
24572
-20255
5828
-25093
-13714
-14088
26875
-28282
25213
-29827
-12922
21490
24835
29939
-21645
20732
-3076
28411
-24580
-5665
23973
-18435
-17038
-10285
22268
-17411
16637
-27391
10716
-20483
21397
1020
-14189
-2413
-9477
-13161
3205
24962
-12426
-11898
9341
12413
-27517
1277
24067
18940
28526
7161
-32277
-16930
27900
-14111
-10046
-11013
-24978
29176
-28421
-22650
-30339
12925
10637
-5136
24835
-32013
15991
20988
1789
17148
-24324
-30751
-21850
-18179
31090
-9261
25852
-16387
18685
-27391
478
-18435
28057
-1029
18069
-9578
-23301
-873
-19580
18818
-2954
-6266
19069
-6532
12683
1021
23811
19196
3698
-22535
-8211
-29725
31740
-4125
-14141
29180
-13460
-29192
-2309
26502
29565
-30083
-28532
-6673
25091
-16910
-30857
21244
765
4348
-24324
-3617
18085
-18179
6771
-29230
20476
-17411
15357
-27391
10717
-19203
-5224
-28421
-23916
919
28923
9880
-5756
11138
-6026
-28794
4733
18045
-18811
1021
23811
18940
-20881
-10503
-2323
-27934
31484
5603
-14142
23036
22893
9976
-4869
-18554
-28547
27261
13962
20463
25091
19953
11894
21500
-772
23547
-24324
27102
-1630
-18435
9844
17871
5884
-23043
8445
-27391
31194
-24835
12696
14331
149
-16491
23291
-3433
23685
16002
1143
8839
8573
7037
-17788
1021
24067
16892
32367
-7943
1774
29152
31484
-11807
22721
13564
3950
-266
-10501
23430
-24451
28797
-21357
-11027
25347
-28432
-27269
21244
-1540
20732
-23812
-30752
-22108
-18435
27509
-2354
-773
-25603
2045
-27647
-18470
-24323
27805
763
-15979
32153
2299
-14441
11653
2178
2423
-12666
20093
-900
28811
765
23811
16124
22900
1018
15086
6885
-32004
3299
-26688
-21508
-3476
-9482
3068
27782
-30595
20093
8590
9452
25347
12528
28025
21500
1533
21244
-23812
-24864
12454
-18435
-18058
-16945
-5
-23299
6653
-27647
26586
-26371
12442
-12038
-14954
-23400
-12294
-15721
17029
31362
-6026
-14714
5245
-12932
-15482
1021
23811
15868
-22159
-27910
-21776
-27164
-31492
18916
21698
-22788
16238
31991
6396
23430
-20611
-19331
-10100
13803
25347
5104
17784
20988
2813
30972
-23556
-3360
22693
-18435
-19850
-27186
-4613
-24835
5373
-27647
5851
-30211
-19815
-24582
18326
6039
27386
-17257
3717
23426
11895
-5242
14717
12925
29575
1021
23555
16380
-27535
-13830
-13071
-14105
-30212
-25371
-4671
-4100
-9363
17911
17916
-21114
-19587
-19075
-11630
-16153
25603
-19218
6524
21756
253
-29188
-22788
27616
-29020
-18435
-12938
28364
-8453
-26115
-4
-27647
-14119
-26371
-4964
14330
-15978
-18534
18682
-18281
9605
19330
30071
9351
13181
14973
-13174
1021
23555
13308
-19085
-9734
-4879
30952
-29444
-14107
10178
765
3438
32502
23036
32390
-32643
31101
-884
-13849
25603
13038
-24455
22268
2045
-25348
-22788
-5152
-92
-18435
-18313
26572
-18949
-30467
-5380
-27647
-12839
31229
-25447
9722
8088
10394
-23303
-10089
28805
15746
-28297
-8314
4221
-4228
32643
1021
23555
13052
11376
16635
10484
-6423
-28932
25575
-16957
8189
-1425
-28426
27132
5510
-27779
-21123
-12147
-25626
25603
-32531
-25223
21500
509
-15876
-23556
-22560
22435
-18691
-24969
5836
-26629
-32003
-6916
-27647
5337
25085
3738
11258
2200
-31335
28153
-20073
19333
6786
-20873
-24186
6013
4989
-3960
1021
23555
11260
-22414
24059
-26892
-12308
-29444
-24856
-31549
18685
23663
-32010
31740
15238
-26755
25725
22416
-14366
25859
7147
28027
21500
-4612
-19972
-24324
-9506
-16735
-18947
32376
23752
23035
28413
-8964
-27647
-10282
26109
26523
15353
-21609
28571
-21512
-21353
8837
15746
11896
-1146
7805
-4484
-10870
765
23555
4604
11892
24059
-29708
11500
-29956
-11802
-14398
22013
-27280
-1804
30204
-3451
-15235
-26755
-15480
-13600
26115
2794
2936
21756
-4868
-32004
-23812
20189
-3937
-19715
-32391
12487
-262
18173
-25860
-27647
16597
11773
-6250
-18952
30103
-27754
8696
-31593
-3196
26242
120
-18298
11645
2685
23941
1021
23555
252
-7312
-29189
28149
-2580
-29700
-1050
16577
22269
31089
29684
30972
1158
-29571
-17795
-19570
-4386
26371
-8728
-3206
22012
-8196
-29444
-23556
3293
27807
-19971
11897
-4668
-9990
17917
-26372
-27391
-10284
3325
-28518
22776
18071
-11624
29175
-5993
23429
19842
28792
-9850
-1156
7805
16523
765
23555
-2821
7540
-26629
-11531
10991
-29188
-9241
28609
29949
1137
-24845
-30468
-2939
-13187
-24963
31887
12508
26371
-3097
-3461
22268
-12036
-27396
-23556
-5669
13983
-20995
22905
24515
-24070
8445
24572
-27391
-5421
-516
-18534
-31497
11159
6553
31990
-12137
4997
25986
29560
-16506
15485
-900
32138
509
23555
-6405
30324
-16901
-27658
-6417
-29188
1768
18881
31997
31345
-9742
-29444
-16507
-5763
-24707
-18038
16601
26627
-10011
-5000
22524
-15364
26364
-23044
23003
3484
-22019
9082
1217
20730
1021
23036
-27135
6866
30460
23960
12535
-27496
16792
28149
27287
9093
6786
-7304
-19578
20605
-3460
-23672
253
23555
-14853
-14222
-7941
24823
13808
-28676
-3097
-2113
-32003
13170
-21007
-27140
-11131
-10883
-13187
-25712
-27179
27139
29156
21884
22524
-19972
26108
-22532
-24358
4251
-22787
29306
-27970
-2311
-8964
14588
-26879
-18735
-29188
-7269
-30218
-27241
11418
32756
31639
27013
23426
-7816
-9850
26749
3965
-29296
-772
23555
-21509
8823
-2821
760
-270
-28164
30184
7359
-25091
10610
-27920
-24068
1926
-3203
-31875
19600
-4143
27651
29410
-1668
22780
-24836
25084
-22020
-3623
24987
-23043
-4742
-6724
-9991
-9988
2812
-25855
-29744
27644
-28261
21494
6297
-4198
-1550
-20585
9861
5506
6521
-2938
27261
-13444
23691
-2052
23555
-30725
-18828
5372
-15112
-782
-27140
31208
-28993
-23811
30322
8688
-23300
-6523
3710
-28803
14990
-24626
28675
26592
-2437
22524
-27396
21756
-20996
12505
14233
-24835
-3718
14523
-31495
-24068
-7173
-24063
21455
-1029
19610
-20491
9114
-17253
-13070
-24937
4997
12930
19065
-2426
23165
-9604
-16758
-3844
23555
23035
-32140
8444
28409
-12045
-26372
10728
-16450
-22275
24946
19951
-20740
1926
-6019
-15491
7063
-10038
31491
20958
-7296
22268
31484
-27396
-20484
5081
-10344
-28419
-27268
30391
17657
-32004
-22789
-19711
-25650
-15877
-28257
15604
-19302
-16993
-22033
-23913
-124
-2175
-27527
10631
13181
381
28049
-6916
23811
2811
32121
10236
-12039
-14603
-25860
-23832
15039
-19715
-22925
-22547
-19716
-26235
4478
-12675
145
14535
-30717
-19236
-14723
22268
27388
16380
-20228
14040
-20584
32765
-9347
-20554
-21256
8444
4347
-15103
27085
26875
12444
21491
-5478
28316
19438
-19817
1157
-15743
-4743
-22394
23165
-8068
-18805
-10244
23555
-9990
-10635
13564
-29190
-23563
-25348
3049
-10307
-19203
-29324
29165
-19716
-24699
2430
-899
-14961
-4158
-23549
-27685
2429
21756
22268
6140
-19716
19671
30614
28157
22398
-6988
8440
-2821
7931
-6399
24780
-23558
-15973
2802
-5222
32155
-26133
-16489
12677
8322
-7303
-3450
22653
9085
-25716
-15876
23811
-24838
7798
15868
3579
-14345
-24580
-1559
-18500
-18435
27764
8940
-19204
-20859
13950
-20355
2196
-4932
-20733
5083
22912
20732
5116
-517
-19716
27351
28310
27901
-5251
21427
-18953
-9477
251
-2047
14796
-2822
11678
26608
-19303
-612
-6680
-27497
9861
10882
9850
-3450
25469
-11652
-32369
-25860
23555
-25350
13176
17148
28411
-13576
-24324
13803
7358
-18179
-24716
-4373
-19460
22405
-2691
-11395
28813
17337
-9469
9434
-20100
20476
-11013
22011
-20228
11733
3988
15613
25214
-1616
-25610
15099
5370
15106
-27446
-7687
-19303
1519
32664
-872
-30234
19607
2181
13954
-4231
-19578
14205
-9860
6536
31996
23555
-29446
1652
18172
-12293
10233
-24068
31210
-5700
-17923
18038
-11286
-19460
28805
-5251
-21379
19598
-18252
2564
-14633
637
18428
-27397
-9478
-20740
-3629
3730
7677
24702
9390
-6667
-5126
-3847
29698
-1848
6137
22426
3566
-5225
-21352
30948
-27497
3461
2690
22394
-5242
8573
-18308
-17779
19964
23811
17658
6775
18428
-8453
-6407
-23556
31210
20924
-17923
4982
-21016
-19716
23685
-29570
11646
-22640
20143
7428
3286
-15746
17660
22267
-18438
-21508
10962
-17008
253
24958
1196
23029
-21766
-27143
-25342
-32057
-1544
13467
-6676
-28265
-8551
-8991
3479
7557
18306
-26246
-15226
-18051
10621
5775
2812
23811
762
5496
19452
5628
7418
-23556
15850
18363
-17923
3446
31719
-19972
1157
12414
13438
-5241
-25430
-30716
-16173
30842
17916
9723
-15623
-23044
208
28046
-10756
-20866
31658
3060
2042
17913
9219
-30779
-28169
-19306
-19222
-12906
5525
-15394
29079
22149
-1919
-13702
-25210
23677
6525
-24695
-14597
23811
-17671
-17804
20220
16636
-30470
-23044
-18455
-5447
-17923
4471
-23322
-20740
14469
14462
894
19342
15525
-13308
-18735
19581
14588
-16646
-15623
-26116
5071
32139
-28932
9854
25510
23539
28921
4856
29699
-31805
3831
22937
20969
-26474
8855
-15397
-2410
-9340
10882
-20614
-15226
13693
-388
-28017
26619
23811
22521
-31881
20988
18172
11259
-22276
-7959
-27720
-17923
31862
-19228
-20740
19845
22398
17278
-11634
-7521
-5116
10192
-1155
13052
30714
-32519
-25860
-11571
10891
29436
-16004
-19803
-23310
7673
-17929
-15613
27842
-14090
-5735
-30744
18070
7064
12507
13719
9605
-1919
7547
-6522
29309
9853
-17778
-1286
23811
9721
-22409
22268
-32004
18939
-21508
16361
-24137
-17923
-31371
5860
-19972
-14716
-31874
6526
21641
-6499
-18683
22478
123
10492
13562
3833
-29956
-7477
25480
12028
-28547
-23901
-19471
-27912
31991
-20476
-22848
-23564
-7274
10470
-11371
20372
8663
-1386
-380
11138
-29829
-21626
-25475
2941
32651
-12550
23811
-14600
-18315
22268
-28420
13819
-20996
-26135
19383
-17923
-1418
-6686
-20740
13189
-15234
3710
4239
10392
518
5580
-15490
4604
-14087
24312
32508
-310
22151
508
9341
417
-10256
-1289
1014
2309
-11329
-13836
5274
2021
26261
-32106
-15149
-6250
2437
130
-20357
5767
-14467
-3716
-28013
15866
24067
25592
15994
22268
-23812
-14341
-20996
12009
9398
-17923
-18826
17121
-22532
-892
-20610
13182
-11379
24977
-32506
-20535
-16002
1532
26617
4344
28668
-4664
28549
-8453
24957
-11619
-2833
-21257
18934
-14075
8126
-7181
30104
-5662
-25195
-3946
-30257
-10602
-4476
3970
-14725
-11386
-17283
7037
-2675
30457
23811
-11785
-27017
22780
-13572
-19717
-20484
25832
30132
-18179
-1418
-28449
-23812
-12156
-32642
26238
19851
23181
32263
30151
10365
-4613
1273
18935
19964
-10553
4739
-29445
25725
5275
-10770
1527
-4363
-11258
29116
-11279
12183
-21279
32149
7062
32716
-28010
2949
-383
-19589
-18810
-32131
13693
-8821
-4104
24323
21751
30070
23292
-12036
-4613
-20228
-29466
-5200
-18179
29558
29661
-26372
14725
29822
18302
19859
-20344
-14841
12230
16513
-14597
21752
-7689
16892
12743
13442
25851
893
27033
-27666
-19210
14581
21767
31931
22770
-29541
-31265
-22124
-25192
-15672
-27498
-3964
-7295
380
14727
22141
381
18065
17656
24067
1271
-21383
23804
-9988
14844
-19716
-15130
-1616
-18179
374
-14628
-26372
-30844
-6530
23934
10381
-15228
28680
30660
28798
-15109
13048
8694
10236
-3387
10113
-1030
-18307
152
2285
-6923
4340
15368
9402
-6928
3224
31454
28565
-18794
-27963
20118
5253
-1663
17020
26758
-2179
7805
11915
-22793
24323
-21770
28790
24060
-4868
-773
-19716
-7451
5295
-18179
-29834
-3365
-30724
-23676
-19842
-24962
-14197
-29568
-31735
12482
-20611
-21509
-17161
-9995
-5637
-23100
19327
14074
-9603
18325
-32277
-30732
22002
27145
-21064
-7954
-618
-24356
24468
3989
-21310
-29034
901
-8063
-30596
-21114
-22147
15997
7820
-4874
24323
6390
-31882
24316
-3332
19196
-19460
17381
15277
-17923
886
-31783
31228
-24188
-10882
31358
18064
11899
-7159
20416
29569
31227
7927
-27915
-11013
-21309
13439
15866
11645
-30061
3819
27380
15858
10
-29001
28399
-29287
31194
19860
26007
-21315
25238
8837
-2687
-32132
-23674
-19843
25213
6030
-5899
24579
-32011
-30856
24316
-2308
29692
-19204
-16924
-6996
-18435
15221
-20264
28924
31620
-19074
28030
-17014
13686
15115
31165
-30850
27387
-10762
-26636
-24069
10177
12668
-9991
32382
-10095
32233
-12045
4338
-26101
27829
-13076
25750
-5928
14484
-9836
26298
-5739
-6268
8066
-20868
-29562
-31107
12925
-18554
-8972
24579
-29708
27252
24828
1789
13308
-19204
18915
-4439
-18179
-28042
-19241
24060
3204
-20354
-22146
-32117
4210
-8181
15548
10110
15355
32502
-11789
31483
-13378
-16263
1529
635
-12401
9192
32754
-25616
-27124
-18509
-17174
14486
-2091
-26733
30867
-14919
1942
-6780
-11647
-8068
14726
28029
28541
1676
-6157
24579
29428
-9610
25852
1277
-29956
-18948
738
-31065
-18435
26995
24021
20732
-27516
-23938
-25730
11662
-29075
-23028
12474
-24192
7931
32245
18675
15099
-20033
-26757
-21768
16254
654
22503
-4111
15087
-31731
24243
8427
-13417
15829
-3949
-17771
-24141
5782
-10108
-6783
2429
-6522
25213
22397
-24179
-14606
24835
-17421
19320
26108
1533
31740
-18692
-18974
29864
-18179
-17803
-23596
16892
18308
639
-21378
-3451
31083
-26866
-4937
9852
3579
25077
-28431
-13318
7870
-23174
-21001
4991
-20084
31973
17648
-6931
-25841
8882
999
24467
11476
2964
26770
28847
-20843
9093
-1919
14973
-28794
-18307
19581
27016
15090
24835
-14094
885
26620
2813
30460
-18436
-6175
-18010
-18435
11638
21459
8700
10116
-25474
30846
9611
-12953
2831
13751
32126
-25350
-28428
-21775
-15878
-16196
-23944
-18185
15742
14218
-284
-2321
-1299
21520
31664
2023
1430
26065
-110
17812
14509
-9323
389
-6783
18813
-28538
21629
11901
3470
13041
24835
-9998
-8841
26620
765
27900
-18436
10209
-19291
-18435
14453
27857
6396
7556
-386
-22402
1420
-4510
-20721
-12363
-20097
30202
-14093
22513
-30726
-15941
9592
15863
-6531
-25464
-24861
23791
-1300
30225
28079
-15898
10902
26319
25746
13715
6825
-8811
-3452
-11391
-23427
-23418
-11907
12669
-24180
-19217
25091
27890
-4233
27132
1021
25596
-18436
-8736
1189
-18179
-31627
-28464
252
-23165
-8834
-3970
-2679
5985
27406
22449
-10370
30970
11252
5106
-20486
-21315
-7814
-24329
-22656
-9079
-5149
-27153
749
-15088
27055
-22556
-32619
-5166
-13161
21142
-28756
30101
-380
-13439
-23171
7814
-14211
-27011
-19829
8175
24835
-29711
27511
27132
1021
5884
-18436
12769
16038
-18435
14454
20689
-1541
7556
-22914
-3970
-31344
-11942
-24050
6318
-17534
24570
28659
-8975
17658
-7748
122
15863
18561
4231
17891
-6930
-16405
3601
18862
485
18585
6353
-19305
15001
27302
24469
15237
15746
-27779
-21370
28797
-27523
7572
-6164
24835
-19216
-901
27388
1789
-27140
-18180
30177
22182
-18435
-4746
16591
-4613
-17277
-13954
-8322
17039
-22441
-2801
11436
17283
16890
-7950
-2575
1274
22204
-26247
4343
-25215
-11131
-29214
31726
-28692
-18158
13485
20196
10648
-21809
-4457
10137
-7774
14485
645
-18815
-3459
9350
32381
-32643
19342
-20501
25091
-26897
-20871
27644
2045
-32260
-17668
27873
-32090
-18435
14967
22479
-7429
-13693
6015
2687
-14707
22356
13587
-32599
9090
8698
-14094
-21519
-31751
4539
3193
-26122
4227
-12670
-13599
-15379
-7958
26645
11948
-21536
29335
28623
-20583
7066
-30048
22165
-5756
3202
16766
23942
-16003
-24451
-8307
20970
25347
25838
28025
27900
2301
-21252
-17156
24800
10149
-18435
1656
26061
-10757
-10621
-1410
-9858
-1899
5712
-30445
-29529
-11898
-15623
-11791
-8976
26105
32698
3705
-30474
-14462
32640
9697
-9747
-6422
2070
21163
-31774
28572
-4148
25240
6044
29595
20629
-15996
-11903
25470
23686
-17795
30845
-7790
27880
25347
-21779
-1412
27900
765
-19460
-16388
2017
4261
-18435
-18057
14796
-16901
-25981
13951
-3970
13710
32077
-31212
2471
-7550
-20743
-28687
-5393
4089
-10315
-21646
-3340
-6016
-15489
-4899
2027
24808
11800
24489
31199
-5738
-8247
-17514
-21610
23451
30868
-3708
-7295
-22914
12422
-16771
-28547
6795
13799
25091
-4371
21624
28668
765
-22788
-16644
-13092
15261
-18947
4982
-27190
22779
18563
14207
-5506
-370
21577
23832
12962
1412
-26375
-1296
-15633
24568
-329
-5514
15605
-1660
-3204
-32034
-20757
32745
1563
25000
-8229
22680
-23864
-31080
-7528
-30573
-31852
1925
-15743
-7042
-3451
-10371
24445
13967
4069
25603
-2838
-29061
28668
-772
-16132
-16388
-22049
19362
-18691
-29063
9673
-32005
20355
14719
-20354
21395
-32187
2073
-17503
19846
11513
26352
21743
-1545
8887
-5258
-29964
5765
-29829
19421
10731
13544
17436
18855
-11044
16538
8646
-3433
923
5007
-23916
-15996
-15487
-16002
-5499
-14211
20861
402
-4382
25603
24298
7037
29180
-1028
-12548
-16132
32479
8866
-18691
-13191
13768
26875
25475
14719
-19330
18316
-16830
-28388
-29025
1411
-11528
-10769
-11283
5111
-26699
-20875
-12558
31365
20346
-27174
-27416
-283
26656
15013
-10025
22678
15555
23191
-28777
30347
24724
9349
-12927
27518
3974
-12675
12157
22410
19169
25859
30440
8569
29436
-516
-15620
-16132
-19490
17825
-18947
-15494
1735
11259
-8318
1663
-1154
23949
-17346
-14562
32157
3459
9720
25070
-22292
1270
-24397
-18061
-1552
8581
22391
6104
-27162
-30494
-16094
-7517
-20268
-14186
-833
-6763
-13675
22661
13716
-8828
-18559
13439
-15995
-19075
24701
13968
-19234
26115
-16665
13948
29692
-4100
-11268
-16644
29406
-17505
-20483
8827
24772
-5638
7555
29567
20351
-7538
30010
-5089
-24677
3460
23543
-27668
-22806
-19467
1458
1906
240
13956
23925
-11563
-5660
2530
-30940
20385
23764
-31850
-16453
5524
-875
-16514
-14445
-13436
-15487
13951
-7291
2430
-13443
-25711
-18981
26115
12263
-26756
30204
-9220
-17668
-16644
32222
11680
-22275
-26245
14531
-30470
-12926
14463
2943
32646
-16073
-30428
-14952
5760
10999
-7957
5097
5108
23727
19824
14318
-16508
15987
19411
-24606
4320
30505
-15201
20173
-7279
20922
26516
-19566
7291
28819
-17532
-17535
-16769
-15483
-13443
-27779
28044
-24871
26883
-23835
13434
30460
-11780
-21508
-16388
1501
17310
-23043
18044
-31552
13562
-12670
-23681
31359
-6773
-16845
-12250
29846
6275
2294
-26134
-29976
-31501
22702
15470
3310
23172
4976
-6959
7138
-15650
-27861
-13155
-30772
-1644
5559
9364
917
-30346
-31085
-18044
-25983
-20097
-11131
13182
-15235
-3439
16342
27395
-29724
1661
30716
-16388
-29700
-16132
-30500
26269
-23555
-389
-8514
-1031
-17022
-30593
14975
-26996
-21456
-20183
25237
-381
31477
-24600
-4891
-27918
7339
364
29164
-26238
-1171
-22065
-26144
9693
20783
15772
-6453
19092
-19278
3986
-27501
-18832
23187
-17532
-22655
-385
-8571
9598
-25219
11151
28883
28163
-14876
-12165
30972
-28676
16380
-15876
10459
10139
-25859
-29317
-16707
31225
-20862
15743
3455
16007
-3283
-26321
-8815
-1664
-11788
-10777
-31004
-32527
30632
-5016
15083
-5502
11371
29133
14559
7645
-16332
-18535
15812
28817
-31568
17554
1681
15468
-366
-21372
-30847
25984
-23931
-11651
-32643
-1653
-20272
30979
-16670
6522
30972
-32516
508
-15876
-18216
3992
-26883
-21126
27066
6137
-15230
-26753
28799
-11636
1834
-7891
-21617
-18045
-7437
-14875
-26141
-12561
-347
-15515
6633
-13439
11369
-23862
-1317
17625
-14539
-10088
5317
-9069
-6996
-21617
7568
-151
4243
-23932
27009
25984
-4987
5758
-10883
20882
30412
29955
18403
-3716
30972
20220
4604
-15364
19157
-9072
32765
-7817
30903
22520
12162
-32641
31359
16267
12071
13620
17549
24707
26099
8421
14818
-27410
-7771
-665
-8217
4995
14183
-25911
4827
11224
-9926
23959
30146
-878
23467
-32111
27026
-1438
-21358
26500
-16255
-31872
23941
-2947
-11907
-3699
3273
-31229
21984
-27269
30972
18684
-7685
-15620
5847
31637
31485
-16518
-11849
26104
4994
-29825
-17793
-28024
28453
-3015
18570
29570
27890
3812
-16672
-24852
-4957
-12955
3814
11651
-12188
26823
27097
15062
576
14741
24507
28561
7336
-21104
-29296
8543
22162
32644
-20351
-29568
20357
5246
-387
8332
-14394
-25085
-4130
-16518
30460
11516
-19205
-15620
11989
-4718
27133
7546
16821
-6921
25986
-29313
31359
-31600
-22495
29499
11656
-19322
8177
6114
-5152
-12309
-30046
-13980
4325
-8830
12130
-8763
-1577
11477
20546
-24429
21181
-13675
-11870
-3441
5010
28760
12178
31620
-10111
5249
-23931
17534
-7555
11665
30145
-23037
-25891
21374
29436
-1029
-15621
-15620
-31276
26770
26365
-7047
-17230
-25353
-11135
32127
-19585
-25718
11549
9280
28291
388
14576
-6176
-11043
15848
16800
-26014
-1311
3204
30557
-30015
-13868
-815
21576
-24431
2740
9106
-32353
13712
-368
-7088
7058
26500
29313
2177
12933
-10115
6270
-31349
11450
-15101
-1062
-21637
30972
-10757
8187
-15108
-15918
12687
18173
28539
3505
-20746
2434
-11137
-25217
-7288
29723
-10427
4480
18563
-25105
-2849
-17701
11494
-7522
2914
27359
-11389
23899
26559
3282
-3890
13389
-10353
23470
30353
-9316
-24177
18575
2380
27026
-28284
-15487
-22655
-30587
19582
-11651
31372
7351
-3837
22234
-32389
31484
-16389
2811
-14852
-21294
12687
7933
15738
3246
12534
-9855
-18305
-16513
-22387
-29416
5448
31100
29062
30702
-27938
-22565
27876
13981
19296
28382
3460
13913
-25667
-10800
15310
-8368
13966
-9041
-16749
-29289
-13170
-26992
-25019
7315
30852
24449
-1663
21125
18302
-1155
-10354
21169
1540
-28456
4733
31740
-27397
7163
-14596
20434
-22387
6653
-18310
5037
-4619
2690
-7297
24703
19847
-11242
4689
-2184
15747
3309
25565
15577
28641
9115
15199
-26405
-13436
-21162
18874
17614
-23861
7769
27532
-3930
20368
-10091
25487
15247
-3262
-6254
-31100
-21631
2434
-31355
19838
-28803
14983
-31571
28420
30934
-1416
30460
30459
-25094
-16388
-23344
12172
253
-21637
13226
-1292
4738
-13953
-22913
12937
8724
-170
-20108
6276
23019
-4134
-16681
-7202
22936
-29092
14809
-1148
21330
27063
-17205
-5175
-8866
31113
30368
-6000
-30063
2191
-7538
-5059
-20333
-24444
13185
18562
-17787
7294
-3971
-22643
-6490
-13564
6356
29564
28668
8955
20218
-18436
26575
20361
-7428
-2181
-23130
25588
-15999
-9345
-5761
15499
1810
-3237
-32142
-12923
20713
-12584
13014
-31781
-21354
26715
29910
7813
23120
26292
-19512
17093
9829
-30841
9377
-29551
-19828
10381
-3955
-16329
-23149
-32380
30849
-22398
-20859
10366
1918
-10354
3489
9733
-14639
-13699
24316
-13830
12282
-21252
-15923
13704
-16900
8572
-26461
29427
-28543
-897
-7041
2691
-22768
-1953
-3731
20865
-17177
25046
-2351
8151
-12397
-12711
19922
10117
-6066
-2897
-12861
-320
13163
-12155
-25705
16524
-7541
26765
28810
-22473
8083
-20860
31873
6531
-28027
21374
6270
-2936
-7268
-32763
-8496
29305
20220
19450
-26631
-26628
458
-24191
16892
-12166
9632
12529
29057
11648
-4993
16268
-31986
27997
18534
32135
-19738
-30507
7380
19672
17813
3676
27604
6792
-13236
15537
-17211
-32062
5738
26756
29847
-14703
-26995
4754
-7023
-717
24211
-31868
13185
29059
-31355
-32130
9086
-18799
-26731
18693
22220
-27265
17404
13818
32249
-24836
-14390
-8571
31996
21116
-4450
6642
27521
-897
-385
-16756
-756
4451
10083
-15993
-2332
-10285
-10287
-19245
17555
4956
-20016
32648
-13238
-3667
-27199
-16706
-27280
4227
27286
2706
-24184
3985
17297
13104
-4206
-29308
9345
31875
31109
20606
13182
-8561
-17777
-14843
-6967
22655
13052
-8455
20217
-31492
14794
17028
16124
-15236
-20580
2801
22401
10880
12416
7560
-17909
-14997
-7586
26501
9699
-10031
15822
-5169
23440
-13223
-6964
16777
-3513
-343
-29250
30395
9336
-26496
-31350
25231
-30587
3217
15503
-23764
-3182
19588
23937
1668
-30587
21630
21886
-14451
20362
-20474
967
20094
7932
30713
18936
26620
-5177
-11646
-10245
-20867
-10087
-24081
-640
4736
9600
4494
-10998
-3474
-10660
-14968
-15904
-28721
9167
4302
1424
-14247
-13365
-5752
11846
27048
8637
-26183
-6277
17535
-16501
23186
-2687
15248
29328
-18135
6547
23428
20865
11140
21125
25214
16766
-5227
2438
4103
23749
-638
-3845
-3080
-8456
24828
-20791
-28030
-5125
-12163
30616
19439
2433
7808
24704
-29813
-25334
16759
-30628
15240
-24865
-29746
24269
-30517
-10355
12378
-28471
-2936
-2234
31654
-15430
-8521
-29821
-20867
17545
-19824
-20097
-22385
9615
-5593
-24686
28292
25729
11396
14981
27518
26238
-29297
-2684
13576
964
2944
-5893
-10504
24824
20476
-29753
-10622
-18949
23422
-13673
32750
-4224
11648
16512
-9847
8201
-1158
-22187
19591
-11811
-3892
5067
24006
3724
26200
-2875
-7799
16962
27299
696
9397
22919
25467
-31362
24975
-28805
-26480
-21873
-25309
3474
32132
19329
-31868
13957
31870
28286
-3186
-7556
-14840
30144
-21633
-13061
28664
-24841
5116
1223
130
21243
25471
-25452
30957
-3456
18560
22400
27281
4872
-25477
-17326
-32373
-10022
28362
-3382
24772
29578
-24490
32196
26505
-30145
16545
9655
-11341
-8055
22393
22144
6291
7287
-1906
-18543
-17633
-27503
10884
10881
-7292
8069
-29314
29054
17811
15734
-7928
24766
-24958
-20485
-4873
-25865
-2053
-29755
8832
9723
5759
915
-26644
-30592
24192
-16512
12427
27655
15747
-11953
21129
13529
-1080
-1849
-19265
21128
-13483
-15169
-1911
29502
19869
-13134
-23889
15505
-24713
-8584
6799
4980
12175
2191
-24291
-7024
14724
10113
3205
-5244
-24706
-15234
19085
-29583
17674
11196
9600
-27397
-27657
-10506
-18949
-6973
31358
-28678
-3457
25233
-534
-31872
10624
24960
-12918
-22522
-16763
3402
-20087
1239
-18234
11206
-23109
7559
-28331
-20292
25483
24378
17562
688
-10579
-26221
-31115
1137
16271
-24719
-3696
-4208
8731
-8048
15236
1153
-17531
2693
-32386
-31874
11151
19819
-16374
3000
12673
27643
-10762
-9227
32763
24259
10622
22266
-28288
-15218
-8727
-28800
-24704
-16256
10895
7430
20868
-3001
-31604
-300
18117
16837
29880
31620
12114
-22087
17034
31032
18072
28589
5546
-32363
-1421
-14220
-11376
-20625
-369
15761
-19687
-24432
2692
15233
-28795
-7804
-6018
-9602
31888
16998
-32246
-32329
-10879
22523
25078
2038
16891
15295
1912
30969
-21890
-629
-22553