-29960
29853
17312
7670
28573
-21371
14210
-9609
-23161
21629
-14212
-15469
253
23299
-31237
20091
-24325
15864
26868
25084
2025
26050
-24323
-20878
-5391
-18948
31229
9981
-27391
-15126
-12291
-2662
-13315
-7787
3738
-26884
-8299
-14205
-10879
25202
-15483
-14211
19581
12172
509
-20221
23034
-30599
7640
-32070
-9737
-8548
-24417
24053
7581
-16507
19842
24440
-32377
22397
2173
13457
253
23555
31739
-26246
-21509
-2824
8181
24060
4585
-20799
-23299
-19085
-32271
-16644
30717
13565
-27135
24810
-12291
11673
-13059
-4458
-24167
-26628
-16747
-9085
-3199
-12686
32389
-25731
30333
-5498
509
-20989
24314
-13194
17882
-3651
-21001
14748
-9827
8437
26013
-17531
5762
20856
20359
12669
-6020
-11889
253
23299
30715
-10375
-20485
11001
29941
23548
17385
12738
-21763
19828
9969
-14084
-29955
19453
-27391
18154
-12291
-13672
-13315
10648
-19558
-26372
14486
388
-10623
-17038
25221
-23427
15997
-24698
765
-25853
22266
26230
23003
6079
-14858
11675
6815
25076
24989
-23931
15234
16248
32391
12925
-1412
3223
-260
23555
26107
-14211
-20741
3577
-19979
22780
20970
25538
-21507
-2957
18416
-12036
-28419
19453
-27391
-19478
-12035
11421
-13315
32663
-24676
-25860
18326
-7805
-6015
-15502
-23675
-24195
31101
16522
765
-29181
30714
32632
-8741
-6978
29686
-32101
19870
-6157
23197
-22139
21890
22904
12167
11389
-9348
18577
-516
23299
23547
16762
-18437
-22023
7157
22268
-30231
-20287
-21763
-18316
6896
-11012
-29955
18429
-27391
-25622
-12291
-5479
-13571
7064
2459
-25860
22934
-8061
-7295
-13454
20101
-26243
23933
-6269
765
-28157
-29190
23157
-32291
-3647
3318
12443
12701
29939
-31331
-13435
13442
-29832
4231
6013
-5764
-18288
-772
23299
16891
7802
-17925
-12039
-13835
21756
6122
-26431
-20995
-1676
30704
-9220
-26627
22781
-27391
17642
-12291
-10087
-13571
-13673
-9831
-26116
-8810
7812
-3711
-10894
20613
25981
19069
23175
765
-32509
-28678
-30346
-14370
5059
-3852
27289
-32609
-7951
-30051
-17019
-31358
-25736
-31097
14973
-12932
7828
-1796
23555
17403
9852
-17669
-4871
29175
21500
-9494
2753
-19203
16501
-28689
-7172
-20483
27645
-27391
-2071
-12291
18587
-13827
28312
20381
-25860
5527
2180
14722
-11406
-15227
-25731
7549
-25207
765
30211
-15622
-12937
-9761
4804
-18956
9367
-30056
7410
1437
-23163
22402
-26248
24455
-2436
-21636
30091
-2308
23299
22011
-12170
-16389
15610
-16138
21500
-31770
-30279
-21507
-12430
-4371
-8196
-31747
25597
-27391
13288
-12547
18069
-14083
-22636
24212
-24580
-11882
644
1410
-5774
-19323
13437
6781
-384
1021
31491
-4102
-19599
13281
14022
-7693
-2666
-2152
-22543
8349
-21371
28290
-21896
-22649
2429
-25476
7822
-2820
23299
13051
-22153
-18181
-16647
-15372
20988
-4378
-22341
-20739
16498
12781
-5892
-23299
27645
-27135
31464
-12291
32151
-14595
8083
22421
-24836
1431
7812
14210
-398
-1659
14717
1149
-32378
765
28931
1531
-30092
-11296
-26940
-27406
-363
7834
1264
22173
-9339
-29054
121
-23929
5245
-3204
-19313
-4868
23299
9467
-17288
-17413
-7943
-3340
19964
-29977
-581
-20227
-5519
-19220
-5124
-21763
29437
-27135
30440
-12291
31384
-15875
-7534
-19562
-25092
-31081
24452
20866
6515
1926
16253
14973
26503
765
28419
10235
17269
-4895
-11067
10738
-11627
-15466
30959
6045
32133
-26238
-2184
23175
-132
-28036
24712
-6148
23299
7163
12148
-16133
12282
4341
19708
9191
14266
-19971
-14735
1773
-4612
-20739
29949
-27391
-8729
-12547
-30060
-16387
-20077
-28013
-25348
-27753
-7037
27010
6259
-3963
12157
-12420
-29309
765
27907
13051
-31630
6883
25287
19441
7061
-14186
-29202
11165
-6779
14210
10105
27015
-900
-19588
-11123
-8452
23555
2811
18039
-16645
12026
13046
19452
22759
-3911
-18947
-20367
15083
-3844
-17411
31997
-27135
-2841
-12291
-12649
-17667
12435
2454
-25348
-12393
30340
-5247
13427
7558
20861
-1924
-10359
765
25859
19195
25717
29923
-12601
-24080
31381
23704
16621
11677
-12667
-29054
19577
-17017
3453
-12676
27278
-12036
23555
-2566
-6281
-15365
30970
27894
19196
17383
-28743
-18947
-2191
235
-3588
-17411
32509
-27135
-10265
-12547
27544
-18435
15763
-107
-25604
7576
20100
14466
24691
23430
12669
4989
-14714
765
26115
24571
-20876
-3612
-7991
-16912
-24171
-19308
-25108
8349
-9851
28290
26489
25223
2685
-3204
-19830
-14596
23299
-8710
-14219
-14341
-11014
-30218
18940
-1818
31928
-18691
-10895
-30742
-3076
-17411
-32515
-27135
17127
-12547
-17770
-19203
16531
2452
-25604
8856
28036
19842
28275
2950
18301
13693
12165
765
25347
26619
27507
-21786
23756
-12049
-12908
-12137
-2326
15005
1414
-29054
-30599
-22905
3709
-4996
-23151
-20228
23555
-14342
-14984
-14597
-8454
-26889
19196
25575
-11593
-18179
8049
5865
-2052
-14595
-30723
-27135
20967
-12547
22426
-20227
19346
5271
-25604
-23400
-20092
24450
28787
32390
20093
7293
-31860
765
24323
-31493
7543
-3354
2509
-7698
27029
-30057
32233
16797
-18043
21122
-16263
30343
893
-3204
-8819
-26372
23555
-21254
-22409
-13573
10747
30199
19196
30695
-3146
-18435
-12431
13545
-1796
-14851
-30723
-27135
4583
-12291
13976
-22787
-16750
11413
-25348
-14440
-28540
14466
-25485
11654
6013
10621
-17530
765
24579
-29445
-3981
-24856
30671
-1298
-16235
16279
-17176
10141
-11899
26754
1146
26247
-644
-8836
-7797
-32260
23555
29178
-28298
-13061
17403
29687
19196
-16666
-14155
-18435
-1167
-29464
-1540
-14595
-29955
-27135
27110
-12547
24215
-22275
-27246
28308
-25092
665
-28540
21890
-13197
15238
4221
-1412
2950
765
24067
-27909
-31117
-16663
-25136
-10516
16019
25494
-7969
14493
-3451
-27518
-7815
-19833
30845
-21636
-5744
27900
23555
26618
-18056
-12549
6395
-777
19452
12772
24495
-18435
-22417
-285
-1284
-16387
-29699
-27135
12772
-12547
-32104
-27907
-7026
-10093
-24580
16537
-14204
24450
-15501
-19578
-25731
-16516
1672
765
23811
-21509
-12941
-279
32720
-2067
-2153
-20582
6373
6045
-8827
25730
9082
-22393
28029
1149
-17780
14076
23811
-7687
-16009
-11781
-27909
17399
19452
-539
-2380
-18179
12657
-30746
-260
-13315
-28163
-27135
-12571
-12547
-15465
-21507
21650
16790
-24068
23705
-13948
22658
-8077
-29050
32381
-8580
14466
765
24067
-22021
-11663
24300
-8749
22253
-20072
-24422
4579
-9828
-17531
20354
21882
24711
27773
-6788
-6004
3068
23811
-23303
24695
-11781
-18949
14328
19452
28389
-1614
-18435
6769
-14108
-260
-12547
-27395
-27135
26085
-12547
920
-22787
5267
-8043
-23812
-22119
-23676
19586
8308
31366
25213
-2948
-27514
1021
23811
-19717
16243
14573
23765
-21013
21400
-1891
-800
-11364
-15995
20354
20858
32391
17277
11133
-11376
-15621
23555
20217
4730
-11525
-12293
-29448
19452
15078
15283
-18179
-14224
28900
-260
-12547
-26883
-27135
-30491
-12547
-8039
-27139
3475
-16233
-23556
-11879
-14972
17538
17012
-23674
25213
8829
2184
765
23811
-17157
-2701
14062
-26666
10475
8857
-4710
-30753
-32100
-6779
26754
-19334
29319
-32643
-18564
4490
-28421
23555
13305
-9098
-11269
252
-15625
19196
14821
2738
-18179
-23695
-29725
-1028
-12291
-26627
-27135
-21020
-12547
7830
-28163
9364
32661
-23812
-5991
-6268
21634
32116
-23418
29565
-24964
-7040
1021
23811
-15621
-29841
18159
31960
15594
17305
-22373
-9763
-5988
-12667
23682
-25734
31367
3453
7549
-8819
20475
23555
-5896
-30344
-10757
7164
15609
19196
-7708
-22608
-18179
19825
4066
-1540
-12035
-26627
-27391
32228
-12547
-17256
-30211
-2413
11671
-23812
27034
-1916
17282
13684
-20858
8317
7293
28550
1021
23555
-14597
-7054
-15377
-16679
27369
21145
-31588
24539
-13156
3462
1154
-3206
-31353
23933
17533
-13681
-3846
23811
-15112
-25223
-10501
8188
19449
18940
31973
27569
-18179
21617
-25887
-2052
-12291
-26371
-27135
-14876
-12547
-25191
32509
9876
13719
-23812
25754
12677
1666
-24204
-18042
25725
3965
25223
765
23811
-13573
20083
-17680
28890
-29720
-32103
-3175
25306
23964
-1915
19074
379
21895
23933
23933
24713
-20486
23811
16120
17270
-9989
24316
12793
18940
11493
-5713
-17923
13426
23521
-2820
-12035
-25859
-27135
12772
-12547
12438
29693
23701
30100
-23812
27034
7301
23426
-23180
-10362
13181
17533
-20861
1021
23811
-12805
-5520
4082
28381
-25370
7833
-6502
19159
-29028
-6779
1410
14971
-25721
17277
10877
20623
23802
23811
504
-26503
-9477
17660
11002
19196
2533
-9297
-18179
10098
5855
-3588
-12035
-25603
-27391
32483
-12547
-13415
23805
-21867
5272
-24580
-23910
10885
8834
-8844
4231
9341
4989
-24950
765
23555
-11781
-28300
8434
-26404
8166
28569
24731
8148
-26724
-20347
29570
11387
24711
31101
12157
-6769
-8199
23811
-12553
1914
-8709
29180
14842
19196
9445
8880
-18179
23666
-26402
-4356
-12035
-25859
-27391
25059
-12547
14746
21757
13974
-104
-25860
-2662
-5244
30338
-8076
-3194
19581
125
10631
765
23555
-11269
-5262
243
-2338
22242
-12396
-15214
9157
-21860
-22395
26242
23163
24711
-21635
17021
6795
1274
23811
-14345
-19851
-7941
27388
15354
19452
-5663
32423
-18179
-15758
-21031
-9732
-12803
-25347
-27391
15073
-13059
-11626
4861
-17262
21137
25852
11931
1157
25730
-4748
1671
-32643
6781
18052
1021
23555
-10757
21872
11763
3551
-2076
-19559
25244
29392
-17764
-18299
28802
-30853
-30073
9853
5245
13973
5625
23811
-3594
-19844
-7429
-26372
8699
19708
-19482
-18257
-18179
-1933
1246
-3588
-12035
-24835
-27391
-20253
-12803
-5731
17405
7319
15515
-26628
-31333
3205
32642
7797
6791
7805
-3204
-23923
765
23555
-9733
4215
17652
18913
17892
8858
-10853
2511
18332
-29307
22914
-21125
-32121
-29571
16509
9105
-22536
23811
-15626
11643
-7429
-18948
-774
19708
-1050
11441
-18179
28021
-24099
-4612
-12291
-25347
-27391
28643
-12547
31899
14077
32664
2203
-28420
23707
7045
31874
14453
8839
27773
1661
-24440
765
23555
-9221
-21644
1781
23523
21219
26522
-1382
21452
16284
-17019
10882
-12421
-29305
-28547
15997
-14705
23288
24067
19958
10618
-7429
-17156
-27141
19708
-17435
-17489
-18179
-14731
-20517
-6660
-12291
-26115
-27391
32226
-13059
-7270
9213
-2408
10908
-30980
32411
3461
19842
15989
21383
29053
9341
-25464
765
23555
-8709
16244
21749
-15901
-31262
-8038
-8291
9931
24732
29061
12930
-9349
22151
22397
24701
-1642
-20233
24067
1270
-4994
-7173
-9988
1788
19708
17127
28081
-18179
23158
5851
-6148
-12547
-26627
-27391
8419
-12803
14751
3837
-27496
28317
32764
-20581
3461
26242
24949
4743
5501
5245
-372
765
23299
-7941
10871
-11019
-9243
22498
30619
-13923
18376
924
24453
10626
-4741
15239
31357
12413
29073
12535
24067
-28427
-31365
-6917
-4100
-2309
19964
3047
-19536
-18179
-138
-3110
-8196
-12547
-26627
-27391
-12574
-12803
-1125
5885
19097
15260
28924
32411
-9596
22914
32629
1671
17277
-2436
32646
765
23555
-7173
-25229
-17162
21736
30178
6814
-30048
-28474
-613
28037
5250
6524
-16506
-25219
-3716
28818
3063
24067
31988
-1668
-6661
-3076
13052
19964
19943
27568
-18179
-26504
1754
-7684
-12291
-27395
-27647
-2846
-13059
8605
15613
-19558
-27236
27132
-21861
4229
14722
-24715
-29306
30589
-7300
7819
765
23299
-7173
24694
12791
12521
26080
-29540
1442
28867
13980
28805
13186
25212
29319
-25475
20349
-18283
27894
24067
29172
17278
-6661
-1284
22524
19964
30951
11697
-18179
18296
6617
-8452
-12547
-28419
-27647
-26910
-13059
-26210
6909
-11110
-26465
22012
3740
1413
30338
-17291
16775
18557
6525
-2420
765
23299
-6917
-24970
-14857
17130
21471
19357
28319
-17983
-25445
-21883
10114
11388
22919
-25731
-7300
-15218
9206
24323
-10509
5499
-6661
509
16636
19708
19430
-8273
-18179
-2696
-3624
-9476
-12291
-28675
-27647
-23071
-13315
-6502
1533
-30821
19100
17916
-24933
19333
24962
-18059
16007
20349
-29316
-9339
765
23555
-7685
-16014
12280
29419
-20003
6812
26270
-12098
-30821
-32635
16770
28540
15751
-23683
19581
-5998
25077
24323
4083
17533
-6405
-4
30460
19708
-9242
-26450
-18179
-10888
16343
-13572
-13059
-30211
-27647
-6688
-13827
-24419
-8196
-25701
30366
11772
-9061
8325
-31614
-9099
22151
25981
-388
-10357
765
23299
-8453
28790
3576
4587
14555
7064
-8294
-21572
-29285
27781
14466
-17284
26759
-22403
10877
23949
-12556
24067
32244
-4233
-5637
-12036
28156
19708
-6183
-17264
-18435
15990
-25138
-18948
-15107
-32259
-27391
-19493
-14083
1941
-23300
-28785
5263
6140
-4453
-1148
20098
13430
23175
27517
-15748
-17787
765
23299
-5893
7536
13303
30439
17114
-32103
-24935
8634
30107
10629
6018
30076
20871
-17027
2941
-9074
-23308
24579
-5902
28282
-4869
3325
-24324
19708
12774
19119
-18179
2939
-15659
-20996
-15363
30973
-27391
5345
-15107
-24677
32508
-4709
5787
764
-2405
-4988
23170
-651
25223
-32643
-7044
30346
765
23555
-8709
30581
-16136
-24851
17369
-1640
-9318
20665
25755
20101
19330
-24196
15495
1150
-6788
10644
11252
24323
-17934
26493
-4869
2557
-12036
19708
3303
-24658
-18179
-13702
20949
-21508
-14083
32509
-27391
8672
-15107
26014
23804
14236
-19810
-2565
8348
-1404
-31614
8310
25223
-21379
-14212
7569
509
23299
-8709
-13192
-20744
26093
-9769
-11112
-15718
6069
29339
-25723
4482
-12420
19591
-12931
24445
31124
11507
24579
27122
7294
-4101
2813
-19204
20220
-16922
-24915
-18179
-29574
10196
-24836
-14851
30973
-27647
12256
-15363
-20834
17148
-17252
-7777
-14853
15004
21381
20098
12918
18823
-29059
2429
-27251
509
23299
-9221
-2697
-3592
-787
16855
-32360
13463
-22348
23195
25989
-127
-15236
-378
-24707
13949
24209
-8974
24579
2802
17531
-3333
3581
-27652
20476
10470
31405
-18179
25211
-15918
-28420
-15619
30461
-27391
13023
-17667
-4196
4092
28316
-25955
-17157
12700
14981
17282
18550
9863
11901
125
24204
509
23555
-8965
19830
4089
-14610
24022
-30569
7834
-8270
21659
-23931
-3967
-4996
1415
-19843
7037
19096
4338
24579
-783
3711
-2565
2557
-13060
20732
-24346
-16980
-18179
31610
-15407
-32004
-16131
30205
-27647
14559
-16643
-28512
-3333
-23653
21152
-22789
11420
22917
16514
23670
23431
25469
-14212
18579
509
23299
-7429
-8838
9721
26094
28885
-7529
29850
9393
26266
-22139
2690
-2436
25223
-19843
9085
-10861
-20495
24579
-271
15741
-1797
3581
-16388
21756
-14619
12716
-18179
6011
-6447
30972
-17155
28157
-27647
-290
-17667
-2659
-8197
30619
22942
-29189
-27493
24453
20098
23158
27527
25213
-11908
-15219
765
23299
-7173
-18057
31225
28143
15060
-1129
-17256
10928
29338
23429
-8831
27005
-7546
30845
9597
-17263
11249
24835
-23823
32635
-1029
3069
-15620
22524
-31516
-15702
-18435
-5254
23248
26620
-18179
26877
-27647
-12323
-19459
-18532
-21253
-9062
-17508
31995
-18277
10629
19074
-18058
6279
10621
-5252
-13939
765
23299
-6661
-5514
-26375
-30737
21458
-4714
29083
-13652
-28518
18309
2690
30077
21127
-10115
17277
4760
12528
24835
32753
-641
-517
2557
-11012
23036
25317
-32598
-18179
-5766
15568
27900
-17667
25085
-27647
-30755
-18179
-28512
29691
-103
8863
19195
-14949
12421
21634
-17034
-26233
21373
-7556
2449
509
23299
-5893
-28039
-22023
3312
-20783
-6762
-4200
9130
-4198
15493
-5247
21629
135
-19843
23165
20626
-18961
24835
-13328
15996
252
3581
-18436
23548
-17949
11178
-18179
13179
-11570
20220
-18691
28413
-27647
-292
-19971
12957
24571
7578
-17507
8699
13468
6277
19330
-25994
10375
30845
1917
5514
765
23299
-6149
-19851
1274
-528
-9776
3735
-7785
-11608
-20070
-29563
17794
10621
391
-24963
2173
913
-274
24835
22512
30075
1020
-2564
-18948
24316
-35
18330
-18435
-19591
21451
17660
-20227
24829
-27903
8411
-22275
23707
17147
-5736
-27237
1531
6300
21381
-26750
-27274
14215
16765
-21124
-9594
1021
23299
-5893
-32655
18681
8429
-306
-10859
28058
-11611
-29798
11909
-3967
29565
-1402
-16515
4989
3988
-9235
25091
13808
2686
2044
2045
-11524
25340
482
-16986
-18435
9593
9933
15100
-20227
22781
-27391
-19493
-20227
-19299
2043
-7528
-31331
-11526
8348
6789
19842
-21130
25735
19837
-17284
7823
509
23555
-6149
-9609
11514
12273
-30766
-871
26267
-19799
-25702
27269
-3199
-19587
-9082
-18307
4477
-16499
18669
25091
32239
10107
2812
2813
-28932
25596
17890
5799
-18435
-31111
4559
15868
-21763
17661
-27391
1756
-21763
16538
20731
-10087
-29542
6907
23964
19845
8322
-9610
13959
23165
-30084
-7034
765
23555
-5893
12147
4602
1521
6098
25755
669
16550
-22374
-24955
4226
-25731
-1146
-28547
-31107
11666
24556
25091
-29970
-2948
3324
2557
-18692
26108
-14367
12199
-18435
31865
-16436
13308
-22019
20221
-27647
-13349
-23811
-9060
19963
23706
10397
-9478
-26212
-24955
26498
-8842
28039
18045
1405
-22132
765
23299
-6917
-32138
6138
25329
-16689
11163
8606
6562
20378
27013
7554
-19843
1159
-19331
25213
-16493
-23318
25091
31726
17790
3836
2301
-22276
26364
-31519
21926
-18435
-17031
5324
8444
-24067
11005
-27647
13275
-23555
-21603
-2310
27546
-7268
32506
27292
29061
-23934
-7306
29319
6781
-13956
19853
765
23299
-6405
10103
22010
9970
31694
-28773
-4198
-29282
26266
-32379
12674
20606
135
-19587
15229
-21362
-4119
25091
26860
28539
4860
3837
-19972
27132
-21791
-18010
-18435
14715
7883
4860
-24323
18941
-27647
-14118
-29443
667
8955
-19300
-12388
13050
-18788
29317
-27262
26231
32135
15997
-11396
-17782
765
23299
-11269
12661
-18182
12275
-24115
-15205
10653
32412
25498
11909
-1919
5502
-6778
-5763
27773
-22892
-21784
25347
-21269
30590
5628
3325
-4612
27644
-29215
-92
-18435
-9606
-27447
8188
-21251
23037
-27647
27610
-28419
-24930
-2310
18332
12702
-519
-9572
24965
19842
7031
32391
21629
-7556
15250
509
23299
-12805
-19592
-14342
-32269
-2101
6555
1437
15001
-30310
16005
29058
20862
-8058
-18051
8317
-25452
21991
25347
-20245
-11650
6396
2045
-5124
28156
-26399
18084
-18435
-24198
-8760
-773
-25603
14333
-27647
-1319
-29955
20638
-2566
20125
2721
-20743
3485
14725
-2430
27767
28039
19581
-20868
142
509
23299
-11525
9079
-1030
14580
13003
-29796
28315
18327
27546
-30075
18818
13438
-9082
-32387
15997
-8047
-30746
25347
18410
-2948
6652
2045
-6660
28412
17889
18083
-18435
25979
-8249
-4869
-24835
15613
-27647
17113
27133
10909
-16390
14238
-11873
29177
-10852
31877
-29822
-31625
30855
6013
-20356
25228
765
23299
-15621
13174
6395
-19468
25799
28569
19100
20371
16282
28293
9090
15230
-2426
-16259
32125
-30055
9701
25603
-5655
-7552
6908
1277
-516
28412
-5407
25764
-18435
-2693
-27962
-9477
-30211
6909
-27647
3545
26109
-7007
-2823
-2915
-24413
-4104
12701
-27259
-30334
19575
-16505
16253
-4228
17300
509
23555
-19717
20603
15867
26869
3269
-27240
-20071
22926
5274
15493
9602
-6530
9607
-15747
14973
1685
17635
25859
10473
23679
7164
253
-4612
28668
-14368
-28765
-18691
-19588
-23099
-24325
26365
-6660
-27647
-26152
22269
-610
-29191
-19043
6816
18424
7069
21893
-20606
-7817
-15481
9341
-22148
-20082
765
23299
-23557
11640
24827
4342
18369
30099
20115
26000
-4967
7813
12930
-20866
391
-11139
-17283
-18804
26594
25603
24300
13177
7932
-12548
23548
29436
10714
-32617
-19715
22646
3522
-24326
3581
-18436
-27391
-30764
8701
21656
27895
-12653
11925
29432
5021
31621
-24702
-24201
-20857
15997
10365
21641
765
23299
-7173
25971
14587
-5388
8128
17556
-14696
-1399
-14951
10373
-1919
-17794
-7802
-18563
-22403
2453
-12321
26115
7659
-28034
8188
-16388
25852
29436
-11301
14747
-19459
12919
-20287
-9990
15357
-11268
-27135
16341
16381
-16227
23799
-22379
923
-27401
8861
28549
-30334
-21385
-20345
8317
2429
-4466
509
23555
-10757
24439
23547
-16139
-15937
-20331
-13418
-13690
-30823
-29307
-383
895
-20090
-20099
-20611
-15473
-13347
26115
17641
-1157
9212
-14596
4604
29692
-14375
1689
-19715
9335
12992
-18438
8189
-27396
-27391
15316
6141
11674
-24585
-3179
1432
5111
-6244
-18043
21634
-16265
25223
-5508
2429
5767
765
23555
-13829
14195
32763
17654
-15171
-31595
17302
28291
5528
19589
-5759
-28545
24710
-13187
-10883
-20338
24284
26371
20968
10108
9468
-15876
-5381
30460
13272
29591
-20227
119
25022
29946
7421
-29956
-27135
-26413
-6916
-13159
6135
5781
29847
-32266
-11877
-19067
31362
27256
23687
19325
6013
-13942
509
23555
-16901
22133
-30981
28918
20667
31381
18073
13439
24471
-9340
-21375
31871
16774
1150
32637
13203
-21800
26371
19942
13951
10236
-19460
15356
30972
-9000
-8809
-21507
17271
7869
21754
1021
27644
-27391
-1838
-4100
24476
-19466
14743
-9318
-19723
14747
19333
22402
28536
10375
17533
-17796
15500
-4
23299
-27909
-31882
-27909
1270
-15174
-107
-10602
-29315
31638
-12668
-23935
-16001
10118
-1667
30845
20107
-31272
26627
24293
-6278
10748
-22276
-4101
31228
-20264
-17513
-22019
17016
31165
13306
-5124
26620
-26623
3282
-20740
-11113
-17930
15768
19096
26357
-30310
13957
2946
-12680
4743
12157
-13700
20101
253
23811
-32517
-4751
-19461
-11274
-21576
13717
-20074
-28293
-6507
-15228
-10623
-22145
8070
-2691
-29315
-2673
22999
27139
-7452
7037
10492
-21764
18172
30972
-5416
28823
-22787
-17289
21437
506
-14084
14076
-26111
978
-29444
-21350
-9483
-13161
16794
-4364
10138
19845
23170
-15752
3975
15485
-8836
-7286
-260
23555
31227
19061
-15109
31223
-16712
4505
-9573
-9102
917
31620
-30079
-1665
-8827
-11395
29053
14994
16849
26883
-27420
14463
10748
-19460
-24580
30460
30172
14492
-21763
-24967
5055
17402
-1796
26876
-26623
3029
-26116
29597
7671
21404
16799
9459
31385
3973
6530
-3464
-5498
12669
-18820
-14707
-2052
23299
-30213
-14473
-4101
-15879
9909
-22632
2198
-29086
-14957
23940
27265
-10369
9605
-17795
32381
-28027
-52
26371
24811
3703
11260
-4
-4612
30972
8420
4003
-22019
19826
17870
23291
27389
-11012
-26367
-15652
-2821
1683
8185
12698
31895
3311
26776
-7548
3714
-7304
18054
-5508
-25988
-6524
-3588
23299
2044
29809
5628
3580
10927
12181
-364
2392
-17517
14724
19585
12928
10117
-22659
25981
16522
-8761
26371
-26645
-13193
12540
2557
-1796
32508
-5400
18338
-23555
4463
-1582
31739
28925
-10756
-26111
-32550
2044
-20845
-20488
23188
14740
-27925
-20840
-9596
2178
10873
-30842
2685
-29316
10122
-6916
23555
5628
625
7164
32252
-22103
-9838
-14190
-30127
-32621
30340
23681
-16256
20869
-7555
32125
-29305
-23614
26371
15083
1909
14076
1789
-3076
-31748
-7706
5785
-28419
25450
31185
8187
20221
-15620
-24831
-23849
-13061
-13169
-17929
-3953
-12914
745
29336
7557
-6527
-25991
21126
11389
-22660
-19582
-12292
23043
7164
-23957
8956
-20228
-14177
14229
-24175
-9145
-4462
20356
22657
-28800
10629
22909
-25219
29317
23742
27395
2537
-16012
14844
2813
-8196
-30724
24044
1955
-27139
-10644
-8749
19451
24573
-14852
-23039
-12329
4859
-6769
-25865
-14701
14226
-31260
13464
1157
-7039
-26759
29830
-29060
-20612
-2687
-18180
23555
5884
-24469
9724
-9220
-29028
-32620
-30316
25667
-30830
12164
-31871
8833
17797
-17283
-17027
9868
-25927
28419
4839
25463
15612
-1028
-12036
-30212
32747
29088
-29955
-26515
-21297
-518
18173
-20484
-20479
-31275
-6150
-4460
-2826
-3182
12949
-2335
-20585
-4476
3970
-135
-27002
-15748
-9092
-19577
-27652
23299
3068
-10131
10492
-8452
-21355
-1390
12691
14910
-17775
20356
30337
19585
17285
-6787
-32131
4744
27829
32003
10981
1654
16380
-1284
-11780
-29700
-22807
-865
-30979
32111
8653
-10246
12029
-30468
-12799
980
-19974
-13166
-16395
-12140
-7787
-12578
3991
4741
12930
634
-21370
1917
-22660
2434
28156
23555
-1285
-2454
11260
-2308
-29040
32657
-6001
16186
22417
12164
16769
-22655
-1148
-23939
27005
-15482
-27471
-28413
-798
17781
17148
-3844
-17412
-29444
5865
-7522
28157
-26768
2762
25082
-1284
18684
-3583
16850
-15623
27282
-4364
7318
-20330
3036
-2154
3973
-1151
24698
29062
-17540
-29828
-27774
17660
23299
-6405
-9110
12028
-1284
-15733
29584
-10095
12086
11409
18820
-1408
-22655
12677
9086
-18051
26764
-1364
-27133
32482
7545
17916
-6148
-16644
-29188
-15384
7837
27645
25456
-5176
18170
-772
17404
770
-12079
1018
-16235
-27405
-6764
27031
-1064
-10602
1669
-17279
17274
-29050
8061
-12164
-11388
2812
23555
-6149
-13972
12796
1533
1415
-29040
-881
30770
3473
6788
24449
29825
-6012
-1155
-10627
-7546
-24920
-21757
22496
-6027
18940
-7428
-23812
-29444
18151
-12389
19197
-29839
-15162
-9479
-17412
3580
12802
-15664
3321
-25710
-29966
10901
8085
-7723
-22634
2693
8066
4218
17542
1917
-14468
-12931
-14085
23555
-11013
21609
14076
3581
7311
-7025
13967
25912
-16752
5508
9601
10882
5765
6782
-23171
-19573
1961
3844
-31780
19834
19196
22268
-3589
-30468
-8483
-23147
6653
11385
11704
-7689
764
7931
-24830
3277
7672
19607
-2065
3224
2968
-12071
-15722
-2940
-5503
-24454
-24954
11901
-17796
20363
-16133
23555
17659
-26253
14332
-7940
2450
31887
28562
-30401
-9328
22404
29057
25218
16261
19838
6270
6289
-21849
29956
-7982
-1666
8956
-9734
18938
-32004
22481
-5235
-17668
-10882
-31832
9460
-9991
-29448
8195
27844
11768
-21349
746
30359
19354
-11811
4247
22661
7810
-5254
-12410
25981
-1156
-17009
-27397
23555
21753
888
14332
11772
6544
15759
-3185
4413
-21616
21380
-29311
31362
-1148
3966
-7299
3977
27556
-7420
-5937
4475
3836
24570
18681
31484
-8755
8587
-28932
9087
-24667
-15630
16889
32248
-21501
-27711
-14858
-29034
-3865
-30314
18326
-4645
151
24453
20610
4475
29318
8317
-7812
-6776
22523
23811
-16392
-3981
14844
14076
29070
-10867
-20083
-25286
-22640
16260
15233
-12670
-8316
25726
638
31371
-13408
-18940
-23089
-12165
-773
-4871
23801
30460
-17207
32643
15100
25211
-22879
22001
18168
11255
-28157
19135
2294
-11882
8166
21652
23446
1754
9111
18565
6530
17275
-25466
29309
-2180
-21877
3579
23555
-4104
-21644
15612
14588
30091
22670
30352
19511
-26992
-1917
-2176
-16254
10885
19326
1918
-15474
-2404
22533
717
31870
-1541
-18695
-2312
28668
-16693
-32376
19964
7038
23458
29169
-30984
-30729
22532
960
3318
-15463
32229
24981
-3433
30679
10647
5253
-13951
14459
-6778
10109
-5252
-29042
-19206
23811
19192
-28297
15612
27132
-7800
-15987
-13685
16436
9872
9092
-32383
-8062
-12156
12414
18046
17800
-19815
11270
-822
-27270
-5381
-29447
-9
23292
-56
23685
-11013
21373
15775
9200
32503
16118
18949
-8003
27891
-32619
17124
-25963
2965
-2092
-5226
11653
10882
9083
-18554
8061
13693
-8055
25594
24067
-11785
-396
15868
-32004
-3195
19853
-32115
306
-17265
8580
27777
14467
9349
17534
25726
-22131
-4460
28934
-27703
-28803
-11525
7673
-2057
21244
21192
26243
-14853
-4740
26781
-14353
-26889
19446
-23291
-4932
-15117
-19560
8162
-10348
1942
-12334
-8554
16261
10370
-25221
8839
22909
13693
-7024
-8455
24323
-28169
24440
15868
-31492
-9854
2956
-10100
-12755
23951
-6013
-29311
31875
-16252
24190
11134
32141
-8048
-11514
-11064
-3459
-15877
-15880
-29705
14588
11719
-18302
26875
2941
-29028
-10514
-24842
11765
16902
-1605
15091
14744
12001
10644
-3179
-11314
-28522
7813
24962
-7301
-26234
24445
5501
23436
25593
24067
24311
-21898
16124
-23812
8578
-14709
9609
-5845
19599
-9085
19841
-26237
-16252
26494
-28802
16009
-11379
30471
30919
31099
32763
22520
21494
10748
11461
-27776
5115
21884
6810
13037
-10763
-32268
9223
-31558
12273
-26987
7903
-4462
24723
-9780
-16490
11397
11394
-3461
-22394
20349
29053
18314
-264
24323
4087
20597
16380
-28932
-10112
18828
2444
9258
19087
-12669
18817
-13693
-8316
17022
23422
21392
-29559
4103
-4410
-18562
18427
28663
-10251
7164
-573
-22913
-22790
-10374
1944
28396
7413
-27661
4871
16825
-23823
20889
-1828
-23151
11157
-12598
-10090
1925
8578
4476
-8570
9341
19581
-32112
25336
24323
9975
-25480
16636
-27908
-14466
18060
-12660
-22233
4239
-14461
-2432
21124
30596
12670
-30850
24715
-6523
32007
-15419
-11140
17403
26359
-1804
-5
-24381
-29826
12794
14715
-8041
29163
7924
-16399
-14585
-23368
-26384
20630
5852
-8047
7060
-8249
-27754
4997
-7295
-32644
-27514
14717
21117
-16758
-11273
24323
-8970
19317
17148
-19460
-8836
-2420
12428
3622
-11122
-7293
-5504
20868
28548
-27522
32638
-18551
-21631
31240
26307
31100
6139
-15882
-25356
-5125
19906
13693
8954
-27269
-27243
-23062
10740
13042
-17400
951
-13330
15509
-11302
-12655
21907
-13627
-27242
20357
-5503
32636
-22906
30845
18813
29834
7927
24323
28918
22901
17660
-16644
20857
-26484
-882
-11998
-15474
-8061
9345
8068
-16764
30846
24958
23440
-389
26376
14274
-9600
-3078
10998
6388
-10501
19393
-18821
3834
25979
20883
3050
6900
-29454
-4088
26550
-5649
-22376
30168
18321
3477
29889
-27242
11909
-895
-32388
-13178
21629
1661
-13683
4342
24579
15094
-29321
18428
-13316
-20367
2444
-22389
3355
-22130
-20605
-6784
28036
31364
-22914
30334
14985
13946
-22263
20673
-28548
-4358
-23819
1779
-28165
-2627
-5002
28153
-25221
8078
-282
-15
-2321
-22263
1972
-6676
6548
14550
-23664
-22895
22709
-26986
10373
-10111
-18820
-25722
31869
14461
-21372
-18699
24323
10742
9586
19452
-13828
-9611
31372
27531
9759
28046
24707
8065
-20348
-28540
-19586
-16002
-25718
12406
15882
-27714
-26499
-13062
-23819
31474
32507
28095
-8838
4345
-6533
30864
-27673
-19215
-14865
5899
-13644
-277
-27499
3287
19858
30867
1980
-28010
-13436
7298
-9348
-20346
-28291
32125
-1142
-9228
24579
26869
-14731
19964
-7684
-18316
17549
-32113
7710
14478
-17277
6273
-15740
22916
-21122
-22402
-18546
8817
-3575
2236
-2176
-1542
24053
-16398
-31237
10431
635
-24583
8828
6543
23016
-21774
-19728
17675
19124
16365
-4969
-7465
22932
-12650
-29766
-29290
8325
-6271
-7556
-27258
-31875
23677
-5493
-20237
24579
5109
-19850
20476
-8452
13427
-26995
-3188
16924
-5235
22403
-12160
-25468
-4221
-14978
-20610
-31353
-11154
15627
5817
22141
-4102
-16395
22514
20219
-6722
-20358
7417
31613
-12914
26343
-5391
7920
-17140
14771
22250
6804
22487
-25963
-12908
27831
32150
-8572
-13183
-18820
29830
-28291
29053
-21883
8179
24579
-3853
-6798
20732
-4356
-26257
22157
-14196
-9191
-21107
-25981
6017
-1660
10372
20606
-31874
9613
-18327
8204
14007
128
-8710
31989
-6669
1019
7871
-32390
-13320
-2179
-17012
12775
-5391
-8209
-13299
-17998
29929
-31081
-4651
10134
11159
7859
24470
5765
4482
9597
26502
10621
11901
-18549
-15375
24835
32499
-23690
20988
-1796
-8597
19597
-4211
-28905
-32627
-30589
385
11397
14212
-14210
-11138
17806
19301
16652
-27210
-9088
-1798
-28939
8436
-2310
-1089
18812
-21768
29566
-29300
6631
-14607
18928
24334
21171
-32535
11160
-10540
30358
12440
-20562
16790
7813
2178
10877
-18554
30589
-30851
-13429
32496
24835
-25613
-394
21244
2557
-3988
11406
27787
-25321
-13172
-28029
10625
18309
644
-9858
-4994
-28280
-28061
-1523
12979
-24195
-27910
-21772
-32526
-29446
27069
26746
-21001
-15489
-29814
-10012
-3089
-2835
18960
-16208
-11547
12949
31955
-20586
22677
30382
-619
11397
6274
27005
-30842
-21123
-21891
-18295
-4881
24835
5106
-7051
21244
509
-9366
-13684
14732
-7659
-5492
23939
8577
19845
7044
-6530
30334
11406
-28321
-29170
-24400
17281
5882
-23053
14834
32250
-23108
9081
-7945
-32385
-28281
-6941
-3601
12014
-1776
-18002
3302
1688
-13360
10902
-23657
-30038
6550
3461
9090
25213
-21882
-16259
14461
-26735
-26642
25091
2289
14458
21244
-2052
-2969
-32627
-22387
7956
29836
21123
-3968
21637
-10621
-3714
3711
-31858
31579
-754
8111
-4735
-2823
3827
23793
11514
-1349
28538
-3850
-24448
8071
-22814
-23570
5868
-4335
-3667
-28699
-20073
-27185
-9579
1431
32166
-14699
6277
-7807
32125
17030
-28291
-19843
-9331
9197
25091
29168
-18568
21244
253
12134
19343
30349
21523
5772
19587
-8832
-23931
-23165
-386
-13442
-10613
28248
8721
-19028
28800
-2055
12275
-15119
-16135
17083
-25480
-12042
13185
29061
6882
-275
32748
-2285
23725
4322
21910
-15666
-12394
-5738
28324
-29291
3461
-3455
-13443
9094
-18819
25981
-18292
-21
25091
240
25208
21244
2301
6742
-9597
21120
-14582
28300
25475
-5248
-25723
9604
15231
-5506
24719
15447
28694
-15953
-3969
25081
13809
14833
4345
-30541
-7832
-16140
-31106
-32389
3292
15337
-25624
32535
-344
-29217
-18283
-25915
143
-4721
-15480
-22123
133
-7295
-12931
-9338
-5251
27773
-31601
-31509
24835
-24080
-15496
21756
-2052
13151
19342
28046
-17137
-6005
18563
-8832
-1915
-22141
3967
-1154
32142
1103
23314
-8793
-32126
32249
-22799
25583
12025
-8263
5240
-14859
-30847
20097
-29217
-31508
-1559
16406
1963
-26912
-22889
-10293
-2410
-19560
-29542
-32619
-1916
-5503
638
20614
-13955
-32643
-18035
-1817
25347
19438
20601
22012
1277
-19363
-17266
21389
-31985
12427
-10366
-23424
11654
-32381
-2946
-3202
8333
7502
277
27558
23170
18169
20977
-28177
-10504
-9544
-20617
25333
-13183
896
3807
8172
-5655
25624
-7767
-23587
29846
3531
23959
-22120
-11623
-8300
-20092
-14975
16510
19334
-23683
-30339
32397
-30745
25347
-1811
30841
22012
1277
31321
-14707
7312
-8691
24459
-9598
-12416
24966
28803
6527
15231
-622
-14008
1045
27300
25734
-13832
27376
495
-25096
-10057
17782
-17164
-15999
27773
-32547
26347
-26136
11289
-29528
8415
-23911
-16697
-11882
14235
28564
7573
-21628
-5759
-28034
5510
-19331
-17795
-31600
-11036
25603
8685
-16261
21500
-772
-13992
30606
14990
-20212
29578
-2430
-11904
-29306
17539
18047
-8066
23437
32068
-29929
-14432
-30333
21496
10991
15597
-22793
23733
29812
27635
5251
-28037
6107
-11800
18406
-31716
-27483
-16166
-26730
-27707
9111
-32616
8080
23444
-17276
-6527
-18306
-7803
-10115
29565
6793
25058
25603
2283
27256
21500
-3588
-6828
11662
-17524
-24309
27786
-17790
-19584
-17530
7811
23167
18559
-5491
14913
-6887
-20323
-7037
-13321
6894
-25620
-6410
-23885
-8846
-10510
-26749
-25480
-27175
25320
11238
-31202
15268
23255
-18794
1987
-1130
-5481
-15733
32404
-22908
-19327
-7298
-1403
-8323
-11395
5518
23776
26115
-15895
-20614
22012
-6916
25937
-29300
-24946
19466
-18295
-20862
-17536
-12154
-1918
127
13695
-18544
-5828
-26854
-16485
-8059
-32521
-3348
23532
-18698
-2638
-16270
24306
-23677
9847
19672
20967
27366
18720
-17246
-10537
-27753
-1856
-32362
-28519
11398
-5741
-21628
-15487
10367
-5243
-22659
-25731
-10353
32221
26115
-23320
-26501
22268
-10500
-9138
19341
14220
28681
21385
-27774
-18816
-2426
3715
28799
10367
-15480
2874
22046
25496
-8575
17399
-28692
-7448
-30475
23729
18545
6128
-17532
11893
12757
23012
15330
20772
5025
31953
7827
-18754
-28777
8854
8322
-18285
-29564
-17791
11135
-3707
-3459
-28035
-25207
26331
26115
15079
11640
22268
-12036
-7862
10124
24203
16904
1673
-9598
-21888
-28793
-7294
23423
16767
-25714
10549
6177
8341
22661
26358
12523
-25111
-26892
22191
-23697
-15889
389
28273
14548
-12317
-15647
-730
-354
-31793
-13418
21435
25239
8600
-17029
-23917
-5500
-21631
-14977
-9083
-17795
-21379
-28785
31703
26627
24549
7804
22524
-17668
-24763
-6775
-4727
12295
-29816
-24702
-31104
22919
-10366
28287
25983
20624
-8912
1060
-1647
14470
3062
1002
-3096
-30477
32174
26479
-5138
-8315
9839
14034
-18974
30944
-19926
-18787
-22578
21655
21433
-22633
30873
-20619
16019
-23164
-21887
-13441
-10107
6014
-4739
4496
-24109
27139
-31517
-31620
22524
-23300
23106
-21368
2950
17669
21128
-29566
30336
14472
-18558
16255
27263
-18556
-28111
4651
-5228
17278
-16141
12261
20710
8689
-20320
21843
2279
-25980
-12955
-13373
-5677
29911
13873
19095
26307
-24692
31918
20879
11660
27237
15763
-21116
-25983
-26240
-8059
-3971
-6019
3206
23764
28163
-1049
3700
21244
12028
-14273
-20857
-15226
-7163
-10105
29570
29312
11656
-29566
-26241
17535
-27505
-13014
21805
32140
-15483
-8716
1000
-16409
-19728
30124
-21906
-21781
1415
15978
-10290
-26914
7387
-28109
25498
-9530
-4458
23476
26775
-1128
-11924
4755
-29052
-21375
-28288
-13435
6270
-21123
-10347
19661
29699
-21025
-12161
22268
30972
-11974
-29819
-10364
-6908
30855
-8319
14720
24712
32386
31103
26239
-16243
22055
11826
20107
-892
-30989
-11802
-11035
-24593
32681
-26004
-17431
-9850
20072
18891
31708
29145
27705
-8297
29635
4501
18350
-15724
31382
-23708
-18030
13700
27777
-15488
-20091
8062
-16771
30097
13001
-32765
-20259
2686
22012
32252
-201
-9851
-18046
26628
-26746
1666
15744
-18552
24450
-15745
16511
-13943
-29148
-15560
14472
-4222
-7183
-10524
-19997
7405
13735
-21399
1767
-8570
29029
5576
4570
17367
27711
19349
-12870
20626
28330
6036
-109
29791
18834
18564
26753
7553
-18043
21118
-27011
-30065
-28731
-26365
20444
-132
20988
23804
11827
20868
-12925
-18685
-11386
21378
22144
-28792
-24702
-19585
31615
-5488
-8928
20795
9862
-15226
17393
-3614
-19742
-26389
-23644
-1946
26853
12933
-31647
-3899
10456
-25387
20034
-26733
17851
20886
-19036
27537
-6253
-31401
21394
-32636
-29567
9345
-2683
6526
-9859
27028
17856
-23293
23772
20352
20732
10492
-22738
-22909
-16254
21763
1926
2946
9856
23945
-6015
-23937
-20097
-5494
13598
32576
-21885
32132
-23056
-16415
1247
25577
6562
-11164
-21790
-6268
3168
-16702
-13356
1233
-30392
-5743
-2891
25490
31137
6290
22162
11858
-11631
19588
20609
-19327
23941
-9347
-11139
14734
700
-15101
-26917
-29316
20988
-2565
-8404
3203
-3456
3075
6278
-7807
7040
1929
-2687
-15745
-5505
-26743
-4581
3398
-18561
-5501
25583
-7457
30429
24294
-7777
-6046
-8225
30853
-14756
-2113
-28206
24527
-16819
-21361
16558
24465
-13923
4241
5777
-29107
-367
22916
15489
-29823
26245
13950
-2435
11406
-3401
-3325
9177
-26500
19964
-17925
-2263
-5758
26756
-15870
-29307
-10367
20864
13449
-2943
-7809
-17537
-5490
-5096
26182
-7044
27015
2798
-16163
-30757
9702
22686
-6559
-26145
19077
-22182
9406
-32303
25038
-20145
-18803
-26704
9876
12954
22673
-8813
8520
-21871
14468
-32383
-10623
22149
12670
1406
-880
1714
-2557
-6953
30590
18940
29947
7719
-14975
-26752
-28158
-6780
-25471
10368
-32631
-9855
-1665
-14465
18313
-10218
-6578
-24711
-22908
-30996
23772
31192
-29214
-13925
-13728
-31013
-11131
12632
18618
-16179
-30774
5208
-26485
-856
-28528
-874
27792
-22384
-8637
-2160
-637
28289
14210
11909
21886
-2179
3465
-31059
22020
16853
-18310
17404
19195
16166
-21375
-24192
28930
-32636
-29823
4480
22665
-19071
4224
-16257
26249
-13036
31315
21622
12932
5355
19674
9943
19167
28057
29022
24280
-16763
8277
-28745
-1590
-12858
21596
-30071
14242
-25200
-13933
20112
-13168
10560
-8048
132
22401
12162
21125
30590
-8579
-13427
-28504
-27132
30931
-2692
15356
-5382
-31198
-12928
-25470
19458
18052
-23423
7296
-7543
-17279
1920
-1665
-20341
-7150
25686
28788
14982
-30743
-24872
17621
22493
-11625
16734
-13866
-22139
-10670
-9804
5577
31173
10848
2184
-17757
28817
-25457
-25713
-15215
4156
-12144
10372
27009
-21374
28037
32638
14206
-21362
31395
-14844
-10031
1918
14076
-23046
-6623
-10624
-26753
14082
-26749
27777
6784
-1143
-28799
-11905
-8577
-28285
-18671
31582
15985
1922
-23832
21975
-7214
19162
-16491
11357
22483
-27258
28242
-5199
17350
-20286
16232
1926
-6759
30860
-11379
2960
3470
6713
21648
-7293
25985
-8830
10885
10366
382
5513
4000
24325
16335
-22918
11772
25338
-10721
27263
-18563
8962
15235
21377
-8321
3466
-23935
8320
-1921
-4216
12048
-20127
19566
-17020
-10522
17877
-18734
-2344
22164
1883
12498
-4219
-27569
15536
-12860
-23615
-26005
9860
-13160
9871
24457
8847
3215
-31435
1424
-11133
3201
3203
25221
-27010
20094
23694
17307
-23291
-13619
-18819
7932
1786
-4324
18814
-4228
2050
5763
25473
384
19850
-26751
28032
2944
-11639
22798
-7834
-21397
5510
-12060
-13870
-32048
-12587
29330
16986
-24625
-12667
-32435
-340
-1599
28606
-3727
12930
21399
18319
-3196
4750
-627
23856
-8561
-2173
10881
23683
20357
-19074
22654
-27507
-5996
10246
17867
18814
3580
32505
-20708
-24962
-14726
-255
30082
29825
-129
32650
-7040
27008
-2433
3204
22797
30831
5480
-22398
8675
-26927
-22835
-22063
7312
-19368
-4661
27526
-22197
-29270
-22850
26556
-10888
14464
17548
-11125
23427
-1139
13451
-25555
24719
-637
20865
31875
-18812
-14466
8574
-19318
5265
8967
14281
-16516
-1541
16377
21274
15997
-17540
-3071
9602
13441
-19073
30858
-384
12416
11904
25737
-3573
9328
24677
-3451
2017
2767
-13619
-5169
-26994
17495
17866
-4987
7496
17064
-10820
-28487
-12678
31870
-13172
-20338
16511
24205
10638
17706
32399
-1149
3969
30851
-2172
-22402
21118
-27246
11915
15111
29895
-1920
-9221
-25864
-30696
30076
8828
-4863
-12671
-640
128
-16246
1409
20864
16512
31368
6923
22902
-10397
-25723
30431
-9523
-9013
-8243
-24180
-28586
-15928
20614
12359
-22875
-10566
-24392
21377
8317
26762
-29043
28283
21388
2956
8743
-3186
-22653
16513
-3965
-11900
-21122
21630
11149
23175
5896
-11579
19070
-11781
30968
3608
1149
-16007
-5887
27521
-10368
-15745
-13430
-17792
17536
14208
-10619
21770
6780
2400
5252
-7203
-14645
2506
29129
23435
32085
10437
-31354
6469
-13918
5816
9397
19590
23675
-26751
-12661
-1671
-23924
5772
-27099
-21106
-25981
4225
7044
-25468
-17538
25982
1932
31875
9
15299
-20099
-18693
-6409
6678
28027
-9863
-7167
24193
-5504
-10625
-6006
-11648
21120
19584
16269
23305
-7042
-25506
12680
16091
-27191
31433
23495
-31095
-12972
-6973
-29051
26690
8353
-23369
-4940
-31351
-28551
-24956
31631
-17035
-8566
-11892
-25311
-11890
-31357
11393
14980
-15228
-16002
-32386
22673
10622
30217
-19519
16513
-30469
29431
-16876
22139
-25478
-7679
-27008
2433
-28289
6027
-11904
-20608
-27520
24455
-20728
27269
-10917
-9083
-5159
2504
11461
2754
10120
13140
25790
26246
21314
-23139
2738
-9299
-2417
22904
9342
18316
21619
16779
-21877
-30689
2446
-17277
-1664
30852
-22140
-7298
-23170
-26741
8314
-18166
-28993
-22658
30971
-4874
-6381
-14982
-28553
-8191
18048
-12416
-13953
4235
-25472
30336
22144
-16251
-8441
-15479
-14249
-7548
9431
3782
-6717
13759
-21115
-27310
5308
-23674
2111
-22886
-22097
-20563
2708
-27787
629
5259
-15248
-9846
1162
-24547
-5491
-22141
10369
30340
32388
-11650
-30082
-1141
-19852
-23797
-18244
23934
18171
31478
23826
29562
10363
-8703
9088
-21632
-19585
8843
15488
21888
24960
-32118
21255
-18806
-6570
-10872
7381
21700
12737
-12612
-16508
-16558
18106
-25466
-6851
-24936
15790
15786
-27754
-8588
378
28557
-27028
12682
-23413
-20198
-14707
30595
-3200
6021
7556
-20098
-31618
9870
-21648
-7413
9404
-22656
12539
-7435
-30191
28282
30585
-8703
-16001
-30080
-10369
13707
27008
-22144
31872
-16764
-7930
-5486
-13229
-21627
22995
-3646
-5954
-29767
643
-16815
28598
-1658
26941
-10859
-29014
31655
-19555
-17294
27761
-31863
-20630
-3703
-7800
-29415
29837
26755
10881
-14972
22660
-3458
-22146
28806
5741
-8435
7609
-24452
3835
-21259
-23279
18043
-7559
-8703
9087
-26240
-25217
-16501
13952
25216
-27520
-23420
-30714
-1387
2897
-30331
31697
-19264
-18243
-27722
11649
-14001
-18252
24454
16955
1940
-26712
-24155
-20832
-29583
-3987
-20087
14185
-24440
11400
-5865
6541
30595
-2944
24453
15492
-17794
-28802
4747
1130
-18930
-11849
2687
-13062
-9996
19473
12924
-11652
-8703
-6274
-23168
-15489
-29813
-1665
31616
-19072
-11898
4358
18838
13904
14983
207
8127
-19525
15541
-16001
-11954
-15694
-15995
1595
-12911
10407
6563
-29533
13424
-4497
28554
15206
392
649
20246
-17524
-29309
6017
13445
-893
-16514
-12418
-2421
-28827
-9202
12215
31871
-26374
22516
20497
-12420
5242
-8703
-18562
31616
-30337
-18549
-16001
17792
-17024
-11650
-10747
27804
25164
17795
19405
-12100
953
24752
8062
-20147
-27730
134
13370
-24178
28580
-16479
-25688
1646
-8091
-20603
2662
10633
-28282
25877
-17012
23683
-10624
32645
-3453
-23170
-12162
13190
9059
-18416
-8524
-4229
17914
-28429
8210
9090
-6017
-8959
22142
-30336
-21889
-25717
-2177
-22400
-20352
27273
24581
-3182
-23228
-26231
-30002
12222
-1347
-23118
-8319
-5550
21171
13195
30777
-17519
-24155
-4959
1187
-4754
-11158
-29044
2666
-24177
-32369
30229
27788
-32381
-7040
30853
132
4735
-10626
-8306
-12451
-5619
-6737
-18559
23546
-12557
-18417
11646
-3716
-8703
17534
-32640
-24705
-21109
896
-20096
1153
22411
2053
-18793
-7613
-26486
-27188
-28995
-15683
6063
-20607
21588
-6480
-8820
5432
7824
9636
-28768
-26458
8814
-21654
-8819
15974
-4464
27024
-5869
11404
29315
-6528
-26491
4228
-9090
6271
24207
12633
12559
31661
-4990
21754
30195
31759
19838
-20615
-8959
-17283
21632
-27009
-11637
-31873
-27008
-5760
9094
-7932
11167
30272
-20857
18379
18620
-8773
5802
4479
28755
11181
19341
-26826
-9076
-1887
15774
18092
11116
8544
-11126
-30108
32400
16781
-27118
-11125
18307
-4992
-6523
-25469
-11650
1663
-10356
-8362
31249
29098
-23935
3066
-12302
14093
-32133
29561
-8703
16509
22656
32383
-117
32127
-17792
-29824
-23414
-29436
-32094
-193
10122
21448
-4423
-24900
6311
-16003
-16814
-19030
397
-10446
31370
-31585
8861
-10066
-31382
-28832
-19060
19295
30861
4493
-29168
-27765
27779
-17280
2182
-16253
-3458
-28034
22933
21585
-28654
-27224
18310
-12807
-1039
12300
-22662
21113
-8703
125
8320
-31873
17804
-25217
-7040
-9344
16521
31492
-13145
-27073
4490
-5178
2489
23994
-6747
-21380
31314
5545
19341
-12493
-12152
-3939
-25446
-31565
19049
-162
-17781
-24997
2445
27532
-8433
20875
11651
-10368
22406
-14205
10367
895
-11377
-2993
-29932
-6234
1668
-7431
-271
-14325
-4230
29814
-8703
-7812
17792
15743
12684
-25729
-3712
-31104
5254
18948
5550
-30660
8584
23236
24759
4792
-30817
10618
13905
-5981
-28787
-10704
13701
9369
-9834
14264
-30361
26197
-21623
345
8588
-24182
31502
11403
15491
-25728
24966
-23421
15231
-25730
-9330
-6837
9495
-22621
15235
-18439
-26127
-10998
-23430
21625
-8703
-13188
3712
27007
17548
-32129
-18304
-9344
-29555
7428
-850
-32453
6284
28352
-28492
3511
-9316
22136
5712
-95
-24692
-27602
-28541
-13929
25747
1722
19558
-31911
-29299
341
-17270
28556
7437
395
6531
-12672
-29306
-20093
7295
-3202
11668
27207
-27881
17570
-19578
21241
-30992
21002
18298
-32648
-8703
21372
-9601
-31617
11916
10367
-8064
-29824
-7546
1796
27574
13627
12169
27070
-7758
21427
-13161
-21130
-25778
-12388
26764
-32466
-13441
403
23952
961
-15772
2131
7817
30034
-1399
-16504
524
-26742
-13182
-10880
-29562
26243
12671
-25986
17294
1605
19739
-24672
-22397
5625
24816
-15095
-23943
17526
-8703
-3717
-17025
26239
-32372
2431
-2432
-8320
6021
-5885
-9030
-5577
30600
30650
-4177
-31824
5267
25459
-10421
920
30603
9004
-32389
-9073
-7540
-12860
7522
7500
-15225
2127
30601
1672
-27126
25738
-14462
-14976
135
8067
18047
-1666
14734
9025
-14819
11422
31619
27384
20975
-10488
-8584
23418
-8703
29563
-1409
7039
-17780
11647
7809
-384
-24183
-12285
-24389
8247
-6517
694
-3668
-13139
-12657
9586
-22710
-20076
-27510
32042
27257
22669
6282
-8506
-18592
-18866
-20855
15435
19592
10634
30729
-8311
-638
31104
13703
19331
30335
-2178
-19569
1597
17182
-27235
-20348
-11529
-6419
7688
1912
19573
-8703
-4230
-9857
19839
-32628
383
6529
28289
19843
-16893
-16446
-18124
-31352
13747
15786
938
-3190
31855
4681
31888
28298
-32215
13941
-11127
3208
31948
11358
-14523
-24443
11336
28552
-19065
-27128
18313
-9086
-20608
18567
6531
18559
24959
-6522
-7623
-14302
-7782
2432
21495
-20244
-26873
31607
-31627
-8447
28538
-24193
18815
22668
-28290
25729
11649
18820
-21245
-20283
-26575
-9336
14767
-13657
12200
-12412
-2452
-2233
23692
14986
19750
-13711
16774
8836
18383
-16036
14146
-3707
-13500
-378
27782
-19449
-1144
-15230
-29312
13447
-8574
-32641
14719
7820
-7115
-7132
17816
-1150
23798
6379
11527
31094
-2954
-8703
10874
-19329
7807
-10356
-22658
8577
5249
25734
-24317
31432
17968
-28790
-13397
-31835
-25178
-27006
-5781
3912
6282
18570
-6619
-12177
-22909
25473
18386
22619
-24509
-10618
1858
-23674
11655
-3322
-17528
-8830
25728
-20601
-1150
19839
10111
24205
26930
3879
4758
-16509
-8971
14826
-6394
-27019
32627
-8703
-30343
-28545
17535
-25204
24190
10113
-3968
-19587
-25853
-30001
-5074
-6011
-16471
-18781
21410
-11142
-7063
5446
-8318
-20854
-28891
-27285
-22402
8572
-21545
29785
30778
-15743
-5057
11910
-11390
16646
14984
-18558
-27264
-22393
-26750
-31617
-2178
-1658
18992
14381
-1389
9088
16117
32232
-25082
15477
-30861
-8703
-11655
25471
-3714
-8052
21886
12673
15745
-14974
-27901
-14384
25132
21640
-5212
17312
-31583
-29831
-19097
-24507
-9343
-12663
28194
-30871
22909
31355
10969
-19369
-24263
12932
-4547
16517
2181
-13819
24968
-29054
17024
8072
-22142
-30849
9087
10636
29228
24366
-1904
2947
27124
-11546
9478
-23180
4980
-8703
3705
11391
-9090
-5492
-1667
4993
12417
-14717
-29181
16852
18731
24457
9633
-9059
-5474
17780
-9370
32070
13950
12170
11043
15463
14457
-9866
-28708
-23978
-13767
21636
27706
-4988
7557
6405
-21625
18306
9856
7560
19330
25471
22655
-21621
-31703
-207
9103
-27261
-24845
-1307
-14843
-23436
17775
-8703
-20360
8831
-7042
-1908
-25475
21377
27265
27774
-29949
-4648
19752
-27514
-29794
-4453
-3941
-16018
24676
8004
4729
-22390
-12000
-21918
30069
16243
-7969
11092
28720
15745
-1481
-12412
-10624
-24316
26759
14210
16000
22152
-2175
-22401
30847
-5240
-3802
23863
-13429
-1151
-13326
3301
30725
-653
-23438
-8703
3960
-2690
14719
5261
9086
32641
-32639
15491
-30461
-4902
-2778
16521
27034
-15208
-12646
14443
-1182
6467
-7563
-11639
14879
-16800
29810
-3986
-17183
-174
-7631
-10877
-9932
8579
-22910
11268
-7546
11138
29824
-30584
-28030
-14209
-24705
10896
-20189
-8647
-3191
-123
-16399
6883
10501
26483
-17807
-8703
20343
-10370
1151
17805
-21379
14977
31617
10370
-30973
-7203
-19421
22153
-3692
-16747
-29546
3173
23648
-19902
880
14474
-10980
30300
-1170
25196
997
32592
24110
-25982
-9679
21634
22146
-22781
7046
6786
29056
-12920
-1407
-29057
-22401
-31350
1056
5182
-2683
-19069
-5392
-8991
-18428
28019
27759
-8703
-7050
-18050
5759
-372
-27011
-27519
-31103
-23425
-30973
-28448
-21217
-25976
2192
23954
32147
32349
7773
31296
-16536
-14710
-26601
25942
-921
14439
-2842
-13491
3366
10369
24109
23682
-25217
7427
-7803
1922
24448
-26232
7810
-11137
-31361
18569
14876
4162
14721
24195
-17425
14048
29700
-8078
25969
-8447
-11658
-14722
-642
19853
-29059
-26751
-20863
6791
-30973
13794
16414
28300
-13174
5775
-32110
31578
-6309
7232
-27033
-11383
25366
-24748
-27290
17765
-11032
21836
9256
-31612
3370
-21120
898
-11262
13446
5250
25216
7817
3970
-13953
-21889
20622
5914
-18620
20863
-20090
-10514
3807
20228
-2958
18033
-8703
22390
22398
2431
-26483
20093
-27775
-12927
-9856
-31229
-5146
-25829
32393
-18810
4237
-28786
3925
15450
-6594
23905
-2167
-26858
-14512
-11935
-4769
23276
-31926
5667
-8320
-5337
8577
21632
-23038
4742
-11135
30336
28809
-6271
-12673
-11137
-31096
10264
24653
10875
31875
-7955
29406
13572
-26510
25456
-8447
5237
-31618
-16770
-12147
7037
-19839
-26495
-23937
-31485
-22551
-19688
32393
6273
21385
17035
18510
6231
-452
-29862
-8822
-18158
-17589
-24484
12891
26862
24391
14877
-26497
-25819
18304
23935
29954
-20603
4482
8576
-13175
-9855
-2177
-20609
-24183
31253
12115
-28554
3716
31212
28892
-2045
-27279
20082
-8703
-4492
17022
-30338
9358
-8324
-19327
-15231
4996
-31485
-1045
-31464
30860
-15493
-3196
10632
-25270
28245
9277
-28841
6282
32531
-9399
-4775
-32681
-22032
-30650
-19426
21377
-12511
11390
27007
17666
-12155
-5759
-5761
14730
-29567
-641
-1153
-9845
-32493
-13480
-2956
-31611
25066
-6439
-4349
23410
20591
-8703
-3725
8574
-28290
6286
2173
-19071
-14719
10878
-31485
-6930
-32490
-9079
-24968
20610
14980
-1212
-6062
-14277
5457
-12918
-5358
31557
19540
31827
-6926
13380
-2024
25725
-21984
-26754
10620
12802
-17788
-10623
9856
29578
-13695
-4993
-10625
22915
-13039
-8864
-19344
31105
-3864
20696
3844
-6796
24178
-8703
29811
638
17534
26766
-22916
-27007
-19583
-11903
-31485
-17427
-13294
-2933
-19596
-23936
391
-26299
-12716
24639
11092
1166
3858
5959
6486
16723
-19470
31555
13592
15487
-20958
15236
-6269
13314
-21628
-17791
-13953
-6262
-28031
-4737
-4993
-6006
-12529
31581
14954
4230
22759
-32298
1028
10102
26742
-8703
115
4222
23166
28302
-6788
-9599
2946
16261
-31741
-26642
-26608
3215
-1166
12414
2180
-18367
-32173
576
2898
7567
29970
17221
16467
17489
2804
14146
-24039
31873
11553
-18558
-16255
4098
16004
-15487
-7809
-1654
-18047
3968
13184
3469
-16371
3680
-27291
136
-8219
-17196
-2813
23926
18547
-8959
14194
-30083
10366
26254
14204
-18303
12674
-4740
-31997
21489
-9970
-14454
18544
-16005
6015
-31175
-24240
1599
17226
-31857
-24560
-8384
29005
-4534
-9227
12864
-21997
-10884
31263
30595
14207
-255
-17789
27777
32639
14987
7297
8064
25728
30087
29196
-20888
10337
-9852
5604
-6446
-9213
-6027
25714
-8703
-12687
-25987
15230
8078
11132
-11903
3714
-20606
-31741
6386
25870
654
-22165
-12168
-12419
-23240
8271
23871
1610
-23153
-1010
11070
-693
-16821
30454
-25538
-10733
-9089
27165
-16766
19585
-2047
-23677
-29567
-12673
2699
-2432
13184
5504
8589
23307
25707
25183
-11129
2530
-9776
-17661
-20364
-18318
-8703
3697
28029
11390
16014
24444
-5503
10114
28292
-32253
-11789
12812
9615
29275
29293
30837
4651
-25526
25404
18497
-23663
24075
13368
-31676
-28606
-10504
-11205
-24303
7296
3354
27778
11649
-8959
19075
19329
-17025
15755
22657
-27008
-25472
-18800
6661
10610
-28595
-15477
17352
30137
-14333
22645
-17809
-8703
-5776
17789
15230
23694
7804
-14207
13186
23422
-31997
-23563
-31988
-20085
-1179
-32396
-30856
-5840
13388
-24770
-14784
7056
-2546
-24264
8004
-27069
-7944
12348
-11761
-31108
-31974
-21630
12671
-5631
-29822
2433
-17025
-20085
1665
9344
31616
11657
-7671
4730
2393
-9850
4319
-6451
-21757
10868
26737
-8703
23152
23165
6270
27022
-6789
-8319
27010
-25212
-31997
25333
18443
23951
-6306
16496
24696
-209
24395
20798
-26561
20624
-13044
21814
26434
-26559
249
-22214
25104
1920
3608
-24958
-22399
-7167
4994
8065
-29057
-1909
-7040
21376
-21888
13969
-27128
-12680
14933
8587
24796
-3893
-24061
18292
30066
-8703
1136
17277
6526
17806
32123
-6527
21890
6531
-31997
-6666
27914
31887
-23973
19309
-7053
31786
330
-29122
-7367
-11120
-16628
1075
13117
-14277
9466
13881
-17650
19583
-10986
18818
2944
-7935
30337
-3456
-28289
4236
21120
24960
-23680
6027
-6649
-24448
-13743
-14456
9434
7114
-26621
24947
28271
-8959
-31633
8061
18558
14478
-17541
6274
17538
-17536
-32509
-14089
22281
24718
1367
-10647
24177
-21465
12615
10044
29751
21137
30986
-4561
-18629
-3014
-19974
14647
-17653
1149
22037
19586
26496
-8447
-8576
-9856
-15745
15244
-17280
-28544
-25728
-2679
8711
-18555
-23731
-25464
14040
-3385
-30717
-2193
5742
-8703
623
-4740
28286
14990
-28549
2434
21890
-13432
-32253
-18697
-16632
659
23377
5478
31600
12581
28230
17469
-29900
-29038
-22008
-18131
18488
3382
-12038
8245
-19188
-6015
31506
-17791
-8318
-8703
19328
-9344
-10881
28044
23424
-32384
-21888
-8817
24838
17285
-23734
8077
-27947
5830
-28925
21361
1136
-8447
-15762
-4740
25982
2702
30331
25474
31618
31875
-32509
23288
-22777
28816
15695
-12700
17260
31778
-8379
25408
5171
-22637
14601
-12243
26425
-10442
22779
-9676
-10742
-22914
-16622
21890
-18047
-8447
-9089
-17792
-3969
21388
29568
-16512
-14976
11147
-4347
18313
17477
-11894
28628
26053
