-18564
-24432
253
23555
-32005
14714
-22021
-29960
9972
24572
2792
4802
-23811
17267
-16399
-17924
27901
13565
-27135
29418
-12291
17561
-13059
-19050
29337
-26884
-16235
-10877
-8319
-17294
-28539
-18563
9853
-22650
765
-17661
27642
-30090
25305
-4933
29104
9458
3018
-22584
15334
2161
-20743
-9750
23776
16101
-4228
5775
253
23555
26619
9081
-21253
7417
-1548
23804
-3352
18881
-23043
-2445
-2320
-15876
31997
16125
-27391
16874
-12291
26264
-13059
-7529
-3687
-26628
1174
-14461
-18303
-23438
-26747
-15491
17533
2950
765
-23037
23034
118
-21798
-22082
22194
-17934
-6454
15048
-8218
19057
-20999
-24853
-13855
-13083
-21380
12183
-4
23299
29179
-26755
-22021
-3080
-22539
23036
-6423
5315
-21763
-23693
-6672
-13316
-30467
17661
-27391
-25878
-12035
1437
-13059
-2154
28572
-26372
16790
-7805
7554
-6798
-22395
-17795
1661
-18038
765
-27133
-32006
-5768
-19238
14526
6837
-11021
-11572
29386
-11544
1649
6650
-22548
-29213
487
-1412
3217
-260
23555
24571
-18054
-18181
32761
31477
22524
-11799
13506
-22019
-30604
30192
-11780
-28931
19709
-27135
13290
-12291
-20583
-13315
2968
3739
-26116
11414
-9085
8322
3187
-32123
27261
21117
-24188
765
-26877
29434
-1931
-27683
13761
22196
-30733
-7988
3530
30952
-14223
23034
4077
-8733
12775
10877
27024
-516
23299
21755
-5255
-18437
-28679
-16907
22268
-20247
5313
-20739
-16012
5616
-10244
-26883
22781
-27391
6378
-12291
-6503
-13315
-617
6810
-25860
22166
-125
21378
-8590
-15739
14461
26749
6535
765
-31485
-29702
19062
11230
32193
22710
19188
30669
29641
-13847
-32143
6650
6638
16613
-17944
-9092
-9836
-1540
23299
19963
-27524
-17413
-18695
-11274
21756
-31766
-31551
-19971
-32652
9199
-8452
-22787
26365
-27391
22506
-12291
-2149
-13827
-15209
-21860
-25860
-362
20356
642
-2958
-22395
28541
12925
29321
509
31747
-18694
-17801
30943
-2366
-28744
-12812
463
5322
24043
25713
28154
2031
-8986
2282
-14468
29070
-1796
23299
14843
25209
-15621
17402
6646
21500
-1559
22721
-20227
-3723
9455
-7684
-23811
26877
-27391
7146
-12291
27032
-13827
24984
-12646
-25604
-9578
19844
7042
5747
-19835
-23427
12413
11138
765
31491
-18950
-15245
27873
-7483
16568
12021
22479
-21815
19435
-22670
-14854
-18
-26
-16918
-19076
6029
-2308
23555
19963
-26506
-17669
-20999
-3084
21244
-26907
-22855
-21251
111
-10004
-6916
-24067
27645
-27135
30951
-12547
-32618
-15107
-15726
26773
-24580
6807
-381
10114
371
9094
28541
1917
-2171
765
29955
-1286
12404
-544
-16700
-10313
-22539
-11571
-315
-27414
17007
-28423
-32530
21223
-25622
-12420
-11889
-4100
23555
13563
-9352
-17925
-15623
-18188
20476
8935
22716
-20227
4466
-10516
-5636
-22787
27389
-27135
-13336
-12291
-23400
-15107
-13678
-30058
-24836
17815
23428
19842
5747
2438
19837
8317
16263
765
28931
6907
15477
18401
9413
-4425
-2827
22735
9672
-11285
-6544
8186
-25361
-2329
-25110
-11652
21640
-5124
23555
6651
16500
-16133
10746
31220
19964
21991
9915
-20227
23154
8429
-5124
-21763
29181
-27135
-20249
-12547
20372
-15619
-7533
13203
-25092
23191
7300
13954
12147
-379
22909
13437
8067
1021
28419
8187
11378
2787
23495
28344
19958
4304
-27194
10988
-20112
23034
-5905
-17176
-4373
-10372
-27763
-6660
23555
4347
-22665
-17157
8186
7925
19452
-3610
14010
-19459
-21903
30443
-4356
-20227
29693
-27135
15080
-12547
408
-16899
-17006
8341
-25348
-6249
23684
3458
-1934
24454
20605
7549
-14456
765
26627
13563
-22667
-21534
4551
-29766
-18954
208
-16441
25325
-21393
-7175
-8720
2026
15596
-19588
18062
-10244
23555
2555
-2441
-15877
23290
7158
19196
-13849
-26183
-18947
-21903
-26645
-3844
-18691
31485
-27135
-10521
-12291
2712
-17155
-23406
-28266
-25604
-2921
-31356
14466
12403
6278
28029
-4996
-15738
765
26371
22011
20852
16868
-2616
-5701
16631
-23087
-21561
21486
-3473
-18694
31217
-18454
-19219
-13956
-31094
-12292
23555
-3334
8053
-14597
-22790
23030
19196
-11290
6584
-18691
-2447
-23574
-3332
-17155
-32003
-27135
30951
-12547
10390
-18179
-16494
-1390
-25604
2456
-23676
28546
24179
14214
-25219
8573
10885
1021
25603
24827
-8846
-6171
3019
25277
31479
5330
-4667
16879
-1681
13818
4850
-10005
-1298
-4228
18320
-17412
23555
-12550
28792
-14597
-15110
21751
18940
-26649
27320
-18435
9841
-10519
-2308
-15619
-31491
-27135
17895
-12547
-20839
-20995
21906
27285
-25348
22424
26500
13954
25203
18054
17021
4477
-30068
765
24835
30203
9591
-23322
13772
-9537
16120
-13869
-11066
-25616
11631
21498
10227
-788
-25617
5757
8078
-22532
23555
-16902
24951
-13573
7163
-24585
19196
7143
-16201
-18435
-21391
8681
-2052
-14851
-30467
-27135
12775
-12291
-3433
-20995
-25454
21910
-25348
-360
-25980
24962
-25229
14470
7805
16509
3719
765
24579
-30725
-2701
-22808
5839
-21823
-32264
1492
9926
29937
-20881
9467
-16141
-19
12273
-8068
-14453
-27908
23555
-28678
19062
-13317
13563
-4618
19196
-19226
21686
-18179
12914
22248
-2052
-15107
-30723
-27135
-17178
-12547
16279
-20995
-3695
-15725
-25348
-1640
-29308
20354
-12941
7558
9341
1661
1414
1021
24067
-28421
-398
11497
-4657
-23615
-14856
28372
18886
-7951
-9617
-25606
-17933
26094
-8208
-644
26003
28924
23555
26618
16762
-13061
12795
-15881
19196
-25114
-5963
-18179
14449
-3610
-1284
-14339
-30211
-27135
-31258
-12547
7067
-22275
6802
-26473
-25092
9881
-26492
7042
-19597
-25978
-31363
4221
6282
765
24067
-23813
-28043
-17687
26576
-3389
7417
5077
-11322
-23310
27247
-11014
-16396
32495
2801
8317
13450
20476
23555
20730
-1164
-11781
-30213
-27401
19452
3809
32429
-18691
2408
-24091
-1028
-16131
-29699
-26879
-1309
-12803
22676
-23299
21390
24975
-24068
8857
-29820
32386
-7565
26758
13949
4221
3713
1021
24323
-19973
-16273
10476
16595
11716
-29959
26066
17601
-11024
-24215
-22534
26355
8942
-28176
14205
27020
11260
23555
-13831
9591
-11781
-27141
10232
19452
-27
-5453
-18179
-12432
-24603
-260
-13059
-27395
-27135
-22043
-12547
-24169
-22787
-16238
13205
-23812
-22887
-26236
14722
4212
-32122
25725
18557
10886
1021
23811
-21509
17011
28908
3284
3527
2810
2263
18118
-8972
879
10235
758
-21007
9460
8061
18577
-4357
23811
-23303
6778
-11781
-20997
26360
19452
12262
-17228
-18179
-9872
-4124
-4
-12547
-27139
-27391
15077
-12547
-3431
-27395
-31598
21143
-23556
-10855
-3708
24706
6260
-5242
28029
9085
-19064
765
23811
-18181
27252
5869
19669
5576
19450
-5929
21703
25589
-5522
15867
-27658
31986
-28172
-6532
-3190
-17925
23555
16633
-138
-11269
-4613
11256
19452
-22811
-20302
-18179
-19343
16100
-516
-12803
-26883
-27135
-6172
-12547
25238
-25859
-30317
10902
-23812
-9319
-6268
10882
7284
-26490
17021
-2692
-22656
1021
23811
-16389
-18833
4079
-23593
6088
23290
-31784
16838
-23819
23151
25851
-4362
-30222
18164
-13188
-22899
31995
23555
-264
25720
-11013
-5
-19464
18940
-30747
-15695
-18179
12657
-31262
-1284
-12291
-26627
-27391
741
-12547
-22120
-28419
916
-26474
-23556
1690
-10364
21378
12916
-10106
29053
-15748
25990
1021
23811
-15109
-4494
-25105
-29480
-12598
-20230
-5416
19142
30966
-29330
1787
32247
-11021
-29195
10621
-22129
8187
23555
-12296
-30087
-10501
7676
32249
18940
-11291
-31311
-18179
13681
31970
-2052
-12035
-26371
-27391
22500
-12547
27033
32509
11924
-28520
-23812
8346
389
22914
21364
-12154
19069
3709
13447
765
23555
-14085
11123
15600
10970
6349
-8454
18394
-4154
13559
31086
14843
2040
-12300
-27402
-7556
18312
-6918
23811
28920
118
-9989
20476
-5896
18940
14309
-25168
-17923
-399
-13599
-2308
-12035
-26115
-27135
32483
-12547
-29291
30717
15253
9109
-24068
13722
2181
21890
-22156
-25722
18045
-9092
6787
1021
23555
-13573
-14224
24049
25564
-24372
-7430
-2855
7109
12279
-18066
7931
5368
-7948
23030
6525
-15218
-27398
23811
11000
10105
-9477
20988
-10503
19196
29413
-14928
-18179
-12431
-20769
-2564
-12035
-25859
-27391
-5917
-12547
-22887
26877
-23915
665
-24324
30618
19333
13954
-29324
135
22909
9853
20105
1021
23555
-12293
-10125
-18959
-6692
976
4347
-3878
17605
12792
-19347
-18182
-13320
-3595
1271
3197
24208
7162
24067
-2313
13434
-9221
26364
-4615
19196
26853
25008
-18435
21874
13791
-3076
-12035
-25347
-27135
-2589
-12547
-11623
22269
17813
-5225
-24836
-10086
13957
7554
-10892
1671
11645
125
27271
765
23811
-11781
1651
-24078
13534
-6704
17915
-8997
4293
-23816
-6291
-9990
-8
-25866
-6921
13693
-7028
-14599
23811
-27657
-9353
-8709
-31748
11514
19196
-29723
24495
-18179
26739
-21795
-4612
-12291
-25859
-27391
-16925
-12547
-26472
22013
-4713
-1896
-25860
2971
8325
-31870
-4748
3207
-30595
4733
-10619
1021
23811
-10757
7282
23283
-12577
-11311
27643
-25893
-31804
-7432
-20371
29434
10233
503
3576
11389
-21103
26873
23811
-13321
-19079
-7685
-30468
5883
19708
15843
14250
-18179
-10128
-2853
-6916
-12547
-25347
-27391
19170
-12803
22426
7421
20884
-21097
-25348
20891
17285
12930
-6796
23943
17789
3453
27787
765
23555
-9733
-7308
-17165
30688
24277
-28933
-6697
-7236
15608
-32411
-25863
-30984
5366
-2569
7549
21649
-5384
23811
5111
8059
-7685
-21764
12539
19964
-5146
689
-18179
15989
3294
-4100
-12035
-25603
-27647
-19997
-12803
27035
15613
15256
-9830
-27908
16027
1669
19330
5237
13959
893
-4740
-10616
765
23555
-9733
-19084
-17420
31714
18133
-27909
-22819
-17723
-20487
-1427
-10758
4090
9720
9977
8573
-30321
-24840
24067
-22794
13946
-7429
-19204
19451
19708
-14874
-32592
-18179
-9867
-5156
-5636
-12291
-25859
-27391
-13598
-13059
-8806
9725
-9064
-6246
-28676
4251
8837
16514
10869
11911
7805
-3204
19080
765
23555
-8965
20340
1269
12003
-7210
-19717
14814
-12347
4090
23406
-20742
12282
21240
-27399
6781
-5994
3064
23811
22262
24958
-7429
-18436
-27397
19708
-2842
-15185
-18179
32373
-7205
-6148
-12291
-26371
-27647
-5918
-12803
8095
509
-10345
-6500
-31492
-30565
-1148
21634
25461
19335
22141
-2180
19596
765
23555
-8197
887
24053
-21533
25560
-15621
-27170
25285
27642
110
-24582
31226
-3336
-7943
16509
25233
-30217
24067
-15627
-29829
-7173
-7172
-10501
19708
-538
-336
-17923
-8586
-17701
-6660
-12291
-26115
-27391
-18206
-13059
5276
-516
9881
14235
31484
22939
-2172
27266
29301
-13434
28797
7805
16775
765
23555
-7429
19572
26358
-3866
-12839
-14341
-29984
-4152
-24838
881
-22022
-17414
9209
-5639
9853
-3440
8439
24067
25077
3195
-6917
-5380
11004
20220
17639
-16209
-18179
-1418
-2854
-8708
-12547
-27395
-27391
12002
-13059
-10085
2813
28825
4508
28412
-30565
18053
31106
-30603
4487
18813
-10116
3722
765
23555
-6917
-10124
-17162
-2073
30685
-6661
26594
-19768
19707
9841
-30726
11771
-7
-23302
17021
7318
-26890
24067
-30988
-23938
-6405
-2052
17660
20220
-16921
-26959
-17923
-3209
-11047
-7172
-12291
-26883
-27647
-21022
-12803
-5730
4093
-1894
30111
23036
-24933
14469
31874
-31115
2439
12669
6525
141
509
23299
-6917
-5514
26871
-9495
-18210
-2053
-8734
29899
-23045
-7311
25850
23035
21754
-2566
21373
1680
27126
24323
10996
-11397
-6661
765
18940
19708
-18970
21936
-18179
-2184
26073
-9732
-12547
-28419
-27391
8674
-13315
11163
5117
-4454
3484
22012
-13925
18821
31362
-24459
11911
11645
2685
-24955
765
23299
-7173
-2702
-5897
23531
-29985
-1541
17379
-15671
-14341
-29582
29690
27643
22522
-5638
11389
-13934
-11787
24323
31475
-7300
-6661
-260
29692
19708
24806
-19538
-18179
29816
-12329
-11524
-12803
-29955
-27391
19169
-13571
-2148
-4356
-32613
17822
15868
-12133
10885
-19582
-16267
10887
25725
-8580
-18037
765
23555
-8197
11382
-5641
-534
-19231
2044
31203
-24375
3580
626
-7431
-26373
-13574
20731
25213
7829
-3084
24323
22771
25470
-6149
-516
-30724
19452
13798
-15186
-18179
9849
31190
-13828
-13315
-30979
-27647
1249
-13571
12446
-8708
-18021
-17249
8444
-13669
8069
25730
-28811
13703
17789
-3460
-18804
765
23299
-7941
10871
19704
10731
-22814
3580
28388
5066
9468
22642
-26375
-24581
-15622
15355
-11652
-24693
-11788
24067
-7437
3192
-5125
1021
-26884
19964
-3358
-1370
-18435
2679
14805
-24068
-15363
32765
-27647
991
-14851
-2409
28412
18841
-17257
7932
-1381
4741
24450
-16267
11655
28541
-29572
-8570
1021
23299
-7429
28530
-30472
5612
32483
4604
-1824
30147
-18181
-27536
-2824
17403
1530
5371
10877
660
23540
24323
-12814
29565
-4869
2301
-16644
19708
9959
3247
-17923
25722
-24107
-20740
-14339
-32259
-27647
-29728
-14851
24222
28668
28828
-22113
-1541
11676
4485
13442
-17547
24967
20861
-10116
11152
765
23555
-9221
19320
-23048
10733
-6683
6652
-25115
-28470
32252
-12174
27129
-2053
24059
-23557
12413
-13164
-9485
24579
-16910
3454
-4613
3325
-17668
19964
-17178
25006
-18179
-3974
-12588
-22532
-14851
30973
-27391
-25120
-14851
-31330
15612
-29796
14239
-7941
-357
10117
26754
18294
3975
20605
-3460
-30067
509
23555
-8965
-16009
-10760
-275
-13339
7164
-19227
13258
-29444
-26253
9209
-1285
30459
-17413
15485
6033
12531
24579
18418
10619
-3845
3325
-21764
20476
23014
21421
-18179
13435
27347
-27396
-15363
30461
-27391
-22561
-17667
-17252
8956
19612
-30563
-13829
17308
15237
18818
30070
9095
-21635
-11140
5004
765
23555
-8965
23414
3065
17646
23525
7676
29925
-10296
32764
-17293
-16648
-2053
-26629
-16901
9341
12695
31730
24579
21234
13438
-3077
2301
-13828
20732
-11802
-10836
-18179
24698
24274
-30212
-15619
29437
-27647
-18465
-16387
15264
1276
1948
-15969
-23045
14492
12677
12162
4726
12679
25981
-15748
-14701
509
23555
-7685
-5510
2553
6382
30695
9724
15078
32456
-20484
-654
15608
4348
-8965
-6405
5501
-1901
-9743
24579
11762
9085
-2053
3069
-18436
21500
-25115
15788
-18179
15227
-6703
30204
-17923
25853
-27647
735
-17155
5278
-8965
-27237
20126
-28421
-25189
25221
12930
-30602
21127
24957
-18052
4238
765
23555
-7429
-23945
23801
7407
29926
9468
-1051
-27960
-27908
-3981
26104
4348
-22533
-7685
21885
-13167
-11791
24579
-14351
-5253
-1285
3325
-15876
22012
21477
19627
-18179
22651
17617
30204
-17411
26877
-27647
5342
-18691
5789
-7941
15516
-25954
-31749
-18021
7045
27266
-31626
19591
11133
-1924
653
765
23555
-7429
1399
32505
29167
-16409
11772
15334
-24632
-12036
10612
1528
9468
-6661
1788
3709
-23656
-18704
24579
-17423
-24449
-773
2557
-12804
22780
17381
-13654
-18179
31610
10192
29180
-17155
27901
-27391
-13859
-18179
22688
-32517
-14183
-19042
25851
-6757
10885
13186
-31882
-19321
11389
-15492
28305
765
23555
-5893
-22663
-22535
-28433
-10520
13308
24551
3017
-4868
20596
-13321
14076
-3077
9468
8061
-24686
15088
24835
10737
25212
-261
3837
-18436
23292
23524
-10070
-18179
7803
-11569
22012
-19203
25597
-27391
1245
-19203
6045
28155
30874
-17763
14843
-6245
2181
24194
-32650
16007
15229
-17284
10635
765
23299
-5893
3190
-2311
-3856
-11033
14076
-282
29641
-9220
14453
-7177
11772
-1285
10748
29309
-13423
-22545
24835
-20752
5756
252
3325
-14852
23804
27619
15529
-18179
-6278
-32306
16636
-20739
20733
-27391
24796
-21507
-21348
32251
13466
-32612
7163
9372
10117
24194
-25226
28551
22909
3709
10638
765
23299
-6405
28023
-3079
-23312
-29975
15356
9191
9929
-260
-13708
21239
17148
19964
22524
11645
-15214
22510
24835
24561
20860
1532
1789
-8452
24828
-5410
-30560
-18435
21366
-2868
8700
-24323
20477
-27647
17882
-19715
-9318
-21510
13206
23193
8443
17052
19589
-23934
-27274
19079
13181
-18820
7821
1021
23299
-4357
-19851
2298
-19984
-13334
16892
-4893
-2111
-11780
-4495
-10250
6396
-25093
6396
32125
18830
-13843
25091
31983
-13702
2300
2045
-27652
25340
-8735
1703
-18435
-23687
23502
20476
-19715
24061
-27647
-2085
-22531
-26982
12027
-28007
-28005
-518
27292
8325
18562
-3466
-7034
-2692
-4996
18054
765
23555
-7173
-29582
4090
-14352
17383
17148
-14875
9670
2045
-654
-31753
20732
20220
28668
25981
12434
-7700
24835
-7442
3965
3068
2813
-16900
25852
-11806
32679
-18179
31097
-19251
18940
-20739
23549
-27647
11484
-23043
-14180
23291
-3686
9117
507
29340
28037
25986
-1930
22407
12925
-7044
-25972
765
23299
-6661
16758
-2311
7665
-9240
18428
-11290
11463
8701
3954
17399
24828
-32516
31740
30845
3476
32491
24835
-29202
21630
3580
2301
-23300
25852
20962
7335
-18435
25209
6605
13820
-20739
22781
-27647
-18725
-22019
-3939
9723
18586
20381
-15622
-23652
-32635
26242
-11146
23943
19325
-644
-32371
765
23555
-6661
-6026
17146
-14095
21992
18684
-32282
3015
4861
12146
503
26108
29692
26108
24957
3469
-24086
25091
12269
-25222
4348
3069
-23300
26620
11489
-2139
-18435
27514
-28212
5884
-24323
15613
-27647
475
-26883
13722
20731
13723
7835
30202
-21860
32389
10882
3191
9351
13437
-7044
-30071
765
23299
-9477
-22412
-27142
-18702
-19735
19708
-14106
11974
10493
-23950
-24586
29948
-28164
-25092
17021
-109
25833
25347
21740
-29314
5116
2557
-7172
27132
-15647
19365
-18179
-14982
12234
7420
-22531
20989
-27391
-16422
-27139
4766
9211
8604
-29025
5114
-8036
-20859
-22398
15479
30343
-31619
-12676
-880
765
23299
-10757
26488
-23558
-2318
-8468
20988
-17689
12742
25085
31602
12278
-28676
-10500
-11524
7293
-3436
-13593
25347
-18709
2175
5884
2557
-4868
27644
-16415
677
-18435
17275
-28471
6140
-22019
20989
-27647
-1831
-28419
-24930
-8198
31132
10399
-13319
-10596
20869
-29054
13175
17031
-1412
-17540
6798
765
23299
-11781
16503
-6150
-13837
10733
21756
-30744
-15931
26109
3955
-3851
-28420
-5380
-15620
15997
2961
-30745
25347
-9750
-19076
6396
2557
-6404
28156
-19743
17060
-18179
32379
-26680
-2821
-26627
13565
-27647
-13351
28925
-26724
-2054
30877
-13666
-19975
-13668
16261
-23934
19319
25991
21373
-14468
4236
765
23555
-13829
5494
3323
-22028
-17939
22268
-2584
13765
29693
3955
32501
-24324
-1540
-6660
22909
-31592
-5659
25603
-1047
27264
6652
1789
-4100
28412
-30495
-25180
-18435
-8581
-20794
-5893
-27139
13565
-27391
-17959
30205
26273
23290
-21091
-5727
13305
9117
29317
28802
-21129
28039
13437
-9860
18836
509
23555
-17925
1147
9723
-1548
10479
22780
-6680
32454
-31491
15731
-16396
-19972
6909
-3332
-27267
23701
17892
25603
-23831
19071
7164
1021
-1796
28668
13025
21923
-18435
-23172
13510
-12549
-30211
11005
-27647
13785
25341
16543
-5895
10909
-4449
-19464
13213
24965
-28286
29815
-28537
8573
-3716
3215
509
23299
-20229
8568
22523
-1035
-18705
22780
20201
-22331
-31235
3956
-11532
-18948
12541
1533
24957
-25965
227
25859
30184
14974
7420
-260
-4868
29180
20448
-22111
-18691
-30851
-1084
-25861
30205
1789
-27647
9176
14589
22942
-24839
25501
13727
20728
669
26245
16770
-22153
-15737
637
-12420
-27506
509
23299
-25861
-15241
24059
22262
14064
23548
26088
8388
-27395
27764
5364
-17412
17661
8957
-14211
-24427
-2336
26115
6123
-1410
8188
-14340
-32260
29436
476
-1893
-19203
20343
13506
9211
17405
-21252
-27391
-13355
18685
4254
-9
-5995
-11109
2040
10653
-27515
32642
-27273
-5753
13437
3453
-30833
765
23555
-11013
6008
19963
31733
-25618
23804
21991
-22592
-30467
15729
-11790
-17668
18173
7421
-14467
18063
20447
26115
32746
-22917
8700
-16388
15100
29692
14555
8091
-20483
1912
25793
-20486
4861
-25604
-27135
-7212
5117
27290
-31753
-22123
-28264
18679
-4196
23429
-28286
3192
-30585
7805
125
-24184
765
23555
-12805
-30860
29179
11766
-13075
24060
-23578
27328
-30723
19058
32498
-18180
14589
5629
-19331
24462
18653
26371
-13848
-25221
9212
-15876
13308
30204
10970
6296
-19971
-20106
-22593
-21766
10237
-23812
-27135
-25133
-1028
-13159
-18185
-12394
-22631
-778
21404
29573
17026
-5001
10631
4989
2685
-14198
509
23555
-15621
-2188
31227
21238
25581
24572
742
-1346
-29187
1649
-15119
-18180
19709
6909
-899
10386
-29478
26371
-14873
-29058
9724
-20484
9212
30460
22744
-15209
-19971
887
-7747
-30726
10237
-19204
-27135
12755
3069
-26469
-7178
1685
31640
16630
-21349
-30075
30338
29304
17031
17021
17021
24460
509
23299
-18437
24950
-28421
15350
12526
25084
8678
-32579
-28163
-23440
1521
-18692
22525
6653
-31107
-21108
15832
26371
-20251
8316
10492
-20996
1020
31228
17368
-28777
-22275
6264
2237
13050
-6916
25084
-26879
1746
-18436
-28520
-32010
-20329
28056
7669
3483
29317
23170
-23944
5767
21885
-15236
3205
-4
23555
-31493
20338
-24069
26358
-22804
25596
14309
-10309
-30467
1648
11760
-18948
21245
5629
-22147
-6513
-31529
26883
-17436
8829
10748
-23812
15612
31228
22488
32662
-23299
-19081
10940
-4871
-17412
9980
-26367
15825
-28420
30874
11510
22167
11673
14581
21402
8837
11138
-17800
8327
5245
-9092
-23926
-260
23555
29947
22645
-21253
-22794
-30993
25596
-9243
23227
-25347
17519
-21777
-16644
27133
10493
-31363
23698
10197
26883
30692
-11138
9980
-25860
25340
30204
-1830
26779
-23299
8058
-14915
-7
-12548
764
-26367
-24110
-23556
31388
-11
-28775
-3172
18676
-13415
12165
6274
1145
4487
4477
-12420
-29299
-1028
23555
29435
31351
-13317
-12553
1009
24828
31207
-21315
-23299
20848
28144
-15620
-28931
13565
26493
-24696
18897
26883
-23833
11898
11004
-7940
-15108
30716
-22048
-26975
-20483
10871
32708
-14598
12029
-26372
-26367
-13862
18940
-18793
-12297
-13410
-5732
14066
-8040
-636
16514
-22920
-28538
-4996
-25732
-31865
-1796
23299
-12293
22388
2556
8699
10488
25340
-4881
-30264
-18179
-24978
20980
-11780
-13571
22269
-30595
22410
-9783
26371
-28181
20089
11772
765
-4612
31740
14822
-9310
-23299
-14992
-23600
23291
28413
-9732
-26367
27355
9212
-25708
-30216
-14698
14230
-32019
-9064
6533
-15231
2681
28294
-8324
-13444
1162
-5636
23299
4092
-21390
6396
15612
25082
26364
-26121
30927
-17411
-8345
-9224
-11268
-11011
23805
17533
-18295
-1852
26627
13035
25719
13052
2557
-2052
-32516
5610
10659
-23555
-147
32466
30203
31485
-4612
-25599
11482
2044
147
24568
-9325
-31084
-30487
-24936
-15228
-10111
17785
-32122
-12164
-29572
12933
-9732
23299
6140
12910
7932
-25348
2811
27900
-9222
15570
-16899
-5788
-18951
-11012
-10755
24061
28541
-16508
-2113
26627
-20247
-19596
14332
3325
-5380
-30980
6636
-23902
-27907
-28565
12758
27387
26621
-14596
-24575
-2856
22523
-7537
-29704
-9069
-15982
17896
17048
-2940
-7807
-32647
-32634
-21124
-26244
13953
-15876
23299
6396
29291
9212
-10500
-30469
29436
8188
-7723
-16387
609
3579
-9220
-10755
25341
30845
-17781
-9541
27651
21992
-7561
15100
1277
-11268
-30468
-19987
-24158
-28675
-28052
16083
12027
20477
-24836
-22783
12503
10491
12692
-24585
-15469
-364
25827
19608
-1916
-18047
-16263
-30842
-13700
-30852
-21368
-22788
23299
5116
-31377
10236
-9988
-18437
30204
-15620
1239
-16131
6498
-27142
-9220
-10499
25341
-30083
25992
-22601
30723
-26907
30070
15868
-772
-7172
-29956
18154
2720
-28675
-22417
-13362
763
19197
-24068
-15871
-16172
-6918
10643
-28426
23189
-18027
-18208
18839
-4476
-6271
-11911
-28538
-7300
-22404
-23678
-32004
23299
-1285
-28309
10748
-4100
-17669
30716
5884
19155
-16387
30820
-17159
-8964
-10755
25085
-8835
30342
8116
-30717
740
11125
16380
-2052
-16388
-29444
22505
14238
31741
-401
-8757
-26118
7933
26108
-8703
16083
5626
10642
-12555
-14443
23445
-31266
11415
4485
10370
8058
-21370
4477
-12676
22402
24828
23555
-3333
19563
11260
-2052
-1285
31484
4860
-1839
-16131
-11420
28409
-8964
-10755
25341
-6019
-22899
10415
-28413
-3870
15225
17404
-5380
-14340
-29444
28393
-31331
29949
-145
-17463
29178
765
18172
-2559
18898
14074
9110
25332
-7275
27289
9435
-3434
3717
-16255
7802
-21114
9085
1149
6278
9980
23555
-6149
22893
12540
-260
14076
31996
16380
-13103
-16131
-27548
8185
-8964
-10755
25853
-9859
11911
-22869
-25085
-15647
3446
18428
-5892
-20484
-29444
6120
20380
22525
9329
6601
6906
-8964
8700
5634
-25391
31481
-8302
17907
-32363
29333
19416
-23146
13701
-4223
28538
25734
9341
-9860
-21634
-2053
23299
-7685
27753
13308
2813
15356
32508
7932
-27696
-16131
-28059
8697
-8708
-10755
25853
-19843
-1915
-858
-18429
-12064
10869
19452
-15876
22524
-30212
-20762
-16998
6397
19314
-21820
12281
30460
-20485
17666
-23089
2040
8850
-28431
11412
-24941
-5165
-1130
11909
6274
-24966
-20090
-23428
-24708
-30589
-20997
23299
-8965
11884
14332
3325
31740
-32260
3324
-26417
-16387
-154
16888
-7940
-10755
26109
-6019
12177
25000
19972
32471
-13698
16636
-26885
3579
-30980
-31018
-16751
-772
-12420
-8531
-4619
-2566
-1031
-7934
-1336
-26120
-28517
7917
-30312
16795
12508
6295
28293
6018
3963
-31866
11133
-8836
-29041
-22277
23811
26874
-27529
14332
-27652
25851
-32004
-10258
7613
-17667
-10380
9450
-8964
-11779
25597
-13955
5002
-24666
-15612
21969
-31365
5628
-25094
-29959
31484
-22578
2956
-32004
14463
-346
1011
13561
-13065
28675
-16446
16631
19607
29673
16279
27543
16605
-19562
32645
25474
-8838
27270
24957
-13188
29832
-32517
23811
3321
-10125
14588
14588
3066
-31492
-23576
-14921
-18179
-14985
-26396
-11524
-12291
25085
2174
15757
27043
4357
17871
-10116
1020
15098
30713
30204
2765
29321
28156
5502
-93
-24334
-2824
-19209
-11773
28609
-32266
-3688
15847
-5995
29079
-8229
8855
10373
6786
8315
-16250
23677
1917
-16755
17147
23811
-17672
-17802
14844
15356
-13062
-30468
26344
9655
-18179
-23433
-6942
-11780
-12035
25085
12158
-24690
-2402
5125
16334
1406
-1029
-2823
20217
30972
-16949
7049
20220
6012
29091
-5647
-18696
-23561
3076
15040
26102
26009
-26906
-9323
-17001
10202
7575
29829
5506
14203
-26746
14461
5245
24206
-7174
23811
-31496
8567
15612
24060
-15878
-29956
-16409
-20298
-17923
2166
-24606
-12292
-12035
25597
-899
-8569
2460
-16123
-13877
18298
-2565
-11271
9976
25596
-31542
29319
-3845
-30338
-28511
-18448
-16649
26102
-15356
20927
13300
-5995
-17947
29590
-18795
13527
-4970
6789
14210
26491
-32378
2685
8061
1675
-24582
23811
2552
7797
15868
30716
-32262
-29444
-23321
-12363
-18179
12152
-12576
-14340
-12291
24829
27774
2957
-29801
11782
-22326
20605
-7685
11769
21240
20988
15817
-7804
-12805
-13700
-15970
-1297
-31753
-20747
17157
-1347
22516
31128
4068
8085
-17514
-26156
14743
22661
19842
-23685
8327
8573
24189
9616
11002
23811
-17673
-27273
15868
28668
21499
-28676
-539
30642
-18179
21109
-4898
-15620
-12035
24829
20606
-32115
12435
-31738
23497
11134
-13317
-3592
-12041
18684
-13881
6020
-29445
-3716
20125
21999
6647
22261
-8443
-11844
-8717
20632
-10015
16532
29078
-18992
-17770
11653
1666
-17285
-21626
10109
8317
25228
-21511
24067
29943
-19082
16124
-27140
507
-28164
31204
26288
-18179
6773
-1571
-17412
-12291
24317
11646
4746
-1137
-27641
-28729
-1157
-17157
-29192
6647
11260
-30010
-30590
8443
6781
-25958
11246
-4107
12788
263
8379
-11791
18582
-29984
-6252
25748
9422
-22634
1925
19586
10108
21382
15485
7549
-10102
17913
24067
2807
31861
16380
-24068
16379
-27652
17892
7086
-18179
-3212
19932
-20228
-12803
23549
28798
-25201
17036
263
-13369
27262
26363
-18185
32502
10748
-7484
-2945
-12038
123
-3432
8429
28661
-19213
-9210
-4423
-18703
7577
17373
-6511
-7020
3788
-19306
3205
898
2940
-18554
29821
17789
16529
-14600
24323
15351
8313
16380
-30724
23034
-27140
21987
1197
-18179
-28557
-31014
-22532
-13571
22525
21630
20363
-26233
14343
32710
4221
14075
-32009
-2316
5116
-7998
31359
26106
25723
-29289
-17173
-17420
9459
22535
27577
-784
-17003
32475
-3696
30610
-7735
-20586
10117
-1407
16764
-20090
7293
15997
-24438
6392
24323
4599
21365
16892
-23044
30458
-26884
1251
-23125
-18179
-21389
19163
-27908
-14083
21757
15486
-19063
-7292
12808
-828
18300
12283
7415
1269
-7173
14018
26750
6394
32635
15253
-790
14580
-24590
28424
-10057
15343
-620
-5926
-17519
-2670
13255
-24426
18565
1666
19068
391
22141
4221
22410
-22281
24323
-22794
11125
17404
-19972
-14854
-26116
32482
-86
-18435
-1933
-14632
-29188
-14083
21757
19070
-7792
-29058
13832
12483
-26240
-262
27126
-5132
-6149
16833
5244
15866
4475
-4973
-23830
21492
26354
-27128
1463
26352
12953
-3880
-21360
-11116
27075
-28522
29573
4482
-27780
-6010
-14211
2173
18574
-28682
24323
25846
-11401
17916
-18180
10747
-26116
-16927
-1111
-18179
-16781
-29224
-31236
-14595
20477
26238
-21366
23931
-5112
-30271
31357
-1286
5878
-16653
-19973
18881
16252
27385
-16517
5011
5609
-9742
1265
-25335
-26187
16878
-32619
-23079
25490
-22124
-16448
-25194
-892
10626
27004
-16506
25725
6013
11399
-3339
24579
2806
19060
18684
-10244
-2310
-25604
-24095
-30296
-18435
-26252
-4649
28924
-16131
18685
-30338
-28536
31608
26121
-10304
15740
-9478
5622
24051
-26373
27835
-29580
-3848
27507
-6000
-11290
-31247
-529
-30966
-25933
-32276
-21613
22997
-4465
12944
-14913
-20330
8069
3970
-18564
-22394
30589
17789
-13688
24309
24323
28406
-13709
19452
-7172
-28421
-25092
13022
-28509
-18435
-24467
-14379
16636
-19203
15613
28542
-18803
31347
-13303
8894
-13441
-16134
19189
-6414
-31237
8640
19579
13817
-31365
9360
-11033
16370
-26128
-3830
13748
12781
6807
6614
-19823
-12396
-22086
24470
16773
7554
-9348
-26746
28285
16253
-22388
16372
24579
24309
-6794
20220
-6916
-29189
-25092
28130
-23128
-18435
-6797
21206
24572
-17411
17405
-30594
392
24688
-7158
-22598
-20867
-1286
-26379
8945
22267
-14914
7290
4601
-15492
13967
27111
-19471
-25873
13580
18099
31211
21396
-31529
-23148
11156
-10056
9110
-636
-17791
-17796
27782
28285
26237
-8828
-31501
24835
-25868
-12430
20476
-5124
6395
-24836
-801
-5723
-18435
28531
8149
18940
-19459
14845
-12930
-6772
-4756
-13557
13496
-14209
-11526
-26379
-10509
15099
-27201
22651
20217
-6787
9101
-19225
10738
-27664
18445
29619
13034
-17513
-10538
-29291
-1387
950
24982
-6780
-15999
-5252
-20602
29309
-29059
395
-24846
24579
-28173
13174
20732
-4868
-21253
-24324
-30496
27045
-18435
21874
-32045
25084
-17155
18173
32126
20622
24423
-19445
9399
6529
-6
-23563
9460
1275
19903
-22406
-20232
-3459
-372
17383
25841
-6418
-13299
26803
21482
27288
1750
-10602
-11881
-22863
14230
2693
-2431
20093
-24698
32637
4989
-17013
7153
24835
-23565
7543
20988
1021
5628
-24324
16353
-13404
-18179
8306
-1069
24572
-17411
15613
-4994
-17017
12901
-26611
1205
16509
-6406
28149
12787
-26630
-24130
7803
-777
18303
-9333
8678
16112
-23059
-14065
-24910
-29210
-19564
-11564
16279
20885
25518
11670
-5500
-6783
23165
-30330
27261
-30339
-8824
30192
25091
-3598
7797
21244
2045
6396
-24324
31968
19108
-18435
-6798
6610
20476
-19459
12285
-18306
1934
-16799
5134
10418
-9344
17658
16116
-13326
-32518
-31044
31865
-2057
-28289
13705
-29724
5616
14830
19728
-6481
-10778
-15465
17617
-30315
2710
17836
14742
2181
3714
29053
-4730
-24195
29053
-26992
21743
25091
-29199
-32135
21244
-1540
12540
-24068
-5666
18595
-18179
4467
-29489
10748
-19715
13821
-15490
-11378
-12195
20750
-6993
-15231
2298
20979
31985
26874
-30276
3450
-27401
20608
32391
13795
-21266
30189
2577
-22098
23526
10392
20688
29078
10136
-18263
-23403
133
-12671
-26755
19078
-29571
23933
-15475
-1299
25091
-17168
-10120
21500
-1028
6396
-23812
28896
-29020
-18435
-25227
-26672
1020
-25091
7677
4479
-32629
-20134
-31216
25005
23168
-7687
4339
29425
5882
-30789
8057
11511
23937
-4987
16866
-27922
-21012
10259
-30035
-14110
6038
10704
-1386
-31081
-4954
-26219
15749
9602
-23427
28806
29821
-27011
29324
-9492
25091
-273
11640
21244
1021
19708
-23556
-9760
-11100
-18435
887
17871
-3077
-24067
7165
-7042
26514
-21931
-29424
10924
7556
-7431
25330
28146
-11271
444
27000
16887
6784
5508
-26654
12015
-13331
-21485
8877
10723
5786
19406
14486
20378
14753
-19051
20357
-7295
-17539
-24442
-16515
25469
24467
-6422
25091
3824
21884
21244
1021
-28420
-23556
19170
17829
-18435
4982
-17970
2300
-20739
12029
22655
16781
30545
11537
-26966
27521
-25607
-271
4592
15097
16055
-25741
18677
20863
-6015
-18722
-24854
-29720
30997
-28758
-28959
-2923
9163
149
29589
30366
4245
-10876
11394
11134
-26234
7550
-3715
10380
7401
25091
-13841
-27273
21756
1021
25084
-23044
-31523
3742
-18691
5237
-27957
-26629
28413
-6404
-7042
-1652
14927
-26861
9383
-639
28409
-21263
3311
2041
30137
-24968
32757
-1407
-7296
11743
14572
-27159
-4074
29354
-30754
-13674
8652
29079
12440
-19045
-8556
8581
4226
20350
-30074
-14979
-27523
32141
4072
25347
7918
11641
22268
1533
-26628
-22532
28640
29348
-18691
29303
-2357
-21509
-31747
-5636
-11906
-26221
8780
32276
26534
14726
18937
4593
10992
-6920
13241
-2954
24821
31105
7808
4831
8940
-24343
19736
-12887
-29984
-28006
15817
30614
-13159
-21865
-14700
-6780
-17023
10878
17798
-16771
19325
-6768
-28186
25347
2286
-22405
21756
765
-13060
-23556
24545
-23900
-18691
6519
3532
-19717
-29955
-3332
14463
-8819
23111
-21994
-8286
14723
-16648
-529
25838
12024
4535
-14987
15604
-22142
29565
31964
13802
-10265
10523
-29529
10716
-8298
25543
919
-16488
-29549
-24684
-11900
-18559
-32386
-6779
-18563
-20867
-3191
2276
25603
11244
27512
21500
-1540
-23812
-24068
-19489
-12639
-18947
29816
16074
23035
27645
-15108
4479
-21619
-13246
-15848
12447
8323
5368
-19730
-20500
2295
11444
14451
-30478
7043
11129
-8231
-14361
-31259
-32739
25509
-30760
-10090
-2365
24982
8344
13965
-30828
-9596
-23423
-17026
-3707
-15491
-26243
-883
23009
25859
20458
9594
21500
-5892
-24836
-23556
-31011
15775
-19715
-26248
4038
6139
20221
-22020
13951
16017
-3010
2585
9885
6022
-9737
-20243
-18964
-11530
-22605
14707
26098
29571
-27272
26585
1511
-285
-18658
16804
24281
26264
-28223
-19562
-6504
-9335
27796
-19580
-16511
2175
2694
-3971
-19331
4496
-6946
26115
29673
-11653
22012
-8708
-23044
-23556
24797
21151
-19715
-1416
31685
-1798
16637
-27652
9087
31881
26172
-9700
-30566
18562
32759
13549
15850
-11787
-20815
20338
-12304
-31612
-19850
22998
11749
29411
-31966
-2143
17107
-13165
8385
-19817
31383
-12922
-4717
-11388
-7295
13951
-8571
-28803
-25219
-376
8669
26115
-25
-14729
22268
-9476
30460
-23300
-13093
-12899
-21251
-9863
4036
31738
3581
31484
24447
-26482
-30153
-20449
3479
-2940
-1034
3820
-2071
-10508
12976
-28560
-15889
11909
21363
-1324
3044
-5409
25893
-29536
27857
-5226
31164
23703
-24425
4735
-12909
-25468
-24447
22655
-12923
2686
-12931
4239
29145
26627
21734
-29061
22268
-15108
-30724
-23300
4571
-18788
-22531
-6023
-13632
20218
-1540
9724
19583
22672
19507
-21215
23188
6022
31478
3819
-13080
19956
-24145
-22672
7151
-24699
4721
-27437
-8478
-3105
2600
-3426
10961
24983
1467
-11625
-6759
-10631
31891
-636
-16255
-1665
-7035
4734
-9091
-2417
-8235
26627
6117
13948
22524
-18692
23548
-22788
-12326
-6245
-23299
20602
22975
3834
-12548
-517
3455
-6775
12080
-20184
24464
-5759
8694
23786
8168
-4366
-17747
15471
-5907
-3194
22126
3281
-20511
11487
29486
-21860
28360
-8045
6072
-25960
-6506
-24717
30099
-16508
-21631
14464
-23419
-6531
28029
12173
-2094
27907
-31006
30074
22780
-21764
19452
-22020
19674
-27238
-24323
11387
-29508
-20999
-14852
-5637
29823
8590
-26836
30504
1934
-14716
21493
-10264
12264
19954
17065
-17048
-13077
-8573
17515
-9267
-24098
26845
9264
-25958
-11064
-3948
5557
1430
-1385
-14477
27027
-13692
-21119
1408
-9083
-1923
-7299
-29550
21967
27651
32482
-9604
22780
-29700
26364
-20996
17110
4243
-27907
2936
7865
-776
25852
-11781
18047
-27762
11817
24623
29324
-20091
30452
-537
-7962
28400
5547
-30611
-14870
14727
5994
15821
-2851
-29990
26166
11673
5318
-16747
-29264
-22635
-11882
-24216
-24430
-28796
-18047
-26752
-379
-3971
-21891
12689
28875
30979
-23074
2686
22524
-29444
25084
-20740
3801
-26727
-27651
-21124
-17736
19193
-32004
-24581
30335
-23158
-14554
14134
-23671
-4222
12531
26598
20196
1518
22184
-2198
1000
29319
-19098
-30519
-9766
3032
-29124
-4202
32445
26259
-29780
28308
-877
13411
-24686
23684
22145
-11904
-22139
-1155
-5251
-20081
30408
-29437
-22052
1661
22268
29948
14076
-20228
19416
-21353
-32259
29309
4022
-25352
10492
20219
-17281
-18544
-19166
14392
21127
16518
-14095
7908
-27421
-22548
-19290
-24216
28390
-6779
-3741
-28985
27609
13526
16191
917
20157
-21866
-16473
-6254
11157
-18852
27794
25220
30337
-1408
-27003
12414
-1923
5014
-830
-27133
12508
-640
21244
18428
14332
-19716
-27944
663
29949
32637
5045
22776
3068
3579
30079
28811
-225
16445
-27260
19844
23793
483
-17952
-17942
24740
24679
-4125
-32635
-5023
-24892
12758
7379
-5052
15251
23736
-16494
31652
-23662
916
-17834
18834
29828
18817
4225
23941
13694
-17795
-22897
-3394
-20477
-18981
5501
21244
10492
-9989
-19716
15576
13462
21501
21118
-24652
-27401
31483
19706
-14977
16009
-17123
29506
29570
12931
30704
7649
-4642
-2585
-24927
23652
28897
8837
-19618
-24895
-25644
-20527
-17079
24977
-2895
1170
-31327
-30831
-3952
9042
-4975
14212
22401
21889
-27771
6270
-2691
5774
13755
-11261
-11814
10364
20220
-7941
-26885
-19972
12758
1940
18685
-10627
14002
-6154
30203
-28678
32639
-28017
9242
-29372
-18818
-32633
-32018
-34
-22051
-14874
16799
11874
-14368
-2684
10587
-26945
22995
21200
28749
-626
30642
-27756
-11621
16017
-19052
-12725
-12399
11652
23937
1666
-26747
6782
-21379
20625
-29516
-6653
-12840
-27266
18940
-24837
17659
-20228
725
-32366
14077
-8323
-4690
12790
12795
7930
-15489
26762
18712
-8373
-30085
-15740
30445
32733
-15654
-11293
925
-6048
-30755
28805
-14503
-8517
26831
-15412
-30892
-26740
22955
9361
-28008
3729
14225
21574
18065
5508
18817
-11647
8325
14974
-5251
-12407
-19536
12036
22742
25467
18172
29435
-18182
-21508
11731
14737
2813
23422
21165
14325
-25350
-17927
2944
25481
13078
-4016
19064
20612
1516
29147
2009
13281
-32358
25951
7899
-26235
25174
27833
8397
1482
9561
-22902
20133
-17008
31893
25232
-18032
26690
16017
8580
27777
15234
11909
9086
12158
-17779
-1877
28932
-28716
-5764
16124
6139
32250
-22532
-6704
-1139
-6404
-2179
11945
31732
18426
19449
7040
30348
-23789
-18094
14965
-24186
14826
15833
29654
2527
1177
-17058
6872
-24955
-18861
11446
-4919
25542
12381
-14200
-31322
-26735
12689
32655
15249
14141
-7536
-7549
23681
-31102
20357
21374
20606
18831
-30043
-29436
-1070
-643
14588
-18182
-3079
-24836
-5425
-1908
-26884
-7299
-6234
23283
22521
-4873
-11137
-381
-25326
-20393
5746
-10622
17897
4568
31956
-22565
-11627
3932
17877
3973
30547
-19278
454
3524
-13469
-22138
-15203
-32628
-1648
-15985
-14451
-6851
-28784
-3709
16513
-16766
901
21630
4734
8071
-18014
-8188
-24367
24697
13564
-31750
-24327
-26372
11211
-30075
21244
-29061
-15196
-23311
25592
-11785
-26497
-19832
-2032
9055
-18065
-22908
32487
1494
-25901
-31526
3989
-28068
12756
-30843
-27056
-14927
-14394
13764
32616
8069
-19814
28815
-28788
-18545
17552
-1481
21904
-6013
18305
-1918
3461
-28290
-8323
-23411
-13923
27141
-28466
23165
9212
12794
14841
-27652
30924
11913
22268
-4740
21667
13298
-2824
-18953
2432
-16503
-22513
-13213
31086
-10875
-13595
30164
-21806
11993
15508
19035
-28462
30085
21839
-12369
-29756
8641
9326
-8317
5019
-31089
16776
29582
-30321
29492
-369
900
22401
18563
17285
-21122
17534
-25715
-29287
-10491
24525
4222
4860
-7687
4601
-29444
12492
-10361
12028
11133
-12895
22001
32504
1783
7552
30339
-8691
-31124
12649
7042
-2845
23762
-5425
-10285
30865
-21672
-6451
16262
21580
172
-23616
-2371
-7563
-22912
18318
-21877
-30587
-22385
2702
18479
26511
-17533
3201
17795
-1660
-20098
23166
-13942
8339
-15098
27849
8572
-517
28921
25080
29692
-25399
-27516
-7173
-28291
-4707
8176
-5129
-16906
-1665
2185
-23796
21870
7015
-29819
4066
8912
28622
-304
-24945
7256
-18741
390
-32183
-11095
-9027
-29253
-17032
28287
13710
24462
-32383
-30835
-32371
2348
-30065
-12669
16769
-29309
10885
32126
12414
9362
11150
-250
31688
22400
-4613
-7432
16888
23036
-11832
-26237
-25093
-13700
-1893
31983
9975
-17163
6016
-13176
-30197
627
22117
-10875
29408
-19250
15564
-18483
-9331
-4009
-27192
5254
29768
-13146
4284
13752
10878
1150
24716
-11123
13950
-15220
-31348
-11480
31375
-15741
3713
-8061
1669
25982
15742
20877
25481
-25337
-5434
-30594
-8197
-19464
30455
15868
1479
12162
14331
13949
28570
18414
-28938
-23820
24960
-22139
-13046
14714
23905
-1405
-7970
9933
-28470
19658
4748
9302
-13627
29830
-13499
-93
4793
22966
3716
24444
7811
16012
-26246
9612
-17782
11302
-6770
-17021
2177
-6013
25220
-16514
-28290
-25973
-10363
-20728
9412
29565
-16133
17912
-4362
8444
-10555
32641
3579
24957
-25193
16877
5366
-30988
23424
-30068
-12535
4476
10336
-32633
-2597
-16438
31689
22728
-24182
24918
25028
-23931
20803
9378
-15178
-22350
30854
-12934
22406
-18033
-649
31883
-23411
-3549
-10354
-11133
17025
6020
-22396
-21122
28798
-27759
-20096
-2040
10435
17025
-25861
-19721
-10762
-5
4549
29568
-17414
-6276
4501
-32020
15093
18675
15744
21127
2057
-10366
29277
-23419
-8998
8905
19911
-19260
-25464
19797
11457
7558
-5310
8095
-6732
-16975
23949
-24200
-31104
16780
-29067
30091
-27766
16161
25742
-2173
-640
22916
25220
-7298
26750
-117
17788
13834
-22080
23934
-29701
20983
2550
-8965
-1598
-9346
23802
-22659
2196
3819
-13324
18163
29056
-6267
20744
29319
27225
-6012
-2600
29127
-1852
31936
-1658
-11438
3517
24454
23872
1692
10417
-26195
-11887
7543
10360
14987
-6287
10635
-9591
-30434
1934
-14461
12161
-28540
-30332
-18562
-31106
-14453
-16265
9227
-6979
14206
25595
-14602
-26891
-25861
-2623
18556
-12551
-21635
-21359
3562
-8973
-17935
31104
-17013
32263
30339
20822
27017
-25899
-29244
-21821
-17217
-11132
-23726
18109
-3963
-6082
-9062
-24144
-22612
29330
-20619
-26243
1422
-1424
-12407
3212
-13283
-27251
-24189
3457
-24956
21892
-18818
-19586
-13427
-1679
25098
-22595
-9089
10235
-6155
-18188
-29957
-19010
-17288
16633
11388
4751
-26137
26098
-20496
-29056
-12155
12551
-21360
-6059
-17019
-31020
-1597
-19264
17595
-7293
27218
-32072
-6010
-14531
-17001
3245
5033
18843
-17037
116
1930
11372
-11895
-13688
-25318
-28019
-22141
-7040
133
16260
-18050
-29826
19335
-23185
18957
-28998
-6532
6395
-523
28915
17659
29631
-29573
-5640
-10370
13966
-26905
16626
-1553
-29568
-30843
-19194
32148
20818
32389
31698
11458
28863
-11594
1666
-31408
16821
-11386
-30149
-5740
938
6055
-15458
-29838
-146
11402
-408
27529
1161
-3816
-29299
-28541
-5760
-15484
1156
-9090
-20098
-629
-28309
18190
28856
639
-6150
19701
9203
507
-16450
-20358
-29448
-31874
-14965
28390
-27919
-28689
-8064
32135
18694
-16236
7505
903
14288
-5185
-25922
23224
24449
-24497
12982
-1147
-16837
13972
26537
26022
-6496
-9616
-14735
-27766
9319
-13432
-30071
5399
28045
-26493
-4480
8069
132
-1666
-4994
-15732
-20121
26126
19127
-25217
-16134
-24332
21746
4603
-26947
-26759
-31752
16766
-886
-13851
2289
15343
-26496
-129
2310
-24933
18254
-22909
6351
-27970
-13127
31921
-24450
-4530
-20817
11142
-30406
-13169
24228
-6495
10663
1903
-6553
14214
-27291
-32632
-20347
-16875
-30068
22659
-896
6533
-21885
-26498
-21634
6022
16485
28944
-12619
-14469
-32006
10996
29169
-31494
8124
-2697
13303
15230
5769
30947
24559
8430
31360
-19836
-19707
-8037
-19380
14214
10444
14012
2489
-6737
-28803
2894
14767
24197
8504
-4466
25508
-6240
18600
19822
11880
905
-25756
2184
-2426
-9964
-17012
31107
-14464
-23675
8068
-9858
-22146
395
-23199
-31472
-7756
-23170
8954
25331
-18704
21754
-14406
-7050
-266
19581
-10874
-20766
2031
-6164
-4736
-30325
11781
-5229
-6077
-15990
21709
-16963
7871
29106
28545
32595
18356
-16757
-17608
-28527
-14682
10404
-31325
30318
10093
-31091
-21144
-28016
29329
-12524
14732
28803
-15744
-30587
-4477
-7810
-898
23439
20315
9998
24494
20866
19706
-21517
-26382
-22790
7869
378
9464
897
24456
10724
15600
-8978
-27520
-22139
517
32668
8258
-31097
-28468
14781
-13892
-5717
8832
29011
-18514
29837
9271
-29298
-8798
9631
-17495
10605
-28830
-16246
25702
2193
-28530
27411
-2165
29827
-18304
-23419
-23165
5503
-10370
-8820
-10152
-25072
-4181
-24703
15354
16627
-30479
-775
-27461
22393
4855
15490
31109
-19230
-10770
16108
-30336
-7799
-19196
26015
4929
-23671
17610
-27717
31932
-2647
20607
6995
3757
30093
-27852
28300
-23648
-6500
29356
-14485
22114
7821
-24991
399
17807
3858
7308
7555
1153
-4219
-8573
1663
-22146
-28012
-429
-31471
4778
-24699
8186
-29198
17906
-14343
11708
19833
1015
-15486
3971
29410
26606
-32277
-6784
-12663
-29948
32164
576
2698
16072
15802
7867
26790
-16515
28754
27562
29837
-461
-23414
1950
27291
10417
-20886
22625
18316
-13475
-30323
5005
-497
-32373
7555
-13440
14982
-28797
-6530
-2690
-113
11089
19475
-1625
-21373
-7
19186
-528
28153
-32070
-2184
-29706
15235
-21887
7905
16109
-13846
-32640
15750
25860
1446
5437
-24184
-28218
-8264
-5960
24226
27770
-8114
12198
-23669
26931
-23928
-9573
-25960
-1614
-3992
-12455
-22903
95
24205
-11125
18192
8331
17539
-14464
20358
-18301
-13442
-24706
-116
15950
-3565
-10586
-2687
-15111
-27663
17136
1529
3510
26226
-8460
-12160
27519
6622
-22
20969
-8320
9101
11780
2221
1085
-24949
-32318
29365
9657
-5729
-7815
13392
6052
-12148
-7377
5253
31641
-9834
-8265
1895
-14245
-20083
-32169
-28789
-30580
-17395
395
131
-14976
-29562
-15741
18815
-6530
-3180
16457
-20714
-28509
19079
-31751
497
1777
-18184
-24136
17527
-11019
29060
-23171
20703
-788
-15638
-5248
27783
5892
-26446
13883
10121
27840
-30540
-30283
-3430
-25736
3920
8096
2957
-17361
-7807
2454
-3182
29885
30565
-5291
1162
3414
-3957
-30837
7181
-30838
-1406
-30592
23430
23683
18559
-9090
19855
-12730
18457
16289
-7037
19961
-18448
-32529
-5129
25783
-26250
28660
17797
-8324
16349
-17430
-15897
-17536
19077
-509
6584
23609
14216
17341
-847
-4174
-30315
-9867
-3763
-15974
19340
-5588
28798
-2926
399
-7231
-13213
23374
18056
-30894
32650
-12920
-12021
-20854
-12670
-11648
-24698
22147
17023
-13954
-27250
-7869
10524
19359
-23165
-9480
-3857
20463
15351
11958
20341
-13069
20613
-3975
-2085
-3351
-794
-8320
17546
-9469
26041
-16585
-4213
26807
20141
-10320
-11627
-22414
-30646
-30568
24202
-13269
10875
3472
29581
-30780
18529
-944
18314
-6068
-9336
-12406
31754
9354
-15742
-28544
-8826
1411
5759
-3458
2448
-2242
-4580
1438
-21628
-1545
21230
-7443
18423
-20556
31092
-13838
-20348
20088
-28711
-20504
9190
10113
20356
-14077
23743
18485
6025
-22091
24236
-16213
18316
-11408
-20150
19858
-19830
-31446
9591
-2165
-30328
-9015
-13985
-22968
-7546
-6070
28553
-5496
6409
31881
-11134
-24960
4743
13955
9343
14975
20360
7484
-29920
-29029
10881
-6921
-6675
-15381
27381
24754
-14990
3312
22149
-6282
23510
27621
-19486
-3200
-14460
-18685
23236
9267
-2680
25265
-30807
-14424
-32122
32110
-25528
-12915
30858
30503
-11917
1672
17028
-23859
-21923
-1213
-21114
-17338
-26233
28806
4616
21385
-9342
-20096
17799
-9086
-22145
4479
-16500
21048
-5597
-2407
-4734
-11786
4076
21994
18420
8368
-27537
-6930
17028
6515
20436
-18205
480
24961
-16506
-22269
1734
-463
-31606
-8019
-21594
-14682
21124
19053
-7864
-19573
25994
26918
6769
9605
-18558
16848
-24996
-22715
14727
-18365
-13690
19079
25607
-14968
131
-27776
22407
-12670
-26497
29311
22669
-23500
11301
2456
-28541
17910
-16662
-21272
-23053
-30546
-32145
-27923
22916
31856
-10799
-17695
30430
17281
22142
-24317
30157
27440
22918
-14677
-2396
4771
9598
-10902
19783
27781
31370
-10203
-3988
12672
-24195
-21547
-32166
-26565
386
10562
24967
-23932
-13562
-27768
-20606
-32384
-10873
-14206
32383
23167
-18042
16434
19243
-15211
-3201
-15371
21481
20710
17394
-31317
-8598
-21
-9342
-22418
21199
-27425
-10533
-29823
7811
-26877
-26161
-20435
9609
-22873
-12383
26018
-6535
-13720
24133
-5246
12170
13092
-5526
-29826
-3974
-9513
-7336
16187
-13692
32573
-15740
29827
-17147
25992
-30078
23424
-18553
-18558
29311
-31105
-13429
31022
15917
-25198
-30077
-16652
-21273
-21787
20977
-17239
28009
23019
20354
7787
-3123
-6434
8668
-27519
31620
-28413
4044
554
-30582
675
16799
15008
17015
2664
-26555
-31357
-31350
-29918
-30614
31613
18810
14551
-25769
32573
-28539
21566
-19067
4230
-28667
9608
32130
29312
-10873
-31614
14207
-25217
-18038
-214
13354
-30832
9347
-269
20198
27108
-28688
-27994
20325
-13591
-30079
-152
-9270
-2853
-5159
23937
-7043
-29437
-3113
-20695
16774
5281
16541
28573
-11152
613
-12732
-12678
29066
24098
13412
20599
-3980
-6178
-21931
-29390
-1408
-21448
14468
-17280
-13820
-24953
15234
19328
17800
26754
26495
27775
29320
24872
9782
-1652
-10111
-30477
20965
-29213
-274
-3675
19559
1001
-2942
-6297
8138
20700
19930
15489
25986
-30205
-6696
-5337
6025
-9061
18074
31900
-7315
-17309
3908
5241
-26231
18207
24418
-6028
-24206
13024
-8621
-31949
17539
-12745
-17789
1668
29444
22151
25730
-26240
21128
24706
-30337
27519
-32625
19237
22071
22667
-30075
8434
-19229
-29981
1262
12197
-1179
-6937
-32638
19556
-23864
21467
14040
-23423
13186
-30717
-21540
21798
-888
-27240
2968
-24424
-12441
6498
1348
-5517
-119
15647
-27553
24690
-31890
-22045
11090
19249
28290
9267
15746
29057
-3837
1927
17538
32384
-18040
8322
-19329
-24193
-32118
-3806
21308
-6776
29059
-28687
1251
-1057
25323
16291
30565
-27676
20099
10851
-22587
-10537
-20781
27009
18815
-30973
-10786
15649
-12409
6803
-23660
-7276
-2465
-32417
-29887
13932
32650
-488
22361
-4246
1640
32485
6991
2856
-384
-23504
12675
4738
30723
12422
19842
27008
18056
8066
-28033
-31361
5001
20766
26943
11651
-3454
24048
15585
6366
-26648
5537
1635
4322
644
-8611
-575
-26668
-17455
-31615
7303
-30973
-28449
21791
13708
6029
-19568
26260
12126
13661
-24768
363
-8055
19734
-2986
-13464
24424
-15386
14925
-7383
-22396
9772
-8319
13187
3075
25478
11906
18560
3977
13186
-16001
-24961
10383
20507
-32704
-6784
8327
26095
-21025
2270
-7961
-1889
-159
32737
-27517
-4262
-3648
-20013
7121
-25215
23425
-30973
1253
-10724
-8567
-20600
7310
-8305
-9642
31066
16703
-26013
-31350
14614
2386
-12701
-5791
-13846
11851
28708
7297
-18136
-31872
-13954
-16126
-379
-1919
14720
-26743
-383
-8833
-27777
9353
7961
-19895
19325
-21629
23534
-14882
30939
-20764
17309
-12704
-28706
23428
8281
28349
-23599
-10546
-15231
25983
-31229
3816
-17126
16009
-26747
4492
9869
-18095
6489
-12227
24158
-32374
-6636
335
27999
-22435
6637
31305
-15585
2688
-4569
-31104
-28545
-28670
7302
898
19328
23177
-8063
-18561
-16001
10633
22295
-20657
378
-13181
24557
32477
-1319
-5407
-3941
8799
-5925
31876
-29098
23483
-9266
6603
7298
1669
-31485
26602
-7912
7053
-22914
-4986
-25463
-7093
24662
8765
-680
5258
12307
6475
-23462
26712
28911
4679
-7649
21378
35
10367
24448
21506
-2171
-1151
4224
906
-10879
-10113
2688
8076
20244
-2988
30326
-7547
-23061
29147
8409
1503
13721
-3748
-6695
-20860
-21422
-30536
17868
-11320
-14207
-16514
-31485
28397
-26601
-19319
20091
-23420
4229
-14010
26452
-32452
26195
-27766
-9966
19527
-14250
32340
-15631
24389
-30182
17790
29218
-32641
-15746
17922
20101
-7551
-2433
-1143
-21631
-10881
-13697
-14205
-4078
-17060
11379
-27775
12778
-13607
-20523
-17189
-21610
-15270
-2859
-24187
27729
27316
22984
13253
-4735
27520
-31741
20204
-24557
-24693
4981
-13697
-3198
9795
-24238
2108
10578
2700
-6387
-20156
30548
-4270
4337
8259
4889
24703
-7647
12417
-32383
6914
-8572
-31871
-2689
-25974
-29823
-7809
2688
-29304
-23792
-13735
32621
-26236
25831
-31274
-30252
12505
24979
25942
-30508
-15228
22858
-16464
14789
19395
-11135
32389
-31741
17901
-24559
-2418
-17034
128
16774
-5565
-28075
25665
-7084
-21106
8211
25159
-22700
-25006
-7182
31299
27931
20354
-15326
-1917
8580
7938
-25212
-9087
-4737
-28790
-22399
128
-1153
16525
-10226
19804
5480
-21369
11751
-10283
-12076
14553
-32618
30301
30421
-17785
-8627
23730
-20795
23235
4994
-25219
-31741
18672
-16881
2699
-31885
18814
-23167
13630
2898
-24001
9550
-10353
6162
-6078
24400
-8113
-1548
21825
4885
-6276
-6624
-26493
-19841
3330
-2429
31617
-19585
5259
19073
384
16512
-5242
-28915
14181
-28573
19076
-29979
21460
22993
-18476
-23661
12380
23760
-21624
24907
8110
450
-19266
14210
-27006
-31997
-15888
24078
-16499
4205
6010
19839
31801
17744
-1986
19018
17295
8719
-27329
-10164
4939
-26891
29759
533
-19585
-19938
17795
27266
-511
20611
31873
4736
14219
19841
-641
22656
16012
-12277
-17050
-21409
26759
-11038
-19247
27344
-816
32401
-8102
13518
20872
4679
24491
-29761
-24901
-2431
-15229
-31997
-9486
25358
6031
15210
10616
30077
14903
18767
-3778
2888
27023
-2801
-23491
-21431
-9402
9207
-14530
-25580
5248
-3045
-22142
129
-3071
27267
-2432
10624
23179
-128
5248
4480
396
2059
13166
-28834
25480
12513
20944
-10802
-306
10384
-31654
-14132
-18296
-22714
10409
-11587
-15430
2178
-131
-31997
10997
-15604
-28277
19814
24693
21881
28209
-18868
18238
2625
5520
-14322
26169
20292
-3774
28920
-21700
-5617
-31620
-999
9090
-19075
-5887
-19582
26497
-5761
28811
897
14720
10624
-1144
25354
-14985
27994
-30586
19680
8399
-18995
-7223
20878
20568
28104
9353
13381
-32090
-16710
19896
23426
1155
-31997
14325
3084
-2162
-159
-32655
22138
-14799
-5557
-8643
-32190
31887
-243
-29128
-30908
30787
-18184
22331
-10224
-898
7705
-6527
-2432
-6655
17026
29057
-30081
-13685
-11136
30592
-30592
23952
13065
-1417
-20137
-13686
-22563
15820
-22068
-22071
5261
-10409
22984
-22136
22850
-30044
-10311
19639
3458
21635
-32253
21494
523
17807
-15011
12143
30582
17197
32074
-16066
9277
-25200
18957
13621
-16064
-18883
-23559
1850
13583
-7554
20247
1923
8066
-7679
-15231
24705
-21889
7052
-3712
23424
17280
31371
30472
-31619
5460
-11384
14556
21963
7882
-7484
22411
12375
-12861
-31863
13377
27553
15030
3250
19586
-25728
-32253
20727
-10231
-7539
-13222
-25236
-25998
15657
4680
-8900
-10696
27793
27147
-29135
25148
32316
21242
24120
24844
27261
21270
32642
7040
-8191
18049
4993
-27777
1420
-31104
21632
-27520
-6775
-30201
-3966
-15025
904
10458
19401
-13881
2496
-31096
25173
-17729
22410
-9667
-13667
28850
24752
7810
-13176
-32509
-5130
1545
-32110
-28333
11624
-10894
5928
-25529
-27075
-17097
1170
-2040
-16593
-8901
27194
20218
28214
25869
386
-22253
11906
29059
-8703
-17280
-9344
-27521
16268
-2176
23168
19840
-21872
-18682
-18560
3660
8333
-19754
455
10951
32190
21128
-31658
23742
-16246
24634
-31589
-10064
-25427
17026
17280
-32509
-4103
7690
-6515
4428
30816
2414
11555
-29634
-18902
-1236
24466
-24826
-21979
-8401
-2254
-10501
-19662
-11767
16762
-498
-22147
-10630
-8959
6272
-3712
-21377
-27508
28800
-24960
-29824
12165
-10746
-27755
-2480
-25980
-9775
-8255
6339
-8266
-23684
-3522
-9808
32394
-10702
21644
9632
9635
29314
-9088
-32509
12793
-22521
-30322
-9140
-25758
17003
10017
-24509
-24772
2607
5523
25351
19241
6708
563
-21253
-28622
29449
25724
9233
-6528
3199
-8703
-25729
-28800
-23681
21644
11904
-25216
-23936
-25973
-17659
7311
1605
24714
-3374
-9533
-318
18356
-13948
16980
8374
23948
-27595
10645
22954
24230
