27368
-15423
-24579
6003
16114
-19716
27645
8701
-27391
26346
-12291
-20072
-13059
8342
-28264
-27140
-5227
-16509
-6783
16754
18821
-28035
15229
-25722
765
-14077
20986
-3466
-12584
18619
27824
-5647
16586
17865
14309
-10896
-17927
11498
25824
-12573
-16895
-6441
6651
31370
-14858
-8057
3209
-32260
27780
384
-22296
3522
-24067
30323
-19727
-17412
29437
12029
-27135
13802
-12291
-6505
-13059
31894
8344
-26884
150
1412
-4223
-24974
28037
-22915
19581
-21115
765
-19453
19194
-9099
-15143
15805
-23887
18930
20170
1224
10214
5745
-13831
-3350
13537
-8732
-19199
22744
6139
22666
-3082
-9081
-5496
-32004
-15996
21120
17385
-23359
-21763
-31373
-14352
-14596
-28931
16381
-27391
-9750
-12291
-4452
-13315
-13162
12956
-26372
8598
-1661
-17535
-19086
-21115
-21635
-26243
11915
509
-26365
29434
26745
-26406
-6211
22196
18163
-12341
17865
23784
-3472
-8199
17644
-7453
-28698
-21247
27865
-5637
-15219
32247
-32632
-23156
-31748
-3964
20864
15081
-21822
-22787
-27788
-18704
-13316
-32259
18941
-27391
-20502
-12291
-10855
-13315
-12393
27802
-26116
-107
-5245
-15487
-15246
26245
31101
30077
-3195
765
-24829
29434
23670
20956
-9025
18099
19955
16076
11977
-21017
-5007
23546
12012
-25374
-3610
-21247
474
26363
-19830
-9993
20617
22154
-31236
-3452
22400
-23575
2498
-21763
-15244
-12049
-11268
-30211
19453
-27391
-12823
-12291
29849
-13571
-18281
-20583
-25860
-29290
3460
3202
-11662
-30843
32637
22141
4487
765
-29949
31738
30070
5341
-13376
29877
-13069
30413
-30007
-9752
-15247
-9479
24301
-19485
-6426
-23039
-15655
-13061
-10869
23800
-5751
31371
-31236
-30587
31616
-4375
3010
-20227
-25740
-28433
-9220
-24323
24317
-27391
-22294
-12291
13212
-13571
25239
-8292
-26116
-6250
-2685
11650
-4494
-22907
27005
29309
-30071
765
-32253
-25606
-4489
6878
-14143
-73
30964
-18226
-2359
-24086
31857
-23046
-21522
16358
13801
-23807
13531
19964
13453
26104
27017
28812
-31236
646
29824
-16662
3266
-20227
-5771
25071
-8196
-24835
24829
-27391
-28438
-12291
15513
-13827
22168
-27750
-25860
7575
-13181
12674
5235
-24699
-31875
20861
8066
765
32515
-22022
2676
-21024
-18492
29367
-2572
-6450
32714
-3862
-25742
-22534
-3858
28134
-27159
-24575
-26661
-9733
8841
16633
32395
26507
-30980
-27770
19328
20958
3747
-28163
22643
-25879
-29188
32508
13309
-27391
-13339
-12547
-25198
-14851
6799
-12146
-25604
-6506
21636
14722
-10894
-12155
27517
17533
27520
1021
-24573
24571
-20626
19932
-12099
31416
2549
-19515
27572
-28444
-8593
1270
1509
984
7396
-24319
-21546
-28421
-25981
-10765
-31875
-23941
-30980
21894
-9600
-10521
26556
-20483
-6287
1006
-5636
-22275
27389
-27135
-25112
-12291
-5480
-14851
22163
-20330
-24836
-28521
8324
10370
-23182
6278
-32643
-2436
-19321
765
29955
2299
-31115
-16160
-2108
27575
-24843
-19506
-1593
15339
-11664
6138
31727
-9241
9706
-25343
17884
30716
-16244
6392
12936
-22134
-29956
-18298
-31616
-18458
-8261
-20739
-29582
26605
-5636
-23811
26877
-27135
18920
-12291
29588
-14851
31891
-12142
-25092
10135
7556
10114
11379
5766
19581
5757
24962
765
29443
4859
-2191
16610
-28474
2231
-5643
14031
-17721
20203
-2960
2810
20207
-31001
-3351
-25343
-29988
14844
-5239
-9224
14984
32136
-30212
-16250
-19584
2279
27066
-19459
-399
29676
-4356
-19971
31229
-27391
25576
-12291
-10601
-15619
21394
-11116
-25092
-23401
21636
8066
8051
8070
16253
4221
-11385
765
26883
13819
1141
30434
24518
-6982
-18186
29904
6598
-20755
-7569
5882
-8720
-12567
10733
-25855
1245
-15364
16525
-23304
32648
-9334
-30468
26503
-8832
8935
954
-19715
25713
5356
-4100
-20483
30205
-27135
-3097
-12547
22936
-17923
-4718
8086
-25604
-30825
21892
8066
22131
390
32637
3453
3975
765
26883
20475
-32396
-31261
2504
3258
-12042
-3632
32455
24045
-15761
-30214
-7184
-28951
25580
-25855
-4643
-18180
3981
10489
10632
-17782
-30980
24199
-3456
5607
-5960
-18947
9330
6635
-3588
-18947
32253
-27135
-28185
-12547
-16747
-17155
-6510
-21870
-25604
-4457
23940
15746
12659
390
24957
-8324
24452
765
25859
20219
-3214
997
-20534
24508
11767
-14895
-1850
-32018
-5777
6906
-22543
-14870
21486
-25855
-6947
-20996
-27253
-14087
137
12682
-30980
-19833
-3968
19687
-30792
-18691
17009
13290
-2820
-15363
-31747
-27135
-29977
-12547
409
-19203
-27758
-7019
-25604
23704
30340
15234
24179
-20858
19581
15741
29068
765
24835
28411
-5258
-27675
-18742
31935
-265
-19758
28102
23024
21359
22010
-20750
26349
30191
-25855
-19490
9213
21136
-16647
15240
4237
-30980
21896
-2944
10215
-27977
-18691
-25743
-18967
-2564
-16899
-31747
-27135
17639
-12547
17048
-19203
-25198
-2411
-25604
18840
25988
-29310
-32141
-28538
15229
381
391
765
24835
32251
-2701
3047
8909
-23874
3576
-26925
-4410
11248
-12177
-14854
-8718
25580
9967
-26111
17119
3069
24461
3066
-29816
-7286
-30724
27528
129
-28186
17078
-18435
19826
13288
-2052
-14595
-30723
-27135
-27162
-12547
16535
-22531
-20333
-21355
-25348
-6248
-19324
22402
24179
7558
-5252
4221
22918
765
24323
-31493
30579
-20504
-6962
10945
-30472
-11309
31685
12529
11376
32250
-27661
-29970
-19472
-26111
-11297
6653
11149
26874
-32375
-4214
-30724
6025
12673
27111
-843
-18179
19569
-4377
-1540
-13827
-30211
-27391
-6426
-12547
23963
-22019
8850
-29289
-25092
13209
-30844
5506
372
27526
18557
-6532
-3190
765
24067
-26117
20086
27369
-3377
-20797
4089
18389
9671
29170
-27537
-14854
-32524
-31505
25841
-26111
-18976
25085
-11377
-27398
12681
-25203
-30468
-32119
20609
25830
-31051
-18179
25457
-29978
-1028
-14339
-29187
-27391
30438
-12547
16024
-23811
-11119
-18797
-25092
14233
-17788
14210
-10637
15238
15997
1661
-1148
1021
24067
-24325
5491
-10262
-2351
-3646
18681
5590
20166
-19726
-17297
17659
-10764
26095
7154
-26367
-12576
13053
16524
5883
32137
20363
-30468
-10359
26753
12518
-22348
-18179
-2960
31206
-4
-12803
-27907
-27135
-28443
-12547
16791
-21507
-2414
28565
-23812
20121
-17788
10882
1652
31110
18045
-1924
7558
765
23811
-22021
12403
-15637
14547
-26427
-11271
4310
-17722
14580
8815
9979
-23307
-28175
18419
-26111
24289
25597
22925
10491
2441
11403
-28932
2954
27009
24294
-29004
-18179
-144
30693
-4
-12803
-27395
-27391
4326
-12547
2458
-23555
22162
19607
-23812
-5991
-17788
15490
8820
903
23421
-11908
-26744
765
23811
-18693
-22156
-9236
32212
-31289
5370
-23081
28871
-9228
18543
24315
27126
11506
-6413
-26367
32482
-30467
5775
29435
5257
29580
-28932
-6006
27777
-25371
-13901
-18179
-15759
-31772
-516
-12803
-27139
-27135
22757
-12547
-23402
-25347
2451
-11883
-23556
-25447
-7804
13698
-5261
32390
29309
-7044
-18048
1021
23811
-18181
15216
18414
18903
-21818
11002
31959
31175
3061
-11409
15867
31734
10994
25588
-26111
-9502
29181
12682
-5893
4746
-3447
-28676
-7798
-23423
30437
-11087
-18179
1905
19171
-516
-12291
-26627
-27391
-5148
-12547
21400
-27395
-11629
31638
-23812
7322
-16508
-30590
25460
-24442
14205
-10116
-30842
765
23811
-15621
1651
2287
-27689
-20279
-29446
23256
-5435
7158
-31634
6651
28407
-3341
-27915
-26623
18147
-26627
8334
-12549
9097
-5238
-28676
-26229
27009
-10267
-9807
-18179
6001
-6430
-1028
-12035
-26627
-27391
-26396
-12547
-15719
-32003
-1901
-5737
-23812
18074
2949
22914
21620
-19066
19325
8061
27271
765
23555
-14597
-25741
-4881
14553
-29493
-18694
-26919
-15162
-10250
18542
15611
-17417
29684
-8203
-26623
-26909
-24067
-9074
9212
7049
3468
-28420
-4213
-1663
17381
-15952
-18435
-11919
2530
-1796
-12035
-26371
-27135
-17948
-12547
-31083
-32515
21397
-14699
-23812
14746
-3452
20610
-31372
-23674
19069
7293
-25470
1021
23811
-14085
8048
497
27867
23499
-19462
-17191
-3131
-8970
-11922
13563
-12041
14324
-7947
-26367
19172
-26371
-27252
24060
-7799
16778
-27908
6284
-13183
-7452
-14161
-18179
-10895
224
-2308
-12035
-25859
-27391
-18205
-12547
17305
28669
-7788
-7530
-23812
30106
7045
13954
28788
-8058
22141
-7044
-2937
765
23811
-13061
-27789
497
-1317
-30769
6139
-18214
-30779
8696
-24979
-23302
-31240
-5643
30967
-26623
20708
-18179
30095
20732
10633
-32628
-27396
26508
2946
-6683
28592
-18179
4466
6368
-2820
-12035
-25859
-27391
8932
-12547
6810
23805
24981
-10600
-24580
-12390
5509
18050
-15244
-3706
17021
-19332
4487
765
23811
-12293
12659
6386
5597
-27696
11003
11739
23749
25080
-4499
-7942
-5640
19702
-14089
-26367
-8988
-18691
-5746
-30468
27017
10892
-27140
-5492
-639
-17180
28846
-18179
-27790
-15906
-4356
-12291
-25603
-27135
-22557
-12803
-5481
20221
-10091
-9579
-25092
-8806
11397
13186
-20108
-122
6525
12157
11909
1021
23811
-11269
-21135
1011
-5154
-10801
18683
30939
-23099
19960
9070
-26630
249
6646
-15625
-26623
15077
-19203
14990
-17412
-10103
-13686
-26884
11917
3970
3558
2991
-18179
-1678
8414
-4356
-12035
-25859
-27391
-10013
-12547
-14181
18941
-618
12954
-25860
15515
9093
-31870
-20876
15495
19325
2685
23949
509
23811
-10501
21878
29171
17631
28627
27899
5596
-3644
15353
15725
26618
-31239
-30217
10744
-26623
6118
-14851
3987
-19972
-31863
11406
-26372
-22387
12162
16870
23216
-18179
16244
19166
-3844
-12035
-25091
-27391
-28445
-12547
22171
15613
-4457
-30310
-25604
18075
11653
22658
3445
-11642
15485
-1924
-121
765
23555
-10245
6772
31476
11489
17876
30971
-1828
15301
-28167
21613
-9990
-11271
7416
11001
-26623
16102
-15619
8592
-1028
17035
20365
-25092
-2931
12162
26086
1201
-18179
-19339
19421
-5380
-12291
-25603
-27391
-29725
-12803
30362
16381
15768
28569
-27396
19355
4741
-32126
26229
-4730
17021
11645
7048
765
23555
-9477
-909
-8460
-5918
-23339
-20741
-20771
4550
-2823
11374
-24838
3322
17912
20729
-26623
-1818
-15107
21648
8445
-28275
-19825
-25092
1166
5250
-12570
20401
-18179
9333
-22053
-5636
-12291
-26115
-27391
4835
-12803
7327
11261
-8809
4253
-29700
-27749
16773
28034
24693
27783
-22147
6525
5005
765
23555
-8709
-1162
7413
-32541
-9257
-17157
-6434
-20283
21754
-14483
-29446
30458
-8712
31993
-26623
25063
-13571
23955
9981
14221
17810
-25348
-28786
24450
-20506
14257
-18179
-24458
-32548
-6404
-12291
-26115
-27647
10979
-12803
-21349
5373
26520
-6246
-32516
30875
-636
30594
-23691
10887
26237
-1156
19592
765
23555
-8197
-12428
-8715
1510
32727
-17669
28127
-25399
28666
-5264
-18694
31226
1273
2042
-26879
26856
-14851
32656
19965
3727
-21616
-25604
-31346
7554
21734
-12113
-18179
-28810
-27430
-7940
-12547
-27651
-27391
15074
-13059
28571
4093
27801
22427
30716
27035
2181
18562
26741
-14714
22909
-14724
-2423
765
23555
-7429
15221
28662
-4122
25564
-10757
-10016
-10809
-2054
17776
24826
-2822
-10503
25594
-26879
3304
-13315
22674
26109
-21361
-879
-25860
-9586
9090
-11289
1713
-18179
-137
24282
-6404
-12291
-26883
-27647
-8478
-12803
24735
11261
-29542
-19554
26620
-18533
9349
23426
-22923
-634
22653
6013
6541
509
23555
-7173
27511
12023
-8472
10975
-2565
14051
20938
-14853
-11919
31482
22779
26618
-2822
-26879
12265
-12803
-25196
-32003
-12912
21395
-26372
16783
14722
23015
-17232
-18179
-3464
-9255
-9732
-12547
-28163
-27647
26594
-13059
-10853
5117
15003
-23908
24572
30875
-12668
15746
-21643
-9594
10877
-3716
22149
765
23299
-6917
15731
-15625
-23318
8670
-2821
-23070
23754
-29957
-23438
29946
21243
10746
-24838
-27135
26601
-12803
9360
-26883
-7024
-3953
-26372
12175
898
22247
23983
-18179
-32136
28120
-10500
-12547
-28675
-27647
-3359
-13315
13213
4349
28571
-16227
20220
-24421
-10620
27010
-27531
5767
-3716
-16772
24971
765
23299
-7429
5750
-10249
-8470
-24095
2556
10980
13001
4604
-10383
5370
-29701
-24326
7419
-27135
19689
-12547
27539
-25603
14993
-21613
-26628
-27249
8066
23783
7599
-18179
31864
-2857
-12804
-12803
-29699
-27647
-29983
-13315
-11362
-7428
2204
-5217
11260
30619
-7036
-30846
-18315
10887
19069
-15748
-8564
765
23555
-8197
-1418
11256
28395
2018
2812
12260
-25655
764
-2703
-3335
-27909
-10758
4603
-26879
-26135
-12547
-23916
-25603
-32623
23956
-27140
-28273
14466
-25882
-25938
-18179
12666
-6442
-16132
-13571
-31235
-27647
-5152
-14339
-22374
-22276
1181
4509
5116
3996
7045
20610
-3467
20615
9085
-21636
32136
765
23299
-8453
27764
23288
18668
12002
2300
-6685
-5432
3068
-2958
-23815
-21765
-5894
25339
-26879
-14104
-12547
25490
-22787
30866
15251
-27140
8848
25730
25831
6575
-18179
7034
-1323
-17668
-13571
-30211
-27391
12513
-14595
22686
26876
23708
-4450
2556
24988
-4988
20098
-16523
24711
19581
-17028
6287
765
23299
-8965
-17801
30968
-26644
6374
6908
30693
27338
-29700
18290
20985
-4101
-23045
-5893
-27135
-7447
-12291
-30058
-20739
13459
7831
-26372
-19568
17538
2791
-16210
-18435
31866
-19499
-21764
-14339
32253
-27647
-12320
-14851
-20834
26364
4252
10655
-4869
7836
4997
13442
4726
12423
26749
-6020
-17779
765
23299
-8709
-23689
-9992
-13075
30181
6652
-11547
-13878
30460
21107
28153
-3845
23291
-29701
-26879
1514
-12291
26773
-20227
22419
19606
-26884
-31856
22914
4326
12717
-18179
2171
19924
-26372
-16131
29949
-27647
-3361
-17411
25244
18428
23708
-29540
-8965
13468
13701
24706
8822
13959
-29827
-9604
32651
765
23299
-9221
-7051
-3080
19182
-31515
6652
7397
18889
31228
-23949
-8456
-3589
28155
-6405
-27135
16873
-12291
-22380
-19715
-15469
17813
-27396
-16752
-29310
17638
16557
-18179
-31110
-19502
-29188
-15875
30717
-27647
-18721
-16131
-13153
14076
-5477
-12385
-17157
15772
24965
19842
20342
27271
23677
13437
31379
509
23555
-9221
-27014
-4616
-10259
-1306
8956
-10523
457
-27652
13171
30456
2044
-25605
-18437
-27135
1002
-12291
30361
-19715
-4462
16792
-27396
657
-22142
-9499
28333
-18179
20347
-24366
-31748
-16131
28669
-27391
14303
-16643
-8547
-8965
-15205
-22114
-22021
5020
3973
25730
13174
-26745
-27779
3453
24206
765
23555
-7941
-393
15865
-25362
20454
9212
-20251
-26679
-26372
11124
29688
764
-14853
-7173
-27135
-279
-12291
-11115
-19203
-30317
3734
-27140
-1904
-31614
-18203
27308
-18435
17275
5586
31484
-17155
28413
-27647
-16418
-18435
-6756
-8197
-23909
-4195
-25605
-27237
2437
30594
-29578
21895
11901
-14468
5261
765
23555
-7429
-7306
21241
13551
16615
11516
2278
-9016
-16900
-5773
14328
5372
-20997
3324
-27135
-16663
-12291
21141
-17667
-30572
7575
-27140
-8816
-25470
-24859
-16725
-18179
-11142
32208
30204
-16899
29181
-27647
29406
-17923
21409
-26885
7579
5024
31483
-7269
17285
28802
31862
27783
19069
-28036
-9071
509
23299
-6917
-391
31481
8943
-8984
12540
17894
-26423
-7684
-11149
-6665
13308
2812
11772
-27135
-1047
-12291
14488
-18179
17044
14744
-26884
11921
-14206
-32540
11178
-18179
16251
25552
24828
-18947
25853
-27647
24285
-18947
21917
-23301
-32614
3997
22011
-17765
6789
29570
-30858
13703
29053
6013
-8053
765
23299
-6405
-11146
-9223
27120
-1561
13564
-10778
-22072
-8964
5493
-2057
13308
3068
11772
-27135
-10519
-12291
11413
-17155
-12140
25750
-26628
9873
-21630
23012
-13143
-18179
11387
-4145
19708
-19203
24573
-27391
-4132
-20995
-21860
-24581
-17510
926
13819
-4197
15493
19330
29558
7559
15741
-20868
-12659
509
23299
-6149
-32137
-5383
27632
-18455
15100
-8986
-25144
1789
-13964
-11017
15612
17148
24572
-27391
8170
-12291
30358
-15875
13717
152
-26116
-18799
-17278
-15133
682
-18179
-6534
-25138
19708
-17923
26109
-27647
1757
-19203
-24929
17403
-3944
-3427
251
15516
18565
31362
-22410
23431
21885
-10884
12176
509
23299
-5893
-18568
7930
-2576
19434
16124
-27161
18121
7421
-28556
-19977
20220
20220
29180
-27391
-22038
-12291
4248
-16131
-14700
-15208
-25860
-5231
-12414
-24351
-2394
-18179
-5511
-19507
15868
-20995
23549
-27391
-10277
-22531
-12902
5371
409
-5477
-3334
-1125
4229
22146
-16010
-8570
-900
-15236
-21625
765
23555
-6661
-18317
17914
-12303
19177
17148
23527
8905
5117
2166
28663
23548
17404
22268
-27391
12010
-12291
11155
-15107
-32620
-31596
-23812
-3183
-20606
24802
-11354
-18435
14713
31950
18172
-22531
18429
-27647
-32548
-22531
-26212
28411
12698
27036
5115
30108
16773
27522
-3210
24711
6781
-6276
17804
765
23299
-6405
28022
-11015
-5649
-28697
17916
-14619
-28219
2301
24945
21239
19964
15356
26364
-27391
15594
-12035
917
-17923
-11119
13204
-24324
29842
-4478
-3870
18343
-18179
23161
-4147
16636
-21763
19709
-27391
-2597
-21251
-10595
14331
-11622
-12387
-7430
-23140
-20603
17538
-16778
18823
26493
-19588
21645
509
23555
-6405
-10122
11514
20465
-8728
18428
-7706
-22586
7421
13170
15863
25340
-31492
-23812
-27135
20970
-12291
-1643
-16131
-12398
19349
-24580
-16750
24451
13025
-4187
-18179
23930
-2100
8188
-22019
21501
-27647
8667
-25091
-21863
13307
24474
19098
-25350
26012
-26747
23170
26231
-32633
8573
-4996
-19832
765
23555
-8453
8564
20986
15858
-8729
18684
17894
13766
8189
-27022
-4362
25340
-28676
-26372
-27391
6122
-12291
-18285
-15107
6034
27026
-24580
-13678
16771
7138
-11355
-18179
16250
19147
9724
-22275
19965
-27647
-1574
-25859
-12643
12027
-4965
-32354
22266
-3940
20613
19330
13431
23687
9341
-3204
-30577
765
23299
-9733
26487
-27398
-25102
2284
20476
-20761
-3898
21501
23922
-32266
-29956
-10244
-19716
-27391
24298
-12291
-18281
-14595
16787
5015
-24324
-31341
8323
-543
-15707
-18435
-9094
7114
8700
-22275
20733
-27647
18906
-25859
-31330
8443
-13668
-4449
2298
-21604
27269
-19582
16247
-30329
5757
-21892
7822
765
23299
-11525
28279
-9990
-24589
15596
20988
10728
19142
22013
-4494
8950
-29188
-12548
-15876
-27391
-31510
-12291
-23402
-14339
-11117
6038
-23812
20115
8579
10721
-32604
-18435
11643
11977
-261
-26115
13565
-27391
-24871
30205
-31076
3067
-28259
-3682
-12551
-8548
16773
-32126
12151
30087
15997
-15492
5516
765
23299
-13829
630
-5638
4340
-276
22012
-4889
197
28157
12403
-23563
-25604
-1284
-2308
-27391
23018
-12291
-6251
-13827
20116
1686
-23812
-21613
1667
-25631
-10077
-18179
-18822
2504
764
-24579
14845
-27647
-12583
32509
-12641
-14086
11165
-9824
-27399
-4196
-27771
-28798
31351
-15737
20093
-3460
-3693
509
23299
-14853
29562
4603
14324
1263
22524
3305
-827
32765
-31374
13301
-22020
9725
-4100
-27135
-2070
-12035
16026
-13571
5012
-20327
-23812
4244
31875
27617
20132
-18435
22908
8135
-10757
-28931
10237
-27647
21721
28413
18335
-3847
22685
-29025
-7432
-868
13701
-31358
-10889
-18041
9341
-27268
-5234
509
23555
-19205
-13449
18683
-16139
16879
22780
-25367
-6715
32765
-20621
-12044
-19716
14077
765
-27391
-28694
-12291
-16233
-13315
5525
-4969
-24068
8340
9091
-27936
22434
-18691
13693
27333
-24837
29949
3069
-27647
-15400
17405
22430
-24839
-19555
-16737
26360
5533
-28027
31618
-13961
-27001
6525
-1668
14990
765
23299
-23301
29047
23291
2806
10480
23292
-12056
6341
-28419
6772
-29452
-18692
14077
4349
-27647
-7190
-12291
-30313
-13059
1685
-14954
-24068
30356
26499
28121
-11113
-20739
12150
-31040
-30470
-3844
30972
-27391
11221
16381
-12388
-13066
-12144
-21102
13816
1949
-14459
-25470
-12425
-7289
-31619
8573
-371
765
23555
-5637
2934
7419
-25356
-27411
23548
-7197
-23877
26365
-13457
-10255
-29956
-11780
-4612
-27135
-10777
-12547
-2923
-16131
-18548
-13170
-23044
-13676
-26493
-30501
20123
-19459
-10633
25538
-11270
13821
-16388
-27391
-32555
10749
-28262
29431
15253
23447
-23049
-10340
20613
-17022
-20361
-28793
4989
-3204
-23927
765
23555
-11013
4981
26107
1014
-9747
23804
-28442
-15169
-32259
3954
-5646
-18436
15101
5117
-27135
14057
-12547
19092
-13571
15761
28562
-23300
-26476
27267
22233
27801
-19203
-3978
-19521
-6150
18941
-8964
-27135
9428
6141
2202
9208
-18795
29591
18679
2205
-26235
18306
11128
31879
-900
-132
-11894
765
23555
-14853
-7564
26619
19446
-17172
24060
-6939
25279
-31235
-9360
-23567
-18948
17917
5629
-27135
-24088
-12291
-1900
-13827
-14961
8594
-23812
19605
-19581
-31527
30872
-19715
-27018
29375
-24326
12285
-21508
-27391
4308
9725
9628
31735
8853
-3688
-22026
-4965
22917
22914
12152
29063
3965
-5252
-23668
509
23555
-15621
31862
-31237
29942
16366
24828
23270
-22082
-30467
-29328
-12303
-18180
21245
4093
-27391
-792
-12291
3990
-13571
30351
22930
-23812
-7276
25987
-17960
15768
-20995
-10121
23997
25082
509
-27140
-27135
-30510
-11524
12697
-3338
-23145
29081
-8715
3739
645
13954
-18312
9863
22141
-4740
-29052
253
23555
-28421
-3471
-26373
21238
-14870
24828
-31515
-14148
-32515
17008
-20496
-20484
12541
-4
-27391
-32537
-12547
18065
-13827
4496
400
-23812
27028
23683
-27176
25239
-22019
-20105
7101
12538
-8708
14076
-26623
17362
-23044
-7014
-18442
2199
21400
31989
-19046
10117
28290
-26248
-10618
9341
-9860
12682
-4
23299
-32517
22901
-23813
22518
31983
25852
-4635
15291
-25091
14703
-13585
-15876
30717
12285
-27391
13287
-12547
31636
-13571
-16753
-367
-23556
-26220
-30333
20953
-27753
-23555
-31369
30653
-2311
-22276
4092
-26367
-2095
-20484
25755
6902
-18281
9627
-12300
27290
3717
7042
-10120
21383
21373
-21124
16011
-516
23555
29947
-18571
-14853
8695
6384
25596
-19226
-28996
-24579
-1426
14064
-15108
31485
12541
-27135
-26137
-12547
-29548
-13571
400
13715
-24068
-11372
-24957
25819
-11878
-23299
17019
4030
-3847
-11268
13052
-26111
7635
18940
19353
-7946
17308
-13925
24307
-13159
5509
4994
7033
13959
-1668
-20612
9098
-2052
23299
27387
28789
-7173
21241
756
25084
-24343
11199
-21507
-19854
12273
-13572
-24579
16637
-27647
-22550
-12035
23958
-13315
24982
-30314
-24836
-24684
-26237
-11037
5540
-21763
-16526
25292
15867
26109
-20228
-26879
16350
22268
12183
-28936
-2662
-10854
22000
-22632
-380
-2687
3705
25734
-12420
-21124
-11127
-2820
23299
1276
-19084
5116
-8709
-9735
25596
-16908
-27954
-17923
14442
26103
-11780
-11523
23037
-27903
-266
-11523
-6509
-13059
149
30869
-25092
3732
-20861
-17432
11683
-23555
-31377
-21550
29435
29693
-15108
-26111
7643
14588
2196
-26120
15510
30102
-4885
26520
-8828
-15999
27513
-30074
-17028
-21892
24198
-6660
23299
5372
17264
6908
31740
-10246
26876
18169
5584
-17411
14951
30713
-11268
-11011
23805
-27903
-22027
-11523
-16498
-13059
30607
-1649
-24068
14740
-27517
-26398
-13938
24829
-27797
5580
-9735
29948
3324
-22783
-4140
-10246
7818
-9227
26762
13957
9442
1432
-4732
-6015
-24711
-26490
-9604
-27780
29311
-7428
23299
8700
-17304
8700
-27652
7931
28412
-7178
31937
-18435
-6558
13048
-9732
-11523
24829
-27647
-30479
-11779
-1145
-12803
-22650
-13181
-22020
5268
-19325
-10772
25251
-26371
4972
1237
25595
27133
-12548
-24319
-12840
24827
-14702
-12553
-110
-622
229
-21352
9093
5762
31353
28806
-14212
-28804
-18296
-18692
23299
6652
-32145
9724
-10500
-23301
29692
-22020
6361
-16131
-27295
-262
-9220
-10499
25341
-27903
8694
-11267
2446
-13059
-28277
-4211
-20740
-10604
-1917
31723
7073
-31235
-6291
-17200
1531
16893
-29444
-20223
7382
9211
9874
16119
-23661
-2413
-8478
-3177
7301
-4223
-20615
-31354
-7556
-12676
20866
-25604
23555
3836
11883
10492
-6916
-31237
30460
28412
-1068
-16387
23907
6650
-9220
-10499
25085
-27903
14836
-11523
1164
-13059
-13684
-15987
-19972
30100
1412
19946
1440
-30979
-27281
-11315
-13574
12541
-27396
-11519
-10541
19194
-3951
-267
-24939
9621
28127
4759
8325
6786
1914
-31866
2941
-8580
-28031
31996
23555
-1541
-16534
11004
-3844
-7685
31228
16124
-15918
-16131
14180
-22535
-8964
-10499
25085
-27903
2035
-11779
26764
-12803
13454
20623
-19716
10388
-381
-13591
-26721
32765
624
21194
-24838
7933
27132
-7679
7635
26362
-20330
-3084
-13419
-25960
21724
7831
9349
-12671
14458
-20858
-3460
-24964
-23674
17404
23555
-4101
-2195
11772
-2308
7676
31484
20220
13779
-16387
-25500
7161
-8964
-10755
25341
-27903
-19726
-11523
32399
-13059
-29809
21650
-19204
-31852
3204
-19480
-13668
27901
-24464
3786
20218
-772
21756
770
-6191
-13063
-6766
22260
29589
-18794
15834
-15978
2181
-27007
23930
-28026
-10372
-18564
-9601
6396
23299
-7429
8298
12540
1789
9212
32252
8444
-32048
-16387
17765
18681
-8708
-10755
25853
-27903
28402
-11523
-8309
-12803
7822
21389
-18436
17044
-1149
-21529
31644
20989
2673
-570
-3591
-11780
8956
9730
18384
-12296
29074
-2062
30357
29589
-5674
15511
-6780
20610
18042
16518
12157
-14980
-11903
-8453
23299
-11013
-20630
13564
2813
19196
32764
7932
3793
-16387
13157
-21000
-8452
-10755
25853
-27903
-12815
-11779
7053
-13059
13455
-21360
-18180
-3436
8580
-13599
16280
9725
29045
15551
-14088
19964
31483
23298
8911
-1032
17815
6897
-28779
23959
27096
2199
-4988
-12415
-16262
-28026
-6020
-23684
-1399
-16645
23555
-22533
-19087
14588
-1796
19708
-32260
24313
-1080
-16899
-15509
-30732
-8196
-11011
26109
-28159
-1808
-11779
24724
-13827
2451
-12397
-17412
-876
12420
11474
-3954
-5892
-10114
-6999
-24076
26106
-21511
17923
197
-11529
6808
-8470
-14952
-16743
20189
-14954
-31867
5762
8059
31878
15741
-12420
-26232
-20485
23555
27385
3188
14332
20476
16634
-31748
-24342
698
-17923
-17802
1511
-9732
-11779
25341
-27647
-11291
-12547
13462
-27139
-5223
15001
-16900
3477
-28540
19662
17547
-30980
2687
13733
-5902
4857
-265
-30205
7874
-7690
-32615
-26136
-30314
23704
8669
19095
14213
7298
-1414
-27258
26237
-4996
7566
28667
23811
-7432
24439
14844
12284
-29446
-30980
13800
22455
-17923
29815
2787
-11524
-12035
25085
-27647
25315
-12547
-26727
28669
27287
25497
-17156
-16747
24964
972
-9338
13820
23165
-14173
16882
-26888
-8458
-12797
-64
-13834
-24935
-22041
-1387
-31080
25562
5015
6277
13698
21883
-9338
21373
-5252
-27509
5883
23811
-14600
-28299
14844
30715
9210
-30212
-28706
7071
-18947
14452
-28450
-14852
-30979
22781
-27391
19936
-13059
19605
26109
25746
-11885
-17924
-12907
27012
-31541
32392
3580
26238
-9054
20465
-2057
-5386
30980
-2369
-17420
20373
-19738
-20330
-2666
-20776
2455
20869
14722
10363
-17530
23165
-1412
-24694
-9734
23811
13304
-24972
15612
25852
-24838
-29700
-29977
182
-18179
17784
-21791
-13060
-12291
25341
-27647
-12574
-12803
-8297
23293
12439
-15720
-17412
-7019
-24444
12746
-25977
1276
21886
21663
-7952
-9
-5386
-10492
-17218
-12044
-20328
-18972
-29803
-28265
-23851
8855
7813
9858
9851
-25466
-2692
11901
-16240
25082
23811
-8457
19064
15868
29180
5115
-29188
-2841
-9547
-18179
-8073
14304
-14084
-12035
25085
-27647
15074
-12803
27035
14333
8342
-11624
-19460
12438
21892
22216
-2684
-2309
-8324
-12131
3312
-16649
-23050
31493
19389
30708
-27496
14563
13717
-23145
-25390
-15210
27013
19842
29563
-5754
19325
3197
5517
-4103
24067
-21513
24438
16124
-29188
3579
-28676
-17179
14002
-18179
-14987
9695
-15876
-12291
24829
-27391
-21536
-13059
-26984
7165
-2924
25751
-21764
-1899
-20348
14279
7043
-30981
-2692
-30309
-9234
-1034
-12299
-27130
-12613
12274
-8555
-24351
7829
7318
4048
27798
-9084
16770
-19333
-15738
11133
14205
24202
-25863
24323
15607
21365
16124
-25348
3579
-27908
-32284
-8786
-18179
-9356
11997
-18692
-12547
24061
-27135
-16417
-13315
8855
1533
-15980
18071
-24068
150
17540
-26936
-26495
-12805
19836
411
9199
8439
16118
-12538
10426
13810
22681
-20255
27543
13724
14285
-12906
12165
15234
-5509
-13946
11901
6269
-14191
761
24579
-9482
-31111
16380
29948
4859
-27396
13797
-26706
-18179
9588
32476
-18180
-12291
24317
-27391
-28705
-13315
29339
6653
-10347
-26468
-26884
30870
-17788
23748
-23169
-10758
2683
-14695
-17940
17909
5876
-4346
-21575
-30991
30870
-7459
-623
13204
30411
-15978
389
6274
29308
-23162
7805
3965
11659
-29192
24323
10743
-19339
16636
-24836
9978
-26884
-32030
2220
-18435
-7309
14555
-24580
-13571
23037
-27391
-1826
-13827
-21353
-28676
20882
9364
-29444
-25706
-25468
5827
18814
-27398
-23685
1431
-28437
-13580
-18445
-4601
-29000
-5905
5781
-21797
-21615
7827
-5432
-14442
-7036
-5503
8316
9607
17533
12413
17802
-521
24323
-13578
-2444
17148
-22788
-27910
-26628
-23326
17323
-18179
1908
-23591
-28420
-14083
21757
-27391
29918
-14083
-9834
21500
-31086
-1388
32764
-4458
-31868
-31806
-17283
22522
-8326
-15980
1515
-29452
-29198
13320
22711
-10768
29849
-22823
30865
-12139
32197
-29546
16773
-2943
23420
1415
-28291
22397
-17522
5367
24323
-24330
2936
17404
-20484
3323
-26116
-18206
7083
-18435
-24973
24792
-29700
-13827
21501
-27391
13278
-13827
-32359
3836
-21102
21143
27644
-6506
-16508
4290
-4740
-1031
22651
10388
-4631
-11789
25330
13577
28854
-17426
30357
-8231
-24174
-15725
19650
32150
-636
-5759
-29316
-29306
31613
3965
24200
27126
24323
14326
-25228
18172
-12036
-17414
-26116
-3103
25513
-18179
11124
-19496
31484
-15107
19965
-27647
-19747
-15363
26005
11516
-18285
-19308
22012
-2666
-23932
21440
3195
24569
-20613
-12911
-9752
-3342
18161
5642
17589
9197
-25963
-3881
-8815
29587
8640
-28522
10117
-9087
31868
-15738
31613
23933
-22902
-12555
24579
-10763
-29067
18684
-9476
20987
-25604
-29983
26536
-18179
-3725
-20778
28156
-16131
18941
-27391
16605
-15619
-26473
-8709
-32110
21908
17660
24727
-8060
25536
-26757
18681
-21125
-3952
16616
20978
3312
26890
-13132
-6163
-13417
29142
-2927
-9324
-17477
-6506
6021
-3711
2941
-21370
25213
16509
-11892
-20236
24579
-26635
6007
19964
-7940
22267
-25092
15074
-17496
-18435
11636
-27178
26108
-17155
16893
-27391
29149
-15619
-25448
-15877
-8814
27029
8444
-19817
-2428
7871
5242
-27399
-27780
7824
8680
-8718
31473
-25589
-31308
29932
-5484
11736
-10605
8852
9147
29334
10629
130
-17284
23430
-21379
-32131
-31868
-1293
24579
-16396
-23438
20220
-6404
13563
-25092
-11808
-30298
-18179
5491
16854
22780
-16387
19197
-27391
-11812
-16387
-18541
-13061
3986
31121
6908
29335
-5500
7103
-32390
-25095
3453
6286
2792
-28174
-26895
-31220
-2382
-16406
-10858
-4393
-3435
-14441
-23624
30870
7557
-9855
-16772
-30074
15229
26749
-26742
11251
24579
6132
10102
20476
-7428
32251
-24580
16864
-31323
-18179
-32142
-3117
24828
-16131
19965
-27391
-1317
-17667
13975
508
-1390
-4715
-261
-21865
-1916
-2881
-31621
3577
-23683
-6259
28391
5106
-15889
-6644
14771
21739
11160
-11306
-24426
17560
23220
-28522
12165
13698
4221
-18298
22141
23933
-20597
-7695
24835
-21517
-21130
20988
-2308
-31237
-24580
993
-22107
-18435
13170
7124
23804
-16899
16381
-27391
-28196
-17411
-6505
-1797
22676
31894
-13317
-5225
5509
-3905
8316
-30728
-7042
14989
-6682
-26895
32495
-7666
-5454
17639
17044
7382
-3945
8854
-32336
12438
7557
-18303
19325
28550
27517
27517
10632
-4112
24835
32499
-10124
21244
2813
9468
-24324
-2079
-3931
-18435
31602
13524
23292
-16899
16893
-27391
-13603
-21251
-28778
-2565
-24938
-21610
-25861
-4201
1925
-17475
12922
31480
24959
-26998
-15131
-5136
28655
-31985
9137
-32281
-14953
2515
9366
8086
-29267
28822
-1404
5506
18813
31622
-27011
29309
-14194
-3345
24835
25074
25464
21244
-516
11004
-24324
-4641
24996
-18435
-23694
-17200
16636
-18179
15869
-27647
-7461
-20483
-30566
26363
32661
26009
26107
11416
-2172
18620
-7047
-23817
-17281
-15736
-14621
26351
-27667
-30192
25007
11751
8856
5329
-26987
-28522
-9815
18070
1413
6530
-31107
-25978
-18563
26237
-10356
-17426
25091
21233
-8073
21500
-260
-8453
-24068
-31522
-20062
-18435
-16013
-4657
4604
-22275
11005
-27647
28634
-23043
-1128
11003
-4972
-11370
9979
10136
2437
-13893
-2184
2551
8833
-3706
-31006
29422
17644
32018
6062
30947
1942
-23088
-15978
-5739
937
-3435
-3708
-8575
30589
10630
-11651
-26243
24972
-11539
25091
28912
-9865
21244
-4
-8197
-23812
3552
-9309
-18435
15734
31439
-1029
-23811
7421
-27647
-26662
-27139
1177
-4614
-5738
-18537
4347
5528
1925
-23365
30841
15863
-28544
22660
-11294
-274
-7188
-5358
-15187
-7965
-24935
6095
-30058
-26215
25763
2198
13189
5762
-7299
20870
-19075
24701
7060
-15893
25091
17904
-31876
20988
1021
-29188
-23556
26337
-3675
-18179
20086
17614
2300
-21507
9213
-27903
25819
-25603
-22627
-10246
-21610
4764
-24070
16280
18565
16059
-11912
-15370
-7040
15748
-6431
8686
-4885
-28396
-21076
-2078
18071
18894
-28522
-17000
32415
-29803
-7036
-19327
-12931
24454
-20867
31357
-4723
22506
25091
-21777
24185
20988
1789
30204
-23556
-1312
9125
-18179
-16522
29134
-4613
-25091
3581
-27903
-32294
-28675
-15463
-6150
4759
-30055
19962
-12393
-3452
-30279
13687
-24843
-5759
17281
-21281
20460
20969
10262
13482
-15138
6551
1484
12183
21911
31900
18837
-4476
-10623
4222
16262
-19843
-17539
-29299
9448
25347
14318
15993
22012
765
28924
-22788
18912
30883
-18435
32119
10444
-17413
-30723
-5380
-27903
-14120
30205
9114
26106
-25449
3737
1530
-8809
12933
-32071
31863
-8203
25217
-32384
-20257
-17684
-10775
23
-15190
30433
-14694
10698
-31850
-2406
-6248
4757
-11388
-127
16766
29574
-28803
31869
31633
28391
25347
25070
-13701
22268
1789
-18436
-23044
22497
-11356
-18435
16503
-31284
-17413
-29443
-3844
-27647
-8743
-29955
924
4346
-13417
-32613
-24583
-11369
4741
14520
-22922
-11532
17282
22400
-6947
19435
8425
3610
-22616
-6435
1687
-7736
-8554
-2920
-16234
-620
-10876
-15999
-20354
9862
-32387
-29827
4747
-23323
25347
6637
-648
21500
253
-24580
-23812
-30240
29859
-18691
19832
2508
-28421
-31747
-4100
-27903
985
26877
23192
-11783
-15977
11928
25337
-5225
6021
-5707
-24460
1011
6531
-18053
20443
27112
-30235
-741
-9563
-13095
-23914
9926
-2666
-27497
17809
-21356
-11900
-17023
-19842
10630
-31875
-30851
-3955
10211
25603
26603
7802
21500
-3588
-25348
-24068
12254
2720
-19715
-20872
-18489
14587
20221
-22276
-27903
15318
15101
10138
5881
-8041
11417
-23816
-20841
12933
30388
-24205
10483
7043
-136
7130
22504
13285
3613
-15196
-6950
-11624
6595
-12906
19097
3468
-30316
-11900
-20095
-6786
6534
-28803
-9603
2960
23008
25859
5098
30587
21756
-5636
-22788
-23812
-2851
-29792
-19715
25720
-30011
1531
18941
-29188
-27903
14549
15613
11419
24312
22424
-19558
-6665
-3177
6277
8883
-21390
3570
10628
21624
10712
-22554
-32284
-10976
23203
982
24724
-7231
-23913
-18793
-17017
3732
-14204
-21119
6015
-7291
-17027
-18819
4233
-27938
26371
3561
-31113
22268
-7428
28156
-23556
19676
20894
-20483
22649
22981
-18694
6909
25596
-27391
-30508
-4100
-23146
-31496
-7272
1176
17143
-29289
8325
30129
-13200
1520
15492
22389
-17707
17124
-20255
-20701
-29535
-12078
-32618
19134
13974
8086
20866
-6253
-11388
-25215
22143
2694
-17795
-26499
12430
-3877
26371
-31001
-21638
22268
-12548
-29700
-23556
20444
17820
-22531
16505
1987
29178
-3076
10748
-27391
17875
-10500
31386
32503
10904
11162
20470
-20073
7301
-9809
12656
-20241
-12924
-16014
15316
-17693
-8992
-28891
8096
-10542
-27497
7356
-3178
-23912
10110
-16493
-18044
-15743
-16769
-7803
-9091
-17283
-8049
8920
26627
16870
-2693
22524
-16132
27388
-23044
11995
-31077
-23043
-17799
14529
9722
-7684
2044
-27391
-11822
-14340
-358
-18954
-28265
-104
32757
-25705
15493
26798
27247
1262
8582
19056
10194
3298
-17442
2347
-12643
13259
-32365
-2119
-9065
-25194
7288
12947
-15228
-18047
-4225
-21115
7294
-21891
396
24277
27139
-6173
378
22524
-20484
20988
-22276
16602
-12134
-24579
-23430
19646
-9479
-14596
-6405
-26367
10961
20732
-4456
32246
4249
666
17140
24215
16773
-852
-12690
20973
-28794
-27540
-8496
7393
-5155
-27858
-2917
-311
-24938
-7754
-28265
-27240
-12943
27795
-21116
31873
10624
134
6526
32381
9619
31697
28163
4322
-14211
22524
-25092
30460
-21764
-11559
-19815
-24579
-27270
31675
-17927
-13828
-1797
-25343
7632
19452
10141
11766
27801
-5988
-12046
-10345
15493
-14932
-12690
30188
11143
-12437
13775
10719
-8485
9266
-11366
-26679
-23914
-18252
2456
15001
-15507
9875
25476
22145
29056
-6011
126
30589
-30832
-30003
28931
25312
22141
22524
-30724
20476
-20996
14297
-7015
-25859
-26501
-31814
27385
-28164
-17157
-23807
24015
11772
6043
30965
8858
24732
-15631
-27753
-1404
20393
-17557
-7447
15751
-22680
-10549
-1060
30170
4410
-14953
-14145
-31085
-26706
17301
21396
7526
-14190
18564
23169
32128
-9851
4478
-12675
-24433
-26934
-31741
-22819
-10372
22268
-31492
25596
-20484
29912
-8552
-27907
24957
13495
9465
-32004
-12549
-17151
-1331
31739
-27493
14836
28571
9629
-26129
-21097
-3708
-1113
29802
5097
-19834
-11419
10442
17116
-21542
30012
4246
704
-10090
-17494
-16237
-14187
-15264
-11118
22916
19073
-7552
-27771
8574
-16003
-9322
5318
-29949
-26148
-12159
21500
23036
29436
-19972
-29224
8087
-27907
8061
-13899
-6152
32508
-10757
-14591
-18739
-27653
-25697
14323
-11878
-5985
-7955
-19561
-6012
26789
16743
16613
-24955
9059
10950
9944
17622
28226
22164
21947
28563
20390
-13678
-28012
19290
22162
-26236
16513
5249
-20347
9342
-8579
14224
-26175
-24061
3292
32381
21756
13308
12028
-19716
-553
20119
28157
31870
-5964
1528
-4613
25339
-5631
-14388
-6150
-18533
3314
-11366
-1124
-28437
19351
20869
-13918
-923
-12062
-10875
16480
23747
-7467
20435
-15033
-2927
29107
-10607
-31326
5522
9106
-15789
16786
-27004
16257
26497
-25723
-4483
1918
-4978
14269
-15101
-23590
125
20476
7420
-10501
-19716
12247
2709
21757
27262
-9806
25079
-22789
-13062
5378
-18229
8442
12955
-28944
-29286
-613
-12312
-24937
21637
22688
867
-22303
-26492
-14756
193
11732
-14895
-6070
21904
-9548
11669
-30563
-22896
-29037
-12211
11154
11396
29313
-28287
19333
7806
-2691
658
-9289
-11261
-7463
6015
19964
-16645
27131
-19972
-24363
-14446
17149
-25731
-29008
-25866
23291
-28166
13058
25802
12794
24476
-23058
30872
2459
2534
-21609
-1404
25246
11618
9951
19077
-11430
-4163
21713
4303
-29615
-13939
174
20881
1691
-9328
13201
32585
-31599
2948
20097
-12671
8581
6526
-11907
-25462
13235
4100
-22313
30587
18940
-30213
-12550
-20740
22484
-25455
4349
29566
-19282
-23819
-16390
-27911
-32254
10952
12281
-10089
17390
-16487
-17254
-6941
6039
901
17052
-1185
22492
27781
7256
-8262
-31538
-12598
8790
2444
9383
-19312
27032
8337
-4207
-2747
9617
14724
17793
-639
17285
23422
11134
14734
22702
17668
-10539
-15492
18172
18171
-30214
-22020
-26926
-6001
-3332
11390
18091
-9228
20218
5881
-15358
16839
27896
15002
16108
12440
22681
-17183
1431
11141
18586
-674
7898
-23675
-26027
28600
-11317
-14136
-5031
13962
-8536
23186
-10605
29072
-111
19264
23697
1412
24705
14466
11909
10878
5758
19087
-600
26884
4564
8830
16124
-2566
26874
-23044
-23344
-22387
-14340
-12675
-7000
16116
-7
-6408
1027
9413
11768
-28518
19178
7831
-22120
13790
30103
-4988
-13417
-5795
-16170
-1147
-24237
-10828
28872
3270
-11936
-1913
-31586
22669
-13679
-22128
11920
15677
-20848
-2429
12929
28546
19845
31102
-8835
136
-24156
-11772
28369
4218
15612
-17414
-16135
-25092
-1586
-29301
-32260
15486
7847
-526
10489
2552
-28925
7363
2806
-15723
-11543
-12137
-29546
10972
3991
-380
28054
21854
-21291
15750
10065
22707
-12345
453
-27548
8326
-29028
-25201
-8306
12432
-6256
-29382
-30320
-1405
25729
-24702
25733
24190
1150
-32371
7840
8197
-23601
27261
11260
26106
-17415
-26372
18382
5004
30460
14462
26532
-28174
11769
5112
-7421
14786
10486
16281
-5912
664
18075
23770
8087
2693
-24684
-28580
-12334
32389
16464
-16464
-11324
21442
15211
-30332
8349
13200
27785
30350
21647
4917
15760
5508
29313
7555
2949
25214
7550
-3955
-19045
-29947
-51
-24963
8700
2042
13561
-28164
13516
7305
15356
-4996
-22366
-17167
-26888
-12297
-27900
-26176
-12811
-2408
23526
-26730
-13672
-13099
-6762
9861
19090
30810
5327
2438
16462
3501
-16959
27838
-5262
15234
18065
-16245
-27513
-23410
20619
-14799
-10865
8068
6785
30083
-12412
31614
13950
14474
6295
26630
18891
3964
3580
-19463
29944
29692
14794
-22650
-6917
18557
-29281
29680
-7689
502
-31739
4543
-17933
-8810
7653
22934
-14186
-8238
-20586
20869
25232
12633
-11828
-10875
6986
-10838
-20545
-21572
12661
-22656
18320
-23410
12675
16014
-23923
-11219
-28273
-8829
32385
27779
11141
-19842
-28034
8337
13200
-26362
32201
-22657
-2053
13305
-30728
25340
-568
9860
-19717
-19588
-22372
-13585
-30217
20214
-11515
-21315
26099
-15974
14051
-4971
-2409
719
-17770
1157
-9842
1880
-32054
7814
29513
20904
27324
20921
28539
12159
30607
-27250
31871
4749
21133
26410
32655
-19325
8321
-25213
-13436
-21122
23678
25229
19852
16135
-15929
-29314
-5125
-11016
-1033
20476
-11065
-19582
31739
12669
-22629
-6674
-18698
4597
-15354
15036
-16654
15768
12001
4246
-16233
24523
-24170
-7036
-13172
-31401
-16698
-31098
8263
-1628
1978
14774
-25727
-32643
10373
4748
-23426
-1652
-14965
10281
16527
-14973
8065
-6525
-8828
-25730
13182
-27765
24713
19976
-29499
8573
-11013
-26376
15863
11516
13766
9089
2299
28797
8345
-26387
5622
9716
-11769
6843
-19984
16279
15840
-31595
21142
-5175
-3690
14469
-15221
-7339
21446
-11131
-28860
-23389
-8008
-2636
-29309
-22917
1160
-17521
8057
-12149
-15732
10021
-11890
-28029
10369
2436
-22140
-27522
31358
-5742
15491
32008
21444
-24703
-20229
-3849
-2826
7420
-1595
25728
-4358
-1668
1431
8685
-21515
19955
12040
7098
-16399
7835
20957
-6252
32408
-1084
27542
-9084
10634
-171
10434
2950
19524
-21344
-7499
-21071
17290
6010
-9854
-8052
-1418
-1141
-117
-7646
-14706
-10621
3457
4484
-30076
-30082
24190
-25716
-2945
-30455
22466
23166
-24837
-25865
-30730
-3333
13765
-1153
28410
30589
13719
-8981
2037
12019
-28919
20920
19183
15511
3037
-5483
-13930
-8511
-32618
7557
-30585
22355
21695
-22650
15681
-611
25011
-21328
-29042
-13193
-30342
27019
5492
-16757
3979
-24800
20366
-16765
1921
-1917
28292
-14722
-20098
-12661
-3718
-29430
-26433
7038
-31493
5879
24821
-14597
-3390
-9603
-5639
-9347
-3438
24554
4852
10482
-31222
-26954
17389
11159
23258
11413
29334
-24130
9878
1669
-27770
16723
11710
8582
63
10652
-28751
-19026
-27248
32118
32125
-15986
-26000
-7542
30350
-21731
9614
-8061
9345
-21884
-21116
-18562
-21890
18575
-11660
-24822
-14147
-9856
20475
27126
2805
-23045
-18495
-8580
-15367
-20611
-14448
-19735
-19725
-10511
1547
-14411
-27923
-17256
-5672
10901
18840
-2375
17558
19333
10117
-2990
955
-1658
-9154
24473
-7506
-25428
-20329
-30604
4471
-1910
-31122
19850
-22135
7708
-22131
30083
-8320
-19068
388
29822
-26242
26248
-28559
19212
-19269
31101
13819
16886
28915
-32517
-24384
30075
22521
-1154
11664
21736
-15374
-16656
-7412
-6733
17387
-26988
-26921
-32619
-10603
20151
-18283
-3452
-14718
14929
10679
28806
31548
-26986
32683
11177
6812
-10894
-25233
9098
-12181
22410
5002
-8167
29581
-18557
897
-8572
32388
-4482
-23426
5260
-26771
-27635
32697
-8834
1787
-30731
-30221
6395
21695
14970
-17416
13438
-372
9703
-18191
10736
12046
-25166
-6936
32150
3541
9365
31126
11187
-4715
7301
-2175
21584
14262
-8571
-15557
-19564
-342
6568
-11106
21873
24179
32651
-21912
12424
-32375
14616
29837
-27773
-13696
3717
12676
-22402
-18818
-14196
32361
-12275
22968
-3969
-12550
245
-11278
5883
31166
4474
31992
-8323
-19317
1766
27377
21487
3087
21681
18921
-1898
-9517
2452
28566
-6225
-4971
2181
26495
-27057
3505
1158
-15557
8337
-6491
3235
165
32368
-16278
-17018
-9625
-28280
18822
5143
-4980
32387
-8320
7557
-3965
-22914
-19586
26245
-12953
-18161
4279
-18565
-20486
-27404
-16399
-20230
-27204
-10120
26615
17022
-26742
1764
-20241
-4115
11793
8112
15077
-22382
-13615
-26989
-25711
25005
-19563
2949
-3459
-23219
-2128
31877
-11976
-26737
-2907
-26461
10150
29806
-18072
-5240
12901
-30584
24967
13077
-6004
26243
-7040
21893
19076
-12674
-9346
-8054
355
-9201
-21067
-13954
20474
-23053
-12816
-29958
3516
-3466
8183
30333
-9592
9955
12527
-21780
-26607
-21330
17125
32661
15055
-17518
27539
9385
-17515
-7804
-12158
24659
21941
-21110
26171
-26477
4776
-32349
-20319
15471
21871
3725
24170
11152
-27759
11798
-23924
29315
-20096
31109
-10365
-8578
-9090
25230
24158
23309
-26704
-22655
32506
-13581
-17166
-17926
-579
-7558
-15369
18816
-13431
25316
-25105
4589
784
30895
-1050
-22889
6099
5784
-14182
27051
28821
9349
7297
-17837
-13392
7053
22072
28048
-24157
23458
27047
30317
-18589
26250
-13977
-1135
5519
29716
11404
-19325
-8320
-12667
-8829
-4994
-8322
20620
-17830
-12529
-15700
22144
24058
-32013
5362
20218
-8260
16250
23287
-8575
-22650
-28189
-9746
18157
3090
2734
24291
-4970
-2863
4505
5785
22439
12949
23685
-24705
16467
-8530
3981
-19147
-20851
15779
-23394
-26199
-23956
-19100
28045
14693
13968
-8305
-7406
-1141
26755
-15232
-25723
-19581
-7810
-9090
20371
24150
16656
32171
-12668
7162
-22798
14834
506
-3141
-29832
19191
-20351
21380
27362
-1042
19692
-7150
16301
-15133
-22630
11471
-6761
-6246
22435
13973
-1148
-18818
-3502
23724
23181
23093
11404
-25185
24476
-24402
-4502
-12957
17804
20064
16782
-23155
26129
-15221
16259
-9344
4230
-13181
4223
-16258
-11121
5715
27922
-6232
23171
7162
32242
-11279
-18951
14267
3449
-9482
-9854
-1662
3810
12782
-4117
-2540
28587
-23326
27544
15055
-8295
-26981
32671
8597
-636
-2180
25682
11431
20621
10292
-18552
31900
-11112
-32077
-22167
6234
5514
7774
12685
-3958
26896
32139
8323
-20608
27270
-16765
-12162
-20610
23950
6225
-1772
935
-1406
-13063
19954
-13840
5625
-23111
-32136
-3595
27779
21632
17888
-4372
10474
12311
-5718
-4642
-16745
-29491
31897
-24934
-24676
-7788
-4220
-14212
20307
-31320
397
8242
20361
16542
30874
-9038
-16536
6238
-25970
-1189
-16499
-28018
-1265
17035
15235
-10624
7558
-12157
8063
-14722
-12907
24395
788
-30044
-28793
-30215
28657
-22800
7417
11962
-1416
8438
-4478
-24705
25312
6893
-5399
-8426
-17751
12513
5020
-12853
-6247
-19299
6811
-8556
901
-18823
-29872
12193
9101
-28368
-29821
8344
-5741
18107
-19610
-4265
19338
18006
12171
10634
32525
1163
4739
-14208
-31866
19331
13951
-7554
31119
-12728
15128
-22366
7556
31225
5617
8176
18424
13240
-27017
-12044
-6524
6781
5342
9963
17896
15387
-30552
-1316
21656
25545
4762
-14437
9107
-24940
-13948
11894
26189
27804
-23412
12846
-14977
-18797
-20847
11456
18276
6736
30600
-32430
-631
6280
-3317
-26230
-8574
-31360
-22906
18307
11647
-25986
-14706
-32699
16411
-16480
4739
9465
23536
-30481
-29449
-13386
-10891
-5901
21637
-27526
-28196
12010
27624
11294
-26970
-16936
-4201
9413
23448
-1384
-26739
28564
-14972
30580
-26292
-16486
-22646
-7637
15229
-6767
399
5570
-26270
6483
17291
-27313
3209
13195
-1270
-7542
-10110
-12672
31878
11651
13951
-5506
13201
32065
-24805
23711
17541
-28936
26351
15599
20727
-29259
12661
18419
-7804
17017
-5158
10217
999
29215
-1116
28633
-18792
9666
1175
-25959
25225
-12396
-20348
-4751
-11702
21141
-4726
-24277
12409
-18035
-26229
-26169
-13472
-949
10631
23884
26760
4488
-15607
-7287
-1406
-19584
2183
9859
24703
-4482
23433
28478
26911
29085
-29567
9208
-22546
-29460
18422
-22861
26227
16113
-29563
28024
-12329
17894
31459
22307
2979
3796
-17773
1471
-619
6037
-3197
6036
-17788
-28049
-23223
5776
23690
-30680
29045
-23159
-1402
4299
27486
22597
28294
30025
30600
15495
-19448
-21879
-11390
-26496
6535
-7038
-31105
22399
-25460
20794
-7135
27035
12418
11511
-20500
-22550
1013
31409
-144
-29713
9860
5492
19157
25828
6881
3366
-5472
-31536
23701
16572
19093
-5227
30590
-2157
-6012
-25747
12105
1423
5258
-10458
-28557
-31353
21636
16590
-29603
-10169
5512
-18364
-1658
27015
-27897
6281
-8318
-17792
11655
2947
-28545
12415
3470
28982
28963
-13928
-2429
-32522
31723
22762
27636
-28497
-24977
10223
644
14706
-2861
-24349
-6432
-13016
32671
31952
-20075
18616
20372
-23147
11896
-31597
-6524
-31125
-6329
-26232
-8310
9766
16495
29059
-3968
21459
32603
6206
-638
-1214
25223
645
11015
-6776
-21118
-26752
24711
-20094
30591
17791
-22138
-21453
-20184
19862
-3969
2038
27882
-1049
7411
18605
4718
-3860
-22652
12399
-12080
31713
5599
-22995
29853
3785
28049
-14410
22932
-21870
-20363
-30061
-20604
8810
19270
19845
14730
13348
-10900
-25472
9087
19669
-5799
25661
12933
-5824
-24955
645
27910
-28024
-14462
31872
-22649
-17278
26751
26751
-30581
-32464
-29654
-18028
4739
22005
-27160
-8219
12018
7083
-13974
20715
-18558
-660
-7474
15839
-17189
-18385
-22373
5577
4244
-23373
-11630
-18029
30320
-28525
-11388
25704
11334
24195
-15735
3876
-28566
13951
124
-13608
24920
-20675
-2428
-11204
-8572
-18812
-17659
14472
-15486
14720
-11385
-17022
28799
22143
-24181
7981
-29395
-28014
20355
18164
-25881
-21276
18161
-22104
-9367
-23062
31106
24938
-2868
-1315
-2342
-18125
26010
-5689
25235
-7761
19346
-30829
14443
12691
-10108
5477
3653
-9347
16263
7972
23400
5500
-6024
-16420
23126
-22988
30592
-28869
645
-5760
-30715
-11897
14722
-29056
-1657
25218
-24193
27519
-11129
24618
-15566
11407
15233
-17421
-27674
-30493
-8465
19878
28008
-18200
-3200
-22168
-2870
-12325
27609
-14792
21912
-25920
20625
-15955
-23406
-21871
-26519
-622
26500
-6300
9541
25467
-14199
-26849
-7325
-31113
15477
26846
21076
30516
-32381
-6857
-21628
19844
-17148
26247
8322
-23424
11400
16002
-28545
18303
7055
28454
-31180
24460
-4220
-10510
-29980
-20765
-10258
14246
-4506
17896
29570
-15515
-31031
15579
20952
6459
32406
8129
27029
15786
-13167
2708
-29086
-9326
26244
12643
30788
30583
-20855
-30176
-21407
29556
-26512
-11295
2899
32563
-9598
24373
-16509
-24701
18436
135
898
-26752
-31608
18050
-7041
22399
-15734
30244
-25031
28298
-32381
17138
-24349
-15903
2029
11172
-14491
-28442
-9086
-9116
-28473
-15655
-23082
22080
-6508
702
17810
-31065
-27503
-21614
-2723
23186
16004
29792
-3006
-4496
8842
-14308
-26788
25967
-25745
-29980
-25008
12843
-24704
-23246
19074
30335
-14077
20358
5250
26240
-25976
-1919
-13441
-14209
-14200
24609
24126
-19834
-7294
9201
15842
29919
-20758
28834
30564
-30749
21891
7265
5060
27606
-27949
-3004
-10350
10678
26257
19876
-13424
9617
21080
-5231
21124
-16802
-27072
-1940
3978
18200
-32168
-6038
-23704
27877
11598
-23765
2181
7981
15490
28802
8707
19078
-639
-31616
-17016
-4223
-32641
32383
-5489
23836
-31170
1922
31111
-17169
16608
-14114
-280
-16736
-18334
-30494
25475
-28580
-28735
-17452
722
-28858
-27760
19894
14997
-21090
-21360
32147
1359
8850
15748
4188
16448
-26009
-4727
-18920
13141
2406
-10395
32233
-2484
-18138
27521
-9685
2945
31360
-2302
4230
20354
18048
14217
-7807
-28289
31103
906
7707
-14778
-9601
-24189
23279
-13857
988
12774
-28002
-9887
-31009
-13693
-6821
28607
-815
21967
-15026
30095
-21585
-30575
-14692
16528
-23920
7756
20882
-18556
20058
-23490
-32160
22666
22549
7760
-32159
9568
-24085
3658
3105
3200
17705
19841
-10369
-20734
-3963
130
-32128
-30583
-13695
-2945
-30849
7561
-27880
-2229
27515
-31101
4078
-20770
-12326
29411
2973
22112
11997
7300
-5545
-24388
208
-15924
-19117
-22387
-12888
22161
15769
-29296
19089
-5050
-20078
-29308
-28584
5694
-26531
15242
7444
1102
-23458
15196
-28435
18504
12066
-11134
-23003
-31616
-24701
30978
1670
-5759
25728
-31607
10626
-12161
-15233
-25460
-8171
-12977
-27528
-3195
-24852
-19236
-11303
25825
-870
12127
24027
-24444
29781
18362
27853
970
-25512
6796
30633
-6510
11412
-13681
8594
26689
31635
31364
21077
14397
-16811
19594
26643
-5560
26456
24663
-15120
23110
18972
-1410
19235
6271
-31107
20738
-28283
-2431
12160
-5751
-15743
-12929
-2945
-4476
10516
23385
-31116
20098
22251
15579
-10281
-25635
12440
18524
24024
16005
4691
-9290
18891
-3384
-5535
-10104
21150
4750
4241
-20593
19342
1341
32403
-24444
-19629
11068
-26286
17034
-20463
15942
-9388
18259
-6159
24900
-6119
23678
7714
27775
19070
14338
29573
-19583
8832
16010
-25727
-7809
-13185
4233
-7151
18269
25969
22404
1257
22232
31189
-21030
17558
12635
29909
9861
-9650
-25421
26055
-3645
-22171
-6010
-27493
8848
31630
8591
13712
-30407
-25453
27012
-8624
26427
-18095
8837
-20462
17223
-3498
-5293
31731
-22717
13339
11904
31009
20864
4737
11010
-24444
6018
-3457
-28534
-24959
-13185
1152
2185
11280
6752
17263
13956
12263
-6698
-5164
3290
-22639
-30378
-1326
638
-26546
945
-24123
-9022
28523
18820
4507
-31858
28809
-30836
31629
-9930
5779
-9084
32595
-11201
-15024
-24433
32530
-8636
2130
-17584
5364
23106
31510
4734
-20958
-13692
16002
5378
18564
28289
-8065
-1910
31873
384
5504
26246
23822
-19104
31333
-3453
-21018
29909
25810
-32042
-19564
-27812
13266
-22136
16461
11184
4292
-26688
-17043
-3453
-12654
-10098
-11892
-15726
29840
-32461
16787
18564
-7344
14142
13646
-32113
-30705
-23231
20048
-1201
-5388
24896
-18667
-20865
-13793
-3454
-15231
258
-25981
28801
-10369
14475
27265
4480
-9089
8588
-28660
-9629
-14239
-17273
-29724
5587
20178
213
-32110
18778
-26159
-23416
14153
-13139
-5694
14529
9841
-8063
12945
9617
18055
-3184
-15728
-9938
-12398
29316
21584
-4802
-1974
8335
6160
2367
-9140
27211
25590
3647
-14827
13184
27933
-28798
10625
-2047
31875
20353
-19841
19339
15489
4736
19584
23692
-30965
32618
-8865
23176
24802
20433
22735
6097
17041
-6566
-7475
-24184
-22969
11434
-31298
-18245
-8585
-32640
8080
12945
25732
26769
-25455
12332
-2414
23940
31054
-21954
-188
-369
24591
-20421
2375
-21946
-11273
22589
3857
-21124
23836
7043
-28289
-4095
-4478
21121
-3457
29579
6529
640
19840
6537
-19190
-10894
-13989
17286
-10272
32463
-17971
28876
-30577
20825
2506
19081
-24507
24999
10683
18104
21375
10366
24453
-29297
-16767
32145
14480
-30167
-13422
23684
6477
-5826
16707
12687
17167
29498
-9146
16708
24568
-14020
-13807
8575
-5094
-3711
-31616
-5375
-14718
19329
-20609
2188
4481
18560
18560
-21361
2826
-25482
29018
-15479
-18210
-19507
-8755
-15157
-883
-424
-15159
24456
19012
30630
-13125
-19528
30850
12157
15240
-10862
-18562
16784
19602
-730
-20590
22916
-27573
22846
2112
28816
-10483
-9674
-14270
-5056
13049
-6086
7184
10879
-12776
21123
-20863
-7167
1922
18561
-9857
-31861
-5248
6784
22912
4492
-6904
-29318
17238
-15224
11229
8908
-27190
-10810
8076
1624
32709
-19831
18498
-17502
23479
7092
-16249
-9862
31361
6800
7547
-4720
-6000
8227
-15471
12932
25417
-20163
-20678
-12400
-14581
21811
30782
-32195
-3591
12857
10765
8829
-20201
-13950
16256
-7679
-26495
-3200
28287
4748
-18048
25984
30848
-18807
6920
-13185
-18095
-11897
18139
-14902
-10809
-14399
-9847
-28074
27585
-5751
-10946
-30305
1204
-16719
4237
17273
-18312
-7538
-27784
28304
13456
-30688
-26223
12164
14152
-9668
23098
29584
19210
1074
12862
3132
17146
-22473
14606
12417
32533
-31102
19332
-8191
-10368
-16768
-17025
-7541
-19072
23680
-18816
9872
12039
-19328
2895
-23668
-28456
-4665
-12601
-28992
-5496
5718
24000
-16503
-12740
-28515
-25422
13486
-29553
18551
15483
14738
884
-18545
-18542
23837
-8304
-4733
-26810
-9155
-15307
-6766
27657
29742
17210
-1223
-9478
-20171
-4341
-27266
29203
27010
24961
-8703
14208
4993
-17793
31116
29568
29568
32384
14475
-26106
10630
18763
7562
32726
-12090
27845
30140
14727
20565
-31300
-18037
-26822
21402
-18001
-4436
-26732
19829
6259
19343
625
-19823
24466
-7398
32656
20868
-2236
2109
21554
17554
-21495
-12243
1849
-15562
28923
24116
19978
-26243
-6381
32130
-21632
-8959
-19585
-20096
-15489
32396
28544
-20864
-15744
2955
5894
10379
3143
-1399
29652
14277
-10300
-32585
388
10065
32184
-26998
8761
15255
172
-2648
21146
-654
19820
29582
11375
-2672
9360
15641
8336
-1405
