-4708
9094
28151
31982
3054
-11019
17074
-26256
-29199
-13179
8049
-15658
-27674
-25373
-3805
1955
-28463
-27496
-22338
-14441
19865
-4224
-29287
19077
-20607
-2690
-12666
-10371
29053
-31851
28637
26115
9191
-9344
2044
-3332
-4100
30460
14046
-21346
-19459
23932
26559
-3590
19965
-16644
-27391
-28714
-516
20639
-21860
-18810
3319
-28947
12268
29429
-28240
-20113
-2064
-7292
-12689
30421
-21532
15074
-24283
-19295
-12590
20632
-31813
5782
11416
2429
22169
24965
-20863
-32129
-19834
7294
-25475
2710
-31781
26115
14567
7041
764
-6404
-10500
29436
-25123
19870
-20227
-5252
-18242
-19718
3837
29948
-27135
-25131
-772
2975
11931
-30590
-11530
-15380
-8471
15092
-22098
13166
17135
31620
-2962
12243
16867
-29216
30249
-14176
24780
29076
-12869
32662
-18027
-8325
23705
14213
31873
26495
-32634
-11139
-30595
6034
14043
26883
-4890
29566
-261
-9732
-24580
28668
-1828
-23907
-20483
14973
4030
23546
1277
-31236
-26623
725
-24580
19869
-32359
-15227
25078
-10517
28138
8436
8366
22380
12015
-637
9325
9939
25571
1505
-32215
-11617
-7219
-29801
-28488
4757
-5226
31864
11673
10629
-22911
24191
28038
-7299
-21379
-18280
-6440
27139
8934
-7551
-1285
-13828
-19460
28156
2525
-6244
-20739
-27268
18108
24058
3837
-27652
-26879
-31532
-16388
11425
-8552
-9851
8694
21227
3305
-8461
21421
19820
-20498
2436
-7317
-18223
-4895
-32545
28715
-9826
13262
7319
12983
22421
21911
21366
5017
15493
-15231
31871
28550
-19075
30589
-14188
9175
27395
-16667
-2177
-2309
-15364
-27908
27388
30684
20636
-21763
4733
4284
7418
-8708
19708
-26367
9428
-19972
30878
662
-6781
-24331
-25622
-26136
17395
-10069
18538
10222
30596
-22422
-20016
-21535
6368
13102
-30307
-6201
10389
-14155
2965
-14443
32116
409
18565
-22655
-11393
8070
-13955
-31363
-5998
1238
28419
27108
9343
-3077
-18948
32508
27132
-21541
5787
-21507
-26243
9659
-3079
-6916
30972
-25343
15571
25852
-31587
-7019
30855
19445
13289
29415
-17423
25258
-5015
2028
-26493
30567
-20018
-31009
31197
-27345
-1636
6090
-30311
-1615
20627
-21867
17774
-1640
19077
3970
-9345
-25722
-8579
-21891
-15976
14803
28931
32228
-21118
-4101
-26884
-30468
26876
3291
-29543
-24323
23676
18361
-19975
-21252
14332
-25087
4306
-24068
19616
19348
29061
-17164
-18200
26342
-14863
31144
-12443
-18453
-25726
-29081
-24372
19165
-20517
-1746
21403
-29752
29589
4786
6803
-1389
14959
-32104
6533
-17791
-11905
22406
-20611
29053
25233
14289
27907
-8988
3966
-4101
-27140
21500
26620
19926
-25455
-25859
-4999
18359
505
16380
-13061
-25087
20688
17916
14491
-10350
23683
28403
1767
-16669
12785
28327
-7323
32490
27521
7527
-26677
-5668
-39
-1996
-3943
-32061
16275
-19792
21138
28051
31597
22680
4229
-12415
3456
-25466
-9603
26749
28048
29648
31235
-15901
27005
-5637
32508
2812
26108
-3627
-23661
-27651
-25735
12982
-3592
19196
-17157
-21759
7376
-1285
-3174
26513
-26233
29682
-13083
-3613
-4368
6566
-13212
21482
3201
-31387
-24886
30172
-26662
-9931
-10088
13510
-8042
-26964
6800
-17517
-10905
20120
12421
-11903
22912
-28282
-13699
-15491
28307
12749
31235
5859
-13441
-6405
25852
4604
25340
-11819
-14189
-27907
7545
-5708
-12808
18684
-14597
-20991
26575
5884
-31332
8079
-9084
19954
-20764
9953
16623
-1884
16740
-32536
10625
32612
457
17627
-24360
2873
4504
7362
-17773
28588
-23919
-5486
-1947
-8297
-5756
-8575
-32384
14726
-9859
29053
-5749
29387
-32509
-28190
-28037
-7429
15612
-23557
25084
-26412
-10351
-32515
-8328
-19020
19192
6652
-23813
-17919
15310
-22789
-361
-8308
-15740
-30223
-13085
-33
-8979
18851
-20893
15335
31617
22114
6343
28377
-15146
25659
-2410
-6467
-18285
1963
-17775
-23150
23139
-10857
7045
-23679
-28800
14982
-12419
-28291
-19569
5577
-30205
-25631
19581
-8453
9468
-30469
24572
-1325
-18544
30973
-17288
-19022
-9481
-10245
21499
-15359
-27443
23547
24730
23691
4999
-4112
-10014
21984
-18963
6563
-12190
20711
-25983
25441
-28474
-8744
12246
22588
8086
25792
21909
12968
32145
-13421
29535
-19561
10629
-5503
-8832
30086
-9859
-28547
-1392
-4155
-30205
-17184
29310
-9221
1532
-27397
24316
5332
20624
31485
-12424
-14671
-14089
-13061
25083
-14079
-52
27387
13723
-27001
-3197
6385
-11550
-20260
-28436
-15711
-2974
27621
-9598
608
15044
-9770
14805
577
-21100
-25671
28561
-25944
14995
25234
-25507
19095
3205
-12415
-2688
-2939
-11651
-13955
14730
-18493
-25085
13023
-16006
-9221
-261
-16646
23804
-22062
28814
23293
-136
1201
-5130
22267
-4870
-7423
-3125
-28934
-14953
-10875
29829
-4369
21985
-4387
10987
18593
-23967
-10780
-22398
-17571
-27453
8150
4563
-8382
-20077
9400
3476
-14939
15250
4500
22873
12439
8837
-10879
12417
16774
-10883
-6531
-19313
8640
-22525
17886
-14979
-11269
-13061
6139
23804
-27438
-25459
25597
30072
23214
-4106
30715
-11782
-4351
13259
-17926
30618
-10109
-6010
24559
12256
15837
-5398
23712
-8608
20196
-3198
-11684
23490
-2347
20691
-6843
24466
-24136
26004
-7517
-23918
-21869
-13739
13975
-4476
-27263
29057
6534
-11907
-10883
2192
-19268
-19453
4317
-32386
-11525
-22021
-7942
23804
-7471
32396
23037
-4232
5038
-25866
24315
-24582
1538
26314
-25862
-24678
-14465
24963
-7442
-25889
-29476
-21016
-10338
-6048
-23326
25988
26971
29888
-19245
-30767
13387
-11632
23728
-112
-27229
-30061
21138
2132
-6250
133
-23167
-23167
-1403
-7299
-10115
2445
8122
-9213
-28198
-4484
-12805
-30981
-23558
23548
-17968
-1142
22269
15225
15276
10998
11771
-19462
14338
3017
-14599
-3688
8064
389
11758
5086
-18212
-21530
-20837
-19111
-802
-3453
-17069
-20550
-1586
-28466
6220
10382
27052
29074
-14694
31376
-8816
-22718
-8810
4229
-6527
-32127
8838
19326
-27523
-30318
-10825
-1021
-6439
2175
-12037
17403
-12550
23292
-21299
-1661
18173
-21129
19366
-2060
-19718
17402
16642
-24378
31993
1179
3963
22919
-16403
27614
4061
6119
22686
-22687
6881
19078
5210
-2626
-31023
-28209
17232
-882
6833
26516
18334
27795
-18029
3404
30102
-5756
-24703
-10111
5766
19326
3966
7057
-9294
-2301
-9002
8320
-12805
32507
4347
23292
29391
6027
18173
122
-22103
8694
-2054
-26118
29442
-14393
-16903
24731
-137
-31355
-20244
27613
2523
29412
-9316
-15008
-20514
1159
-29609
28348
30415
-18996
-7851
28557
27816
-6510
5020
-27245
32402
17224
-1387
-13180
-29311
130
-10107
28798
-387
3728
30127
16644
5589
12671
-15109
25339
-18950
22012
-7730
23945
11773
-31110
9383
32501
-26630
4602
-16126
-7482
-14856
5019
-6539
5513
17131
-27173
-23077
28131
14236
-31648
-15395
-21626
13141
21435
-25138
-3638
28503
21900
-18262
-23146
4249
-26478
-19820
-15292
-9835
-15996
31105
3970
-2171
16510
14462
-21609
-26198
18180
-23853
-16765
-17669
9979
5627
21500
-23602
4746
9469
10363
15525
16885
-31494
-16903
-9982
-26426
17913
-22626
4468
-27001
-25110
-23846
21720
7905
-13670
-29600
-27941
-28793
19028
4281
8652
18376
-21157
6539
-25946
-23149
6039
-15726
-25197
26946
22165
-8572
-23167
-29054
-19579
-31618
-14467
-12143
-32601
28164
-10030
-9088
-18693
-6
26874
19196
17614
28297
-2564
20092
-2396
25332
-7175
-8968
9219
-30779
14584
-15973
-26768
-13434
-26391
-16167
17367
26846
-2920
15199
-4904
9864
-14767
31926
-7479
14790
-22689
9097
-15969
-12142
-26219
2195
-20078
-15809
-30059
-24188
-25215
-29310
-19835
2430
8574
18577
1188
-18428
-6960
-25216
-20741
-7942
10490
17404
22989
14217
-12036
-27012
-14430
-18189
-29191
27896
29443
-31036
28151
-10853
-22418
-26230
31720
-10537
29398
-7714
-11880
17759
28376
-10617
-27568
-27979
28105
7876
10592
-2681
24739
-11115
32147
-622
5526
19004
25749
-11900
7041
-5246
-20347
21630
25726
-32364
30367
-22524
-9777
-25726
-21253
-29446
4858
16636
-18739
-11896
-18948
-15492
21410
21235
20217
-24073
32515
-9789
-16393
11421
-149
-18297
31975
17623
-10796
23004
3479
22622
13014
32392
10319
-9806
23751
-2621
-17819
-7546
18845
18322
-23407
-7022
-26221
-5062
-23148
-5244
28289
899
-32379
25214
25726
32397
-27236
4101
30413
30335
-24325
-31494
32249
15100
-24116
-23929
-24580
20350
-28255
32498
8441
16888
-253
-12606
-25866
8089
3945
10376
-12826
-16939
-15405
12249
-14699
20317
7892
-3960
-10931
12465
-828
-10048
18537
28293
-2153
-19822
5262
12178
2450
2615
-7276
-23420
12417
15491
-16251
27774
13182
-12911
23961
25349
-5685
-22143
-26373
9978
29945
11260
-3381
-9849
31228
13182
-26210
-5647
-29960
32759
23556
-23359
-12299
-3173
-13209
-17527
27621
17876
-21806
2008
-4204
13661
16595
-23672
1356
-32593
-18749
7360
-14485
19588
19098
-19565
-18294
16018
9875
11315
-26476
30340
-26751
9603
27269
31614
25982
21651
-8556
31237
-14390
25218
-28165
-6919
5113
9468
-18997
-15225
24060
23166
-22883
12017
15608
8439
-24316
-1088
-11531
-14948
-6294
-16255
-17693
1746
30416
19923
25485
-10673
-28470
4744
3140
-11612
5306
30905
23669
8063
24458
-15734
-24192
-9588
8330
2853
24212
27524
-27775
27523
20101
-18306
20606
-17527
12950
11015
-11062
22907
-28677
23545
-11272
2300
-23099
16507
-12549
29309
26263
-8979
-23562
5110
-10235
32188
17394
29589
3938
-18296
7139
-3375
30673
-27181
14738
-9637
-10033
-20599
8265
21420
1985
-5187
9587
898
-19312
12178
20616
20626
-23919
9519
18324
28804
-26239
-30845
-31355
21118
12414
29586
29838
14342
-4666
23170
29435
25337
5369
4860
9930
1413
14588
23679
7835
29168
4344
10743
-30459
13247
5108
14236
30816
2186
-26654
22993
-28464
-11053
25746
11356
17103
1674
-15032
28587
1216
-31555
17780
24705
31122
-19054
647
9875
11667
-3539
-9069
12164
26241
-18557
28037
-26242
-32386
-8302
23179
13574
-7739
-7038
29691
17145
-19464
2556
11210
-20090
7676
-25985
24986
-9233
23543
-14346
-19963
-16706
5364
6556
-7075
23942
-31
32464
5326
15567
-4720
32091
-23349
-14454
-4793
-2648
10173
-13383
-14471
8064
-17016
22159
-17275
-22381
11152
26667
-30573
31108
20353
-637
27013
-24962
22142
-32113
21129
-4346
-7741
-13696
26619
3577
5112
-6917
-30264
15493
-16645
12928
5528
-274
-8714
-29963
-32762
-29763
9458
-21094
-20132
-1911
-6688
-11825
14287
16079
-9840
32347
-12341
-21365
4165
-31320
-24643
12985
24697
4735
-8311
-2670
-21117
14741
20117
20010
-24429
7556
15489
2180
5765
-31618
-20354
30615
6021
-6906
29634
31621
24571
-17160
-31496
-6149
-2360
-12668
-10757
29568
-4202
4335
6135
16885
28422
9661
-26894
-1122
-30373
-22135
15584
23759
11983
-7731
8848
-28837
-5430
-31604
-24764
24743
-13380
25529
18814
-131
-24951
-24430
10624
26260
3221
-14553
9107
-4733
19841
1156
3717
-26498
25982
-30317
3970
-29177
31424
-28541
25595
-19720
7672
-8453
-18744
-21372
-11013
26241
26006
-25874
-1802
-3595
14343
17340
16626
-21348
-13733
11910
7903
26574
-8754
32714
-24177
15961
-4666
-19829
27715
-11100
-3143
-13898
-7805
-16517
-643
11919
-10628
13714
21138
14118
6291
-2941
10113
13956
-30588
-18562
7294
-7278
16001
-3320
18110
21123
27131
-6664
-16904
-13573
714
-15740
-15621
-23677
19861
-17938
-6666
23797
14856
-7749
-529
10397
10844
-29815
-27427
17357
-31026
5578
-4467
24409
-31546
11147
15937
-10077
-23112
-2123
26757
8827
15747
13459
-26759
-12657
8082
-13277
4499
132
18561
-22396
14725
-19330
-27522
27289
-8067
1801
29118
-23418
21499
-18440
-11016
-15109
21961
-26492
-20229
9347
-29805
31470
-26634
8693
-31480
12987
-28431
12192
7515
28551
-25636
7372
-4660
-3130
-28532
31832
-17213
8075
-13503
4514
-27978
5301
-31862
-21639
-24961
-17521
-17289
24976
-23664
-25310
-26478
9348
14209
16260
4741
-19330
19070
20371
25212
-3575
-24900
32643
18939
29688
-14600
-23301
8136
31875
29947
-22397
32147
-531
24566
32245
-26871
-25671
-11025
-20324
-19369
-11130
4571
-18230
-16182
12484
24458
-2986
-64
2955
-28098
-4450
-7244
-25166
-16500
14456
24952
11151
22645
-27761
-12401
-22752
12434
6020
17793
-28028
-4732
-11138
-29826
-14446
-19592
30218
-20294
-27261
12795
13560
-2057
32763
-2106
15490
4859
-4733
-29808
26092
-27915
11252
5642
-15944
4078
-4964
31832
-30838
-24872
-18488
28872
29378
12169
-4781
21695
-15991
-10180
-1891
24499
9135
4237
-6025
22909
30609
-25230
20366
23697
24607
9362
-4221
11905
-11900
4741
-11650
-32386
14483
-139
14602
-25924
-12925
-6
31479
11255
23035
18367
19312
-23558
11394
2700
17643
-24844
30706
11018
-26954
-18194
-8038
12119
21127
21464
-1081
25029
21184
-25977
21077
-15684
8330
22845
-9317
2736
13485
-16750
-16010
-25737
9102
113
13454
-12914
-17635
-13935
-18813
10881
-18044
2693
-11394
22398
23181
17269
-20725
-26182
-8832
-2822
18167
-24843
15355
26820
-25215
15098
21892
27535
-3351
18163
27889
-29685
27319
-18452
921
2646
135
5847
3271
17606
3006
-8570
-10669
29115
4234
-2757
-24678
3248
-6996
-18029
-1675
-23693
-20339
29808
32397
-12404
20765
-16495
-15485
18561
-15996
-11900
13183
10878
26769
16499
3596
-19783
-21118
-13062
-8202
9974
12539
16836
-14977
27386
-17533
17294
-5143
9972
-20750
-13301
15542
-12821
-870
24661
13449
-24107
23749
15300
23485
4742
-27309
-11846
27529
-19654
29849
20911
-26453
-5227
17781
-23434
6799
24685
14477
-15987
-8166
-19567
3460
2689
1413
-9084
11647
-19330
32402
9071
14092
-4680
-14461
-15622
17398
-31243
3579
27075
-3969
2810
-7294
2700
14569
29171
-16911
25356
-22603
14060
-25957
-32173
645
26581
5573
6082
-2886
-5500
17490
-22857
19338
-11718
12695
19116
-13399
-23655
116
29038
-22390
-32148
19853
-6518
-17894
28817
-12925
897
-636
32388
-1410
-30082
15244
-4755
18957
-25673
-29313
-16134
10742
-11788
-5638
14786
16254
-24327
-20605
-8565
2792
-26894
17137
28685
30644
3561
-5225
3154
6791
-17965
24003
-6975
-15175
-9085
23633
5559
-10359
-5320
16790
-29268
22953
-22631
11891
20334
23437
30315
1421
-23924
-16871
31889
5764
-640
13701
29060
-6530
27006
28305
-406
14349
-24394
-21118
-23814
-26891
13812
-11014
21697
9341
-27655
-17022
-9335
-32537
31986
10481
28429
-15949
-18455
-12390
-31662
-8825
-24366
-20030
15297
1209
900
-18351
12214
-30327
29497
-16491
-2646
10920
19100
-28814
12145
32397
15209
-14452
-20340
-8680
29072
1668
7041
13701
-4732
-9346
28286
26257
-27543
-9715
-29002
-22910
-31494
26613
-8205
-14598
-7744
14973
19193
-29310
31881
999
-11535
6896
14862
5811
-14615
8602
12112
-10109
-3375
-21311
-31809
-31563
-16255
22096
14770
-3447
-9673
4499
17832
29605
11936
7025
-11673
-2679
-5528
-20851
17547
28952
-30064
-17789
-11648
-23419
27524
-19330
29310
4238
-13721
26639
-4428
-28544
28922
-3596
18931
-30982
-1090
15994
-12552
-895
-26233
-4379
5617
21231
30479
-14927
-2586
30360
1615
6791
-13873
9920
-30017
4789
3969
27983
-17487
-25207
-31690
-18798
17320
31909
-8289
12912
18281
-10612
-27290
-4212
9101
-12010
-25712
-19581
385
-17019
-25468
13695
-22658
14229
-28828
-1778
14004
-13436
14842
21236
-19981
32250
703
19321
-16136
-24959
27270
-5147
15089
-3346
24079
7089
-18969
-24932
27726
22407
-15922
28351
-10562
10162
-30848
10319
-1617
-11383
4151
-1904
-2394
22948
-19805
30831
-28823
23180
-30876
1164
19851
-27883
-9840
-25469
-128
31365
32644
-2946
-21890
-23152
2659
-497
-13646
-24958
10490
16628
-8462
22266
-32323
633
-24072
6274
18565
-22556
-12816
21232
-21744
10672
-6938
-26215
-1461
-28283
18894
26046
-21060
-11090
-7042
79
16044
1162
-23499
-26226
20388
20897
21414
878
-1695
3979
3940
-28021
24969
4885
21392
-16253
4225
-22395
24196
-10370
25470
9103
-10144
5137
18353
-20607
3322
-5901
27122
762
3516
-7305
1784
130
20100
-12061
-7953
17646
-24815
-1874
28900
-3944
-13237
27017
27851
11452
30652
24238
16254
8270
21677
12169
-18125
-1395
-24668
20640
-27737
24941
13670
32142
-16799
2442
-27253
-11757
18832
32643
-4224
-14203
21892
-386
27518
18837
-29859
21777
4273
11910
-12807
14579
-2575
-3847
-1605
-19849
9976
32385
-24702
21731
5616
-12307
5394
-22354
18406
5532
25924
1163
-16947
-11075
-25154
-1616
-16767
8275
3249
-16243
6967
-10352
26790
27554
-3420
22638
31079
-370
-9624
-14703
-15983
31765
11152
-21629
-6784
-1659
19844
-6018
-27010
-3439
-5541
17935
5037
4229
-3079
-27405
10994
8186
-4931
-26247
19192
-19325
18053
-11805
-7441
3821
7953
19631
-10779
-24934
-31422
-2935
-5940
-28227
-2627
-15699
20353
-4526
14510
8591
17205
2703
2468
4512
-16217
-14740
-27807
21902
-923
-32110
-2928
-1005
-5233
-12925
-896
-10107
9604
-1410
-6786
13714
-31655
-27376
-16982
-19836
-16135
21491
6898
-11527
-7236
-7047
-6409
29316
-2686
15331
15599
-20244
10002
11694
-8221
-21606
-8895
-23411
19914
19644
15805
-25941
4480
-28846
-16979
-3698
27955
5262
28067
18590
-22872
13164
5734
9617
99
-3184
10643
26642
-29041
-27773
-2944
1670
21124
4223
-2946
4501
10325
-26096
13226
4231
-22279
-2318
24817
-23303
27324
28793
-18697
-24188
4226
-21790
-6674
19435
32530
19629
3813
15260
19522
-16504
-29495
23995
5564
10152
18813
-177
-15448
18830
-8142
-30070
10400
20636
-19537
-3991
-15012
-20597
-5027
30861
3981
3857
22159
-13181
2177
-31610
10884
4479
-28802
-25458
-32685
10260
21159
-21629
-519
-28941
23793
23801
-22853
-12423
32247
7047
6273
-8223
-28946
-12052
26389
13996
4833
-31848
26176
23176
17607
-2375
18363
-6492
-4485
30799
29349
-12659
-10193
-7545
17821
-32614
13234
14953
-10920
-18549
7259
-30068
-16245
24592
20111
26499
-3456
18310
4740
22143
-8578
25235
-21936
18965
-21595
11397
-22535
499
-21518
12281
26555
-9097
23031
-30842
29310
-16671
-19474
27885
-30698
-32597
-2081
16795
3648
5002
7877
22712
-24647
31651
-19845
8527
13477
31629
-10960
30343
-26980
-12648
17076
27240
-18084
13453
-8872
-15477
10380
15631
18831
25731
14977
28806
2180
-898
-31362
20116
-11699
22293
18597
22150
31737
20978
4850
-7688
12219
22392
-10506
20358
21373
32480
31469
18667
-29929
9131
-17440
-10341
-3011
24198
30660
32439
12728
11423
-3207
-13491
-16480
-3443
30000
13956
-18535
8854
2746
-5274
-12718
-6009
-682
-10357
30856
-21234
-8818
-30845
13441
-15994
-10877
-8834
-19330
4238
15692
-10728
-6494
-28542
28921
3314
-23311
26616
-1863
-28810
15862
-1658
-9860
28639
11757
-5910
-31206
27049
-25893
11928
11325
-633
-65
15284
15285
-11876
-9609
-27317
-32611
-25205
-2004
21377
-21611
6547
-13894
9317
-9647
1674
-16555
-9845
17804
-27379
-21874
-30845
-4224
-31354
-7037
10367
2431
-19055
-31159
4889
15267
-22908
-18696
2801
-6416
1784
17337
14453
12277
-6267
16251
-8483
8939
-21272
-2534
-4441
10971
-4455
18236
-15480
-15683
12978
-4174
18841
31094
27979
15259
-22645
28717
-14465
-3437
2705
-15426
4452
-25006
3722
14930
-17526
-24694
15884
25998
23939
4481
6279
8324
5503
-13442
-18799
6982
-13030
1954
-2940
30200
16112
14319
20727
29367
8821
3572
26246
-13447
2268
10729
19174
19741
-90
-18214
-26983
24631
13958
12988
26799
-30802
-13674
-15244
74
6811
139
-30929
-24705
-24429
4496
-11327
-17309
2382
-6266
-18088
-18549
14984
-756
142
3715
9089
5255
1924
18303
15743
-18550
-27836
-2278
-26718
-7552
-5386
-12820
8426
-2058
1969
14955
-12814
1664
-10634
8151
4070
-10268
18719
-23133
-7210
3220
-1738
-4984
-19784
-8788
-20562
-13164
6004
24906
-5480
20362
3372
-8836
-24944
-31859
-21053
6754
-12211
25737
21587
17291
6027
15883
-20083
7299
-14464
9863
-13437
11391
13439
18067
27456
-20196
30624
22661
26614
-18197
-31254
-15882
8625
-26772
1523
-21889
21364
-14121
16103
-23579
32544
18851
-6953
921
564
-29815
21944
8365
18605
22162
24179
-10933
-7274
27788
-23252
-29061
24974
-12405
2503
21601
-9908
28041
-30126
-2934
7051
32010
15245
20611
-8832
32135
-19837
13951
8831
-2673
27709
15390
31388
-25724
7415
-25876
-24087
15606
-24400
-27283
20978
20610
9588
10711
-7451
-18461
-6366
1955
-1067
31895
16178
-7033
-13642
-13141
21675
-16756
-3215
1355
-5998
-31860
-21973
-29320
17548
-32120
19658
9568
26949
30855
849
30858
18568
-16119
18060
4739
-12160
-27257
11907
11135
23935
-16499
26939
-12256
-27238
-6781
32502
5612
-1048
18933
5807
11884
14065
27266
-29582
26581
27621
-30750
27941
-14431
-31023
7574
-28881
14476
3251
26536
-25174
25740
-12176
26187
23442
9868
-5592
19319
-18805
-13945
5322
25694
32329
-27765
13390
7050
3724
-4088
-15221
-10366
30592
-32633
21123
-31873
5247
-23404
-23498
29215
-19561
6024
-12299
-20246
4585
2549
2223
-23442
9968
30595
3440
4308
17892
5857
17957
17056
-27949
-12135
-30416
25481
15794
-19289
-19800
-24183
7280
19019
-24944
-22132
-15062
-27530
7561
-24187
-18482
15198
-3258
5768
12108
-18551
-29560
-26616
-6006
-16766
-27520
-20857
7811
25983
10111
13198
32310
28451
2455
19076
23797
-791
21480
-23820
-15698
8558
-23569
1924
-15760
25555
14051
5601
14633
19359
26576
-11115
-10963
-20088
2737
5543
28327
10887
-26258
-15798
8590
32396
-6870
-23436
-12153
23941
-30255
-6820
15170
3719
31307
-13175
-12408
18440
24970
-24190
-26752
-27769
3459
27007
13439
654
3381
17702
-1900
21380
5109
-3351
-537
3060
-19795
13165
-21266
-16765
8816
3026
-12831
26591
-8149
-32098
-30771
-17259
-11737
-15987
8876
13990
29098
8321
111
-3766
5258
-10866
-18653
-6288
28035
-21632
-19248
-23206
10305
-14709
3139
-1909
7310
-19194
32649
27010
30848
-13945
-3454
24959
14463
-30319
23854
-28380
6288
-20345
-16907
16618
-9495
2547
8367
367
9199
-28540
13678
-14126
-9758
32224
1835
-19554
30157
-19048
-10984
18571
19360
3238
-10071
10862
-14228
24903
26752
8078
-9453
-25758
19830
-5261
23250
4438
-20940
25991
22321
-7284
8844
28932
22920
29570
23680
-17785
7042
25983
26495
10629
-13527
13604
-17527
16001
-26121
-23313
-26131
-29713
18356
-4752
5613
27519
3440
-20011
3813
15842
32044
1441
1475
-29553
29204
31883
-29292
2723
31400
-7065
-11416
31300
-1669
-6003
21773
7772
29040
-6545
-22061
31315
12080
6791
-21719
20620
20875
30467
5768
11394
4736
11400
10626
21375
18303
-2167
28709
2084
-10109
-14462
-21514
-24080
21230
-16147
-17996
-27794
-31509
-8323
-14233
-44
18404
27105
-19155
-14946
-16192
-8560
-15087
-11634
-25205
30622
21927
-31644
-29083
-19392
-9349
18316
-19957
23899
-7568
11375
-9770
28497
-21967
23944
14630
3213
-15475
1027
-10617
16258
23680
31880
17282
21375
15487
-4727
-24543
-13276
-1922
32386
29685
-4881
3566
-15124
18097
-24986
29673
5754
32611
27858
-15646
-25888
9777
22939
18880
-7794
-28913
17803
898
-5477
-29278
20829
-8352
26433
-16013
10383
6152
-5808
-22939
23143
-28967
15438
17448
2436
3868
12173
13450
-31998
7047
11394
19840
14984
7042
7551
29055
-32380
-9698
-15576
24184
6784
-1805
12784
-21524
16362
30900
-25748
26856
26237
29275
32208
-14368
-29986
18484
8346
31414
1933
9231
-29554
5246
22168
-10081
-7079
-13986
15168
2673
21391
18183
26190
7779
30052
16860
-18100
-24025
-15482
-22758
-13685
-15990
23554
-11386
-895
24192
-18552
-1151
-31617
30335
-26999
9500
-26069
32373
1667
-2830
13550
24043
-23576
-17486
-11158
5095
4734
-27050
-819
9183
733
-17353
-26729
23221
17296
25359
-21362
12663
-9838
15260
11606
18523
61
26476
-2420
16135
-25014
-10658
3680
-4384
-26550
-5338
-30331
30231
27784
13704
13314
5254
3202
23168
-1656
-383
-26753
21375
2441
-2279
15922
13428
-24958
27121
-24083
13547
3047
7088
30058
-27675
-16513
-18860
-9525
-12068
7386
32318
-10603
-5709
-19569
13326
2699
-17038
-31089
-22379
11856
23638
-18887
8805
-18804
26374
30021
-25511
348
24036
-3769
-13537
-19071
15893
-1913
-26748
7426
-23675
-3455
7552
13193
-17535
23679
15231
-16252
7704
-2249
15728
12416
8432
2284
-17944
2020
30125
-18584
4578
-1409
26192
18887
22233
22487
16452
1427
10410
18061
32269
-882
1389
21899
29588
30285
16724
6713
-2462
16524
-32251
27970
11863
19544
-28699
12358
20768
32132
-13293
27271
-5754
2306
25733
-5247
-12929
9097
-13951
-4993
-27521
-10357
4374
57
13934
12420
27374
-10518
-1560
-16414
2988
10343
-29727
27007
10316
-23099
-19240
21462
27206
24209
-24149
7569
15628
7311
-4505
26759
-30064
-9400
6994
18232
-11938
-17012
7173
23615
-1710
11861
6632
10564
23838
-15741
2322
24967
-20090
-1279
1413
-17535
16000
5257
-23935
-16513
-13185
-17530
19988
-7620
-31895
-13439
-8468
-2327
-8474
-5153
-26711
-24987
-23330
10368
-20663
29890
26581
-10541
28747
20111
25766
-20083
-31216
-10614
1398
-4984
140
1352
-5547
-28614
31321
28812
-23543
-20413
25429
31828
-7957
-30651
18203
27264
-10215
-2941
-25982
8450
-27260
-18815
1920
-27255
-19583
-9601
-28801
-18554
-21228
-31671
20336
-32638
-16402
-20765
31968
-32034
-1119
15713
27099
29826
3665
-5955
10962
-818
5204
29325
-16480
24206
-3303
-12148
-17792
3719
-28277
13648
27736
1343
3678
-8565
-26859
-27827
-31394
-11428
-27922
-16825
-13534
-13437
-8924
-19327
-1917
26882
30596
-6015
19328
-20855
-19071
-3713
-3201
12175
29460
13137
14198
-9849
-10006
-17703
-20521
-31008
17818
-13986
26329
-4219
9813
-841
-7733
12744
28763
2953
27304
-14957
31770
20618
-28290
24709
-27769
-18869
11606
-705
-29863
18060
-21994
6987
20571
-20647
-13584
-11450
17951
30592
293
1409
-14720
22786
11652
-12159
14720
-26487
-27263
-19329
-24961
15497
16659
9304
-31372
-31356
-6168
22487
-19756
-24355
4759
-676
-298
27270
30547
-11852
-6712
26566
8546
2951
-27231
1424
6935
-7286
13436
-17022
-30331
-27320
20309
-3522
-19879
13197
-11500
-11701
10845
5722
26096
-16059
16157
20608
-3035
19329
-17281
18178
-637
-19583
-641
-1399
9857
-6273
-18049
-13432
-1775
8789
-10640
-17532
19943
22485
-1325
-14629
32660
-12967
-11052
14725
13648
12722
-22074
-13885
-4768
10885
-11875
17295
20248
-2164
-30857
11648
29060
-1978
340
-4802
3670
-16245
24341
-14009
-17833
8534
-11534
-8892
22558
28033
13090
-24705
-25983
12290
-2685
30337
-18305
-13943
28289
-1153
-6017
-16757
-17648
862
25712
-18810
-26650
15060
28626
28890
25236
13404
-9517
12678
-17328
-8784
11205
6338
3689
-9852
-866
-2416
-12778
24201
19573
1662
-20609
-16319
-24239
-4547
-27056
13451
20501
-1725
-11693
2386
-8460
-17854
11033
8317
9249
-27778
24189
7682
3971
24961
12416
3978
4993
-10625
2432
20867
-17905
-13210
30061
14978
25317
11219
-9778
29398
-5743
30042
11215
20614
-26801
10669
29633
31934
7537
17026
-14445
32139
-31211
19849
11633
-23173
28286
-15041
5200
14141
24398
-23158
13075
7490
-3503
-29873
-32523
-30911
-23529
7037
-9441
17534
26749
4866
-16766
-32639
9856
16266
21121
-7297
13952
23944
24846
-30615
12395
19076
14563
9169
-11314
4309
-18800
857
-29490
-9595
24908
-2133
8641
-22851
-11149
8065
-11886
24206
-8172
-22645
-7827
-18568
8060
-18116
28750
28988
-11956
6282
-31981
-12992
32335
14414
27126
-30656
-12520
-1923
12317
-23940
7036
258
19586
16769
11904
24458
385
-3969
3712
-3960
20237
-16788
2154
16005
-13855
28623
20428
12754
16527
14169
13516
29317
29003
-10071
8382
-16710
6008
-16769
17811
21134
19218
-24951
-29075
32631
24953
26681
5966
-5828
25673
29579
20500
19007
-25012
1099
30967
-16577
-8940
-26758
25631
9345
-10116
-1791
642
12929
7040
32650
-896
6016
25984
3970
-28916
-32655
27750
-25727
30175
9933
9929
-18737
-12916
8534
-4920
8580
-26806
27558
7099
-10824
-28547
-16771
-21110
-11639
25616
-31860
3179
-28810
-19078
313
25934
-9411
30283
21901
13331
5183
-8884
5195
24567
16703
-7915
-28290
-7138
-21376
-30082
-3071
-7039
6529
-11137
-26742
-2688
-3201
2176
-21112
-26613
20846
-23966
-10107
-31523
-6454
-9785
-20530
14988
32597
-6457
11908
-14776
24229
-13639
7606
7293
4221
-22132
-18035
-4849
22925
-30361
-21132
2425
18743
-1716
13887
20298
12429
-19694
6718
30283
-9654
5624
23102
-22251
-18562
13853
12416
15743
-4607
-17023
7297
-23169
2187
-28544
-13953
23424
-15992
-12022
-24975
13153
14470
28636
15562
-4411
-17716
-25974
-2987
-3131
31620
-27321
-24413
26551
30643
7553
4476
5259
20621
-23538
-1143
-8603
-6798
-21387
-28877
21323
-12738
-11453
9870
15377
-11207
24134
-15803
-4872
-15300
-27631
27771
-29156
28289
-32387
-5375
14977
1153
-27265
1419
-30848
17536
22912
-18043
-503
-24968
29789
-9084
7899
27336
6085
-4919
-2168
31828
-27709
27781
6981
6305
20918
-17229
12422
13946
-24958
4492
-15603
32397
6497
4464
26486
-15311
6987
7485
-13501
-18035
17936
-21192
9798
18756
5625
-13765
-27886
6270
30234
21888
127
-6911
8577
10625
-18561
-20854
-16512
14208
12928
-883
-504
17016
16731
27273
-10536
32198
453
1480
-20600
11347
-32317
-3196
5699
24736
-18251
-10063
13959
22905
-5499
1936
-15603
28556
-18854
6764
-4494
-15060
21575
16696
13114
-25970
-22261
-2257
-29382
31292
-27143
23865
-13809
5245
-32492
28543
-13955
-8703
2177
-12928
-25473
-630
-29568
20864
21888
-31865
-19960
-15233
29530
5510
13783
22213
2242
-29502
12677
-27057
7357
4230
13885
-31079
-32082
-31572
-23158
-25226
-7300
-2677
23052
-15989
30556
-31124
17265
-26836
10568
4413
-5571
-31346
5647
-8653
-449
-15553
25338
-8647
-28658
1148
20504
22399
4732
-7935
-21376
-23424
-14209
8843
-32128
16512
-24960
8583
5640
-10878
27222
22406
-12842
-14140
-10048
-3647
-635
-12206
-5955
9094
1601
25499
-8017
-18771
-14960
-1162
32633
652
26891
18576
-23463
16490
-29838
-31189
-23224
-4803
17470
32654
28430
3892
11072
30014
31482
4153
-6896
31872
-27625
32639
-29312
-8191
21376
-7296
-16257
16011
25984
16768
30592
-18803
25095
11649
26707
-8822
-29226
30916
7619
26817
-20346
31829
28607
-1145
-24001
-2405
-20048
-10579
-31343
21366
14207
-18033
-15350
142
-26537
13929
-13457
-4568
17479
28734
4412
911
-31474
-29646
30782
-18115
6651
4408
16398
-1924
-15594
-10113
5502
-8447
5760
31872
31615
13451
-4481
23424
-31360
648
5639
-19577
-6832
-14201
-27947
20164
25025
-4931
-13435
11093
17084
2185
-6081
-7783
7598
1963
5527
8309
21623
-31604
26633
-7027
-13741
18790
18797
-22236
2373
19516
-19402
-21105
7692
-9426
-28870
-32201
31227
-6603
14092
31100
-17644
29055
-19588
-8703
-22913
-13952
-16257
25739
16768
4992
29056
-32376
31750
-14965
31564
7048
1236
-11582
23745
-20040
-31868
-18093
-16456
20617
3901
19351
7852
-29785
-12646
32627
-32655
-11892
28680
28561
7246
17507
-24724
-15837
-25020
-4548
-19915
-20081
-21494
-19412
-14281
-15562
-22789
29748
2829
-12162
-18926
-11905
-4992
-8959
22911
-29056
-25985
-28533
14720
-27776
-15488
395
1286
17804
16457
-22647
30162
30146
961
-20041
32643
8532
-14921
11145
-6086
-14699
-29270
32424
-20068
-24206
23667
-30067
-32504
18318
-19377
23907
-10903
-9695
-11965
-25795
13876
29840
15372
29484
18488
-22729
8188
31284
-5110
-25733
31251
29056
-131
-8703
23934
-31104
-6273
31371
-3969
-25216
-12928
-3966
-8699
8595
12616
-10875
14289
-26432
21437
-16461
642
4692
-6477
20362
-7109
-3950
-25945
23204
-32350
-16016
-18838
16265
25352
-21618
-11442
-16543
105
-22752
6979
7229
28466
21392
780
-28373
17206
13108
17916
4916
4107
16764
-21485
-3201
-18819
-8959
-30082
25728
-17793
32395
2176
-31872
27520
19336
-31227
19093
-9402
-23160
-24626
-8771
15805
18866
-23168
-18862
22963
-3191
-14023
-19055
28582
22435
30372
-23185
-31381
8588
4104
-3696
24138
-19617
-19096
29216
-13758
5182
12083
-30831
-6901
28203
10549
9525
29180
30515
27659
-10371
6674
15745
-4480
-8959
3454
11392
-20353
30347
-14465
-14976
-640
30858
13061
-15210
8261
29578
24012
-28996
31163
-19792
-10113
12371
-10575
-14454
-29895
-29552
-27228
21921
1959
-31890
-1941
-15476
14343
-4980
20808
-15779
-30876
-16868
17473
-27842
-6868
-11886
25354
-13274
-6608
22831
-15108
-9679
-22520
22905
-3056
-28031
-10115
-8959
-22147
22144
-32129
-23413
-30337
-13696
-20864
-3452
-1532
-1635
9793
10631
-19765
20924
-13638
1451
-7554
29778
12717
-21877
-3018
1165
14497
-5731
14252
19565
26209
11146
17928
-16244
16702
853
21857
20504
-22474
-5338
-28125
2706
-23291
22812
1571
16935
9981
21037
32263
-21386
16651
122
-25226
-8959
-14723
12928
-30593
-2933
-15489
-2944
-8576
28036
-7164
3756
24902
-23164
-6972
-22346
-13384
15779
-5004
-24002
13217
-27255
26412
13183
-3440
-30061
6068
-27545
-2726
29061
25350
29584
32064
10328
-29599
-27111
-7874
31293
31274
1427
-28152
-2269
4141
27691
2045
28975
-16376
16508
13326
-9857
-12418
-8959
-32131
17024
29311
-373
-31617
-11136
-8320
6794
27908
-30815
7740
395
18630
18104
29367
19621
31100
26705
-30551
-3445
-3534
393
9373
-24423
28081
-151
20320
908
15622
19852
27711
-5290
25951
19992
2621
-3268
-25049
14995
23304
-25311
5418
24618
14845
12846
3335
20088
-25075
25982
-7303
-8703
-16260
-14465
18047
-1653
25983
-23424
-10880
13959
25092
-15192
-15302
-26999
5573
9911
30903
31650
-10630
23121
8359
-32628
-10447
4743
30363
-22118
-6731
-26008
27992
19082
-9979
16015
30523
30803
32095
28439
20285
317
13607
-22638
-3832
27425
30249
30249
18429
-29651
-10233
-18565
25100
25213
10876
-8959
-3972
-8321
25215
5004
25215
-14464
8833
-12146
9988
-14168
26424
-9075
13505
-16460
3511
-21600
-1927
-30640
31397
19852
17712
-18043
31642
-4969
26807
23911
-23716
-19058
-13051
16271
-3528
-23983
-24229
21525
14907
-4035
22820
-3694
-6137
-25569
12584
20008
30205
23084
-3066
21370
32524
15229
-133
-8959
2428
-129
28799
10124
-898
-1152
-9344
29321
260
-25682
-6602
-25461
-19522
-30542
-19278
-22374
-10377
20048
18336
27789
-30417
-3199
-31083
-19054
23229
4197
15702
32395
-31739
18573
11063
24399
22872
7699
8249
23099
-14048
-17774
10503
-6116
37
10276
-29699
21291
-11259
18552
9739
10364
6265
-8703
-4997
-21121
21119
20364
-9346
-3712
9345
9608
-5885
-21069
30260
-6006
18364
29872
26289
19605
-10123
14159
24220
8334
-2004
-13442
147
912
-22848
-29085
31823
30858
29445
19601
-23245
-8373
6232
20242
-28360
6460
-24032
6290
-21498
2076
23844
27682
-26371
6187
-31482
6268
23050
-4998
-13189
-8959
20347
-25473
22399
8076
-18050
-16512
7297
-19571
-13053
-1100
-31949
-31858
3769
-2131
4017
29331
-10380
25167
-29797
8846
21291
-9348
9617
-17778
20419
-24222
-16302
-17268
9477
1934
-29647
-12215
-2220
8721
13879
19259
12062
10386
-15098
-31718
-30686
11042
-20227
-12759
29701
14200
-14583
-2438
-25736
-8703
4219
-27521
26751
13196
-5762
5761
9857
-25465
-16893
-13381
-14800
10123
9399
-14932
-29012
-22386
15219
-691
-107
-12146
-4566
21881
2957
6794
-11320
-17824
-12470
26505
-3324
-28275
-16083
-5562
7504
-11762
30260
24377
-24294
12433
-9467
26135
14366
-17890
-17411
-20185
-25596
-7562
-15864
-8071
-27529
-8703
27770
-22145
30847
-8052
-20354
14209
12161
-32121
-22269
19904
-21714
19595
-6734
20650
-15957
10632
-2448
30285
4241
9871
10280
29813
27272
-23930
11724
-3491
1349
20361
-11516
-32112
-5079
13122
-22963
-27891
-29646
-15561
-8936
27792
-22267
3350
24605
13339
-15107
3623
-13564
-1160
-21497
17272
-21384
-8703
5498
-32641
11391
25996
-22658
1409
8833
-23415
-25597
-26940
-3284
26252
13999
26535
11434
22915
7791
11852
1166
21903
18471
-26510
31878
-7806
22480
31580
-28091
-21879
-18172
17037
29735
29759
16711
-22261
13104
12599
-5100
-32369
17925
18963
-2023
17433
-13059
-18139
-16381
-26764
19463
29815
2933
-8703
-17287
25471
4991
3981
20606
-1664
16001
2687
-25341
23245
7468
19335
-6743
21666
-7772
-21382
9576
17473
28034
20110
-16349
-1175
-29060
-27013
-26922
2649
19002
27522
32004
26509
-7644
-26564
-10939
-5110
-13009
15158
-2029
-10098
-10748
32018
-4840
-30952
-12291
-27356
-21757
-11916
-1786
-5257
15222
-8703
10105
13183
4735
397
27774
16001
4737
-8316
-28669
-12081
-18391
20106
22952
930
24739
4216
6251
-11703
899
-8563
-8669
-5782
8061
-28294
-17960
2904
26938
16774
30212
-12658
-25568
-11976
6211
7690
21294
-3274
-16110
19342
-1532
5137
-3562
-15851
-11779
19236
-23037
-16779
13574
32118
-10892
-8703
-16264
-24450
-7554
2445
12158
13441
16513
-6780
-29949
27348
8745
-15478
-1888
-24419
-2913
2676
2151
-3002
-5762
-30069
25890
-22426
-26503
-17290
13533
-7851
-12744
12933
9476
-30070
29214
-31945
-10947
-23032
-19413
-11211
-3825
31887
-25596
-15602
24596
-25069
-11779
-14814
-2814
30320
-6139
21366
28017
-8703
-11401
-9602
-6274
19597
-6787
24449
16769
-6786
-30717
3034
-16859
16775
-16484
-1382
-25445
3180
13668
-18876
32119
21388
20512
31329
-25484
-27278
17633
32083
16431
31361
-1789
-27764
-6374
-16591
-17350
-4345
1578
-6860
-5363
-29042
-15869
-13044
24081
2065
-11779
-5600
-6910
18035
20485
-31115
10100
-8703
-4233
5503
-7810
1933
13694
31105
25985
-1917
-31229
1244
23331
3466
21911
6295
15770
-22681
32097
9795
-29582
30091
-4324
21853
32623
-24466
3043
8273
29486
7044
-9981
31885
-8937
17454
25400
10247
5672
-7372
10253
22926
-27133
-10997
-21488
-6896
-11523
23327
-12798
-29326
-16124
19571
15730
-8703
17271
-4994
-10370
-22643
-32131
27777
-19327
-14206
-31485
-28705
-31199
30858
27794
27284
5270
6754
-5281
1603
30062
-26997
-29157
-11431
-6037
-24470
30182
1103
-13781
-26494
-18685
16778
-14570
-9940
-21197
14598
-5338
-5837
7435
-3698
-32253
-27894
7950
13326
-11523
31518
-31998
624
-20732
-2957
11888
-8703
17015
30334
-9346
14989
32637
32641
-8063
22656
-31485
-1054
2847
-888
19855
-8559
-10350
-4262
-27811
-4800
-15257
22668
-2535
-4267
16998
-29851
1001
2637
15397
19585
-22525
-8052
9236
22825
-21452
29190
14630
-5325
26891
1166
20739
7946
-28658
-19955
-11523
3614
-24318
-32398
28932
-11662
-31631
-8447
-17034
-23682
-4994
17037
-22403
-25983
-25215
-28793
-31485
11747
-29923
7309
21641
-20851
25236
-9381
-14500
4927
26217
24459
-20200
-13228
23143
-20892
-6935
6219
-11225
-22140
-27901
-2676
-19950
31783
3888
-32763
-14044
564
-5623
20622
-20989
1545
-12276
-23540
-11523
23837
30210
-29071
16132
-11919
30063
-8703
6006
25982
-14722
21389
28797
-19071
-19071
-4223
-31741
-25369
-20709
-17526
12165
10891
29837
-15533
-22951
-22465
-23199
-2421
-15081
-9649
26977
-16032
22765
27209
-1758
30081
-31997
-118
16401
-7899
32045
-2300
-30685
23859
-16632
654
15875
8712
25355
27403
-11523
20508
21506
-13969
13572
-3471
23663
-8703
-20875
20862
-7298
14477
20605
-17279
-22655
10368
-31997
-18711
-6887
-29047
-7040
25480
-6775
-6835
-13225
-8130
17244
3212
24341
14412
16220
347
-6930
-9913
15902
12928
32515
10127
-30961
2595
13101
-19964
11555
309
16904
17549
29699
-19449
21259
-29942
-11267
32540
26370
-28813
-765
20336
1649
-8447
-29067
26238
-16770
23693
29821
-18047
-8575
8069
-31741
-3606
16153
3469
-1925
10117
-25720
-15286
14166
-18625
-12711
-13685
-23532
-7607
-1446
-8872
11760
30278
31008
18562
29955
16268
3087
-6623
-15063
23300
-24798
23093
14599
-23411
1540
519
522
-24055
-11523
3868
19714
-11409
-2045
27760
3950
-8703
629
16254
-14210
28301
19069
-24191
-18047
-1410
-31997
1006
-5097
-16247
13946
5763
7812
12358
-23980
30271
10580
29580
12053
28486
15702
23636
-25614
9029
23579
-32642
25859
24203
-10739
-12769
28712
15108
-12000
-4557
-1786
6029
-17405
-28922
-29943
-28407
-11523
-31205
17410
-2706
-7165
-4753
-28563
-8703
-29324
9342
-20610
22157
7549
-21887
-17535
24191
-31997
8943
1302
-8823
-12683
-12929
-3710
13636
-12974
-3524
12626
-12661
-22509
19780
29524
-15021
-31245
8515
1050
30334
24835
-1394
23564
11805
-11738
-2045
-2017
20532
28934
30092
-2301
11526
15369
-15864
-11267
6427
17922
-5264
-15613
9583
-19602
-8703
26740
11646
-9858
23437
3197
130
-12671
32129
-32253
-16144
10773
-117
28016
-9093
-9601
-2497
-23216
-1988
4431
-22645
-2030
-29119
-18607
-15025
5621
-32703
5914
-2690
22787
10636
-24821
-12772
8483
-19197
-10722
-12492
-25083
-14964
29444
-25083
-19449
21767
-11523
30490
13314
17773
-15357
11376
29037
-8447
-14989
12414
-11906
-31603
30844
-1919
-5503
-8840
-32253
9971
23571
-25721
9325
19578
-9605
4667
19790
13372
-12215
-2677
30226
-10434
-28340
6988
-27402
-18369
27668
-25991
21251
-17012
-23030
-14054
-1246
-28669
-5347
-28621
23557
-27508
19716
8709
10503
11783
-11523
23578
13826
-8338
-20477
18543
22892
-8703
29811
-18051
23166
19341
-27012
-9599
12418
26750
-32509
20211
7442
-26998
-3480
-13450
-24966
28472
-28340
-454
28487
23435
-3569
2620
-16055
-16311
-1802
3646
-20204
-19076
21251
-11635
-13303
10009
29985
32003
19742
8501
2565
10892
-13564
-12796
-12026
29958
-11523
17434
14082
-2450
-23549
19567
-16018
-8703
18547
-23427
-12162
25229
-19076
1922
4994
14463
-32253
-14092
-16111
1675
4197
11892
-7048
-30410
25931
-27078
30789
25995
3600
-10183
-21945
-12474
10744
25661
19732
-31876
19715
-28791
24841
24600
-226
19715
-28132
16436
-29948
-9076
-508
28420
15878
-10747
-11267
32537
11778
29034
-24317
10096
13931
-8703
-15758
32637
-26498
15757
17276
-9087
-383
3706
-32509
-11
1040
-9337
-21150
-3727
17013
-24783
-2487
27706
3137
-27253
-3314
9527
26180
-6078
-1800
-25797
-29424
17017
19971
-25716
-20472
16407
14110
14851
-26340
-1484
20996
31116
27909
13060
3846
15621
-11523
-231
11778
-7827
-27645
-5265
21101
-8703
-31374
-16771
-24962
20109
22140
-7807
7042
21887
-32253
-28938
-21489
2443
-28834
-10386
116
-28625
16712
-14279
28223
-22646
-22258
31029
12099
17472
29689
-19910
-23535
-11909
19459
24973
1032
23573
25117
8963
-15588
-715
1284
-2677
-15099
-4093
-26619
23557
-11523
-12519
10754
14702
-29693
-11409
28782
-8703
14194
-22659
20094
18829
31100
14466
24450
-4227
-32509
-20745
-20978
5003
18779
-1941
3952
-21461
8263
-3783
23355
-14710
-29938
2867
-23489
-21954
19962
23609
-4337
9083
19203
11658
22791
32020
10266
4867
31003
27701
-26877
-10612
9734
31491
-8956
-26364
-11267
-2536
9730
25707
-29437
-24976
-24724
-8703
-9103
-31107
-30338
8589
9596
-127
4226
23163
-32509
24824
17165
24713
-3498
27497
16237
9769
32068
-6857
-19657
18059
-28660
-28369
-19141
-23749
-13830
21303
-9204
17273
19715
-6003
-18426
-32237
-13285
3331
23324
19511
-14845
3725
-21498
-28157
8197
-11516
-11267
18713
10754
-3218
-30205
-23440
19822
-8703
-7055
-29315
-26754
-7540
-7813
-7295
13186
8835
-32509
32248
-5364
18830
-430
5735
4717
-6361
68
-9929
25912
-24182
-6901
-31441
15676
5179
3579
-7882
-6386
15229
20227
32397
24582
26642
22042
1283
-28389
-31689
31491
16269
28935
24067
-15868
-20220
-11267
-21991
9986
-2451
-30973
-9616
13167
-8447
-18831
14717
-29058
-5492
7548
14978
12674
3965
-32509
-25351
1548
31371
27984
21348
-27287
-26587
24642
-10185
-16588
-12150
31244
26925
20537
-18887
-16901
19253
30732
-29319
20227
22156
10246
-3055
-11751
-1790
12061
9529
21251
-25202
-9465
14083
30724
20996
-11523
-1768
9218
15981
-30717
-18575
2927
-8703
-10384
17789
24446
18317
-10117
-4223
20866
-6789
-32765
-2055
267
22667
-29618
25698
16999
14883
31041
22071
563
-4726
-26101
-9685
13879
27959
-517
25396
17931
5241
20739
-26224
-13563
-25071
14875
-1790
17181
2108
20483
7055
-17913
13571
-31740
5892
-11523
-21735
9474
-18063
-30973
-10640
-12175
-8959
-14736
23165
31870
-884
-14981
898
29058
-18303
-32509
-1543
-16630
13711
21323
-20128
-24474
-9694
15937
-2504
27442
31627
-31733
-1238
-15818
-32459
13308
-5837
26380
21372
21507
-28531
-15355
3601
11545
-4606
7197
573
771
-8305
-29688
3587
19460
-14589
-11523
-13543
9218
22638
-30717
1649
-28050
-8703
-19344
13693
27774
-2164
-31365
-12927
28546
-30852
-32765
-25350
-19191
-32372
-23990
-7586
-32669
-17889
-6848
-711
-32466
-9332
-26613
2345
-21964
23347
-29700
8755
-4855
21113
22019
-16756
-5883
-21999
-30692
-3326
10781
-29123
26883
1683
-19449
14083
31236
19204
-11523
-2536
9730
14958
-31229
31345
-26002
-8703
23152
17789
-29826
-11124
-16773
8834
23170
-31615
-32765
-26119
-10489
5007
-693
-14496
24170
12065
14659
-11971
28979
-21102
-8950
11819
19510
-22987
10748
3891
-12790
-6532
25091
2447
14597
13071
-13032
-4862
32283
-14534
1283
20111
-6393
-8190
-6141
32515
-11523
25880
10242
14191
31235
27247
-31121
-8447
20848
15741
30334
-11380
-17797
10882
-26494
-28287
-32765
11770
520
-10610
20295
-23971
5736
3359
17474
24893
28207
1426
-27638
-25816
-7118
-19919
27900
10290
-1526
27772
25347
-4981
13573
1551
-4331
-6910
-23526
-30150
-12286
28815
3849
-26110
-31741
8707
-11267
-2793
9986
-20117
31235
17007
11884
-8447
-13457
7293
27262
-23412
19835
5250
-28798
20089
-32765
-4358
20231
-22390
-18362
-16292
18020
-12773
832
21565
10284
18066
-23286
-14555
-721
-1746
-14340
29232
23048
-30345
27395
1164
-25084
21517
1556
-7678
-23783
22586
-29694
-25458
-18424
24834
6147
-20734
-11267
-14569
10498
16492
30211
-21906
-6293
-8703
19823
3709
24446
-7796
25211
15490
16514
-643
32515
15867
30983
18829
-12479
856
14177
-26854
14653
-23495
25640
-10353
21512
-8926
5932
-27605
-5380
-4050
19976
-30087
32003
12173
21764
-29172
13076
-7422
26137
10811
-27390
1934
18442
26370
18179
-9982
-11267
-29416
10498
12653
29187
-21395
-14485
-8447
16751
-12164
28542
653
27515
19074
22914
-17794
-32765
-24069
30215
6542
-10178
-27051
32095
-5863
-5573
-6599
11304
13711
-18168
27170
-17620
-21973
8701
25134
17672
-32647
-31229
-7288
9732
6156
26641
-8446
-3304
18235
23554
-5234
6922
12290
-13566
-32254
-11267
-20457
10242
-28312
30211
29038
-15256
-8703
13935
3197
6526
-13684
30587
26498
7298
-25991
32515
2556
-10490
1163
-7877
19027
10586
-15082
-1479
-30920
17955
-24433
-28409
11039
30247
-23769
20733
557
31238
-19338
-29181
-25717
-10749
16139
16402
-8446
-23784
-7622
25346
7310
30218
12290
-9214
-32254
-11523
5912
9986
26987
29699
-5523
23915
-8447
1647
-10372
17534
-24948
23419
3458
21634
-13442
-32765
5372
-23290
-8307
-19145
12112
26202
-12267
-11720
-29897
8483
-20850
3335
-11234
-16345
-14810
24573
24108
16647
19833
-22269
-9845
-17661
-31222
-1776
-8702
-9192
-1732
18690
-19315
30219
6658
-20222
19714
-11267
26392
9474
-12437
29443
-30355
-3221
-8447
-13970
-17028
19838
31372
4731
18818
4994
19581
-32765
28156
-22010
32653
822
-13747
-26538
-16621
-713
-31432
1312
-30066
3335
-10724
-4316
-4573
-28931
28715
22534
-1673
-18685
20104
-29437
-1783
17679
-8958
17432
8764
12546
31373
4876
-1535
32258
13314
-11267
25112
8450
-19096
28931
23661
-14232
-8447
31598
-23684
19070
29068
7035
23938
27778
-13446
-32765
-25860
4102
-4469
-2510
15947
2131
1554
-5067
10038
19741
30094
23814
17434
27938
21282
-24323
11050
23045
24950
-12285
22923
19459
-8184
-28145
-8958
-2537
-29892
12290
32652
-32244
-3071
31746
11266
-11267
17176
7938
29291
27907
-29589
8298
-8447
18798
-10628
6270
-24692
7291
27778
-26750
-1663
-32765
-24324
-1787
18576
-28882
-26809
-8110
20241
821
-27082
-11236
-22643
-9211
-21223
-2271
-10719
-22019
3881
-8699
122
-5117
-15478
13315
19720
3853
-8958
-17385
-17604
6658
15756
-4851
-9471
19458
-6655
-11267
20248
7426
-7575
27651
-27798
7783
-8447
-10387
-12932
17790
11404
1915
30338
-1662
-7045
-32765
-9732
-18683
17037
-30164
-15804
30029
-13297
-26061
4918
-10983
-7795
-507
6167
-14818
-29667
-17411
8488
-10236
9334
-3325
-19320
5891
-8697
10252
-8958
20759
3645
4610
20108
27150
-12287
13058
-8703
-11267
14616
7426
-664
27907
26219
5224
-8447
-30099
-28036
12414
-11637
-17798
-14974
-23422
-27526
-32765
-5124
15877
18572
-8919
-24766
-17334
-4851
15665
9781
5912
-1139
7429
32021
-20452
-14308
-15619
551
22020
22901
6660
19085
-1534
9735
-22516
-8958
28183
-25538
3330
27019
19982
-13311
11778
-13055
-11523
-20968
7682
-31636
27651
-20375
-21142
-8447
27501
-25988
8062
12684
-14470
-27518
-27006
13439
-32765
-1540
9477
-11377
39
25407
9034
23309
13105
1334
4119
-16243
7685
-26860
-27621
-26342
-14339
23846
-25852
29303
2052
5002
-3582
4615
-17654
-8958
18710
12350
770
-22134
2064
-16383
4354
-19711
-11523
-16104
7426
1129
28931
-10647
16488
-8447
-4244
-31364
18558
-3445
-20102
25474
-31870
19576
32515
5373
1541
-10357
-3547
27710
-16828
-27637
28463
-11723
3604
-31091
17157
-23278
-16360
8472
-12803
17957
-18941
25715
7172
-23927
-9982
-21242
17674
-8958
29718
-15554
514
-29814
17680
-16639
3330
-20735
-11523
11801
7938
31592
29699
10091
5993
-8447
18029
21372
-1411
-2677
-25478
20098
-11390
377
-32765
6141
-15868
-15989
-20702
-32197
1347
11019
-20179
-3788
30995
-22388
32516
-2799
2328
17687
-12291
-31452
-23549
7795
14596
-14452
-13822
10246
-4087
-8958
14359
-16832
770
-631
-21743
-17919
2
-24831
-11523
-6375
8706
-23446
30723
19562
-10903
-8447
-20628
14716
2430
-8821
19066
23682
-28286
-134
32515
7677
-22268
13197
14880
-30152
-3776
8970
23085
-25546
24594
-23668
-3324
-1520
12310
11797
-12035
22564
-18429
5236
22020
-27511
-15358
-4347
6409
-8958
17942
10304
-511
2443
-20462
-19711
-2303
-25855
-11523
-10471
7938
12903
31491
5995
13928
-8447
22636
15484
1662
-18805
-9351
30594
-11902
12147
-32765
9725
23556
26761
3871
-4554
3134
4105
3883
14388
29968
28045
-31996
2319
-20204
4116
-11523
-31454
515
29039
32260
19850
-18174
-22779
-3576
-8958
15895
2115
-1535
6027
-7661
-19711
-3839
-27647
-11523
23322
7938
617
32515
18284
23658
-8703
-6293
5500
21886
-25461
23418
-26238
-10622
31608
32515
10237
16644
5004
-7140
-24524
9532
32008
-32470
-20685
11023
26764
16644
28174
17939
8466
-11523
2338
4867
31346
-22780
10892
-21502
3845
-15096
-8958
-17897
26691
-2047
16523
-15852
-20223
-5119
-28671
-11523
20506
7426
-13207
-32253
3948
13162
-8447
24427
-7557
-643
-19573
14714
25218
-18814
-31879
-32765
10493
260
12173
-26087
-17104
24634
-23801
9001
-25549
-7923
25484
-10749
10765
16914
-24815
-11523
-29664
-4350
21106
-19452
-7289
-23550
-20220
3335
-8958
-13291
29506
-2047
-24948
-8940
-21247
-8703
-31231
-11267
10777
7682
-10139
-29949
21868
-17305
-8447
-8854
-12677
6014
28555
-2439
-26238
-8574
16245
-32765
11517
-17149
-23158
10519
-18899
13620
-31994
-475
-14800
15627
24717
-9470
-22262
-22514
-25074
-11523
-31714
-29950
16240
-6396
-16246
-24830
18692
11271
-8958
29462
14404
-1535
11404
-6379
-21247
-8959
-31999
-11523
-22247
8450
-7320
-27645
2412
-9111
-8447
-23958
-11141
2174
-31605
-1927
-14462
-1406
635
-32765
12029
-22013
398
-27628
5162
-1229
9222
5925
-31439
-1014
22924
-9214
11018
15118
-20211
-11523
-15075
-23550
-9870
13829
13963
-25342
7940
25606
-8958
17431
-15034
-1791
-25461
18712
-20991
-9727
-32767
-11523
19994
8194
-5784
-27133
5483
-18584
-7935
5738
24699
5246
31883
-26759
-17790
2947
13433
-32765
12541
-29437
-18291
-4078
14888
26415
-28155
32292
-11215
24585
10380
10243
3849
32012
-19957
-11523
-5604
30466
27249
-32251
-26233
-25854
-11773
4358
-8958
791
-23481
-2303
8588
-13799
-20735
-9983
-32511
-11523
-13799
7170
-26011
-23293
11627
-22426
-6911
30568
-31365
-9091
29579
26489
-9854
-8574
-13706
-32765
13053
29187
19596
-18416
-9948
-22740
-5116
290
4913
-9209
-3700
-12286
-17145
-3062
-22262
-11523
-12518
19714
27759
-1275
-16758
-26110
-24573
17926
-8958
18712
-23478
-2303
-21621
-15845
-20223
-9983
32513
-11523
18715
6914
-30104
-20989
-1943
-15769
-4607
19816
17019
-20611
32651
29561
-19838
-12670
-18818
32515
12797
29443
-8048
9743
-7391
-981
-26364
14114
2099
28423
32140
16387
-29945
-27638
-12023
-11267
-6373
22018
-23949
30982
-631
-26110
-28669
-5115
-8958
1049
11084
-2559
5516
-24035
-18687
-10239
32513
-11779
2844
6658
10343
-14845
-29590
23656
-3327
-21401
6523
-27011
19595
26489
-23166
1667
19577
-32765
13053
26115
25230
19982
29728
3625
12548
-24799
51
20998
-20083
-29949
-20986
6921
-22776
-11523
17179
15362
16496
-22010
31624
-25854
-28157
-31226
-8958
25625
-15540
-1279
16268
8222
-18175
-9983
-32767
-11523
17436
7170
-21915
-9725
-10646
12647
-255
-1434
3451
26493
20107
15481
-25214
-14974
-18568
-32765
12797
21251
-7795
22285
13600
15661
20484
-14558
-15307
-1274
13712
-26621
9479
-13047
8969
-11267
-21990
14850
-32657
9735
-28531
-26110
-29949
32519
-8958
-21732
17745
-767
-114
11295
-16895
-9215
-32511
-11779
16669
7938
-28053
-11261
-30100
-18067
770
-12954
4987
32125
18315
-32391
-11646
7811
18303
32515
13053
19203
-14702
9997
14111
21293
4356
-12253
24377
-15610
19090
-10237
-1274
19465
-6392
-11523
12315
17154
-5005
-16377
14730
-26366
31747
-27898
-9214
10524
-10926
-1023
-8306
-21983
-15359
-9727
-32767
-11779
-12771
7682
-17305
-4861
-12181
-28568
5122
19558
-23174
29821
5003
-9352
-20350
9347
24441
32515
13053
18179
-23921
-27380
-2787
26921
-24829
-2271
-26568
-25083
28306
4356
6150
5896
-28665
-11267
-12775
12546
8816
30472
-28024
-26110
27395
24582
-8958
18972
-32429
-511
-15730
-29149
-13823
-9471
-32255
-11779
-2787
8194
22886
3332
27242
7015
13826
614
-23942
28541
-25974
-3720
-20350
8835
-1414
32515
13053
18435
3984
25099
25372
-30936
-27133
-3551
2361
-24315
-4462
-24572
-24827
-15097
-30713
-11523
2330
13058
1393
22281
21899
-26366
19203
-8187
-8958
-9700
16725
-1535
-627
-25563
-9471
-9215
-31743
-11779
15391
8450
8552
8708
-12440
-3737
24066
14181
-24454
20605
-25462
4217
-13438
3715
2429
32515
13053
18179
31889
-20983
-19687
18469
15619
22305
7226
-16892
-3950
-12796
-1276
32262
-19451
-11267
-17383
12034
-19855
-8439
19335
-26110
23811
-27899
-9214
-25571
24918
-1279
654
-12760
-8191
-8959
-32255
-11779
-15585
8706
-27292
22276
-13976
-11676
-25854
31077
32634
24445
-25974
-7304
-19582
387
-18060
32515
13565
18435
-30580
17162
-24294
2595
17667
-9440
27963
23556
9107
-5883
-19964
6662
-7675
-11523
-6631
11522
-9364
4106
3719
-26110
13059
27397
-8958
-9189
30548
-2303
12684
21543
-6655
-8703
-31231
-11779
-1506
7682
-10396
19204
-26777
-22940
-19198
10597
-24454
26237
28810
-9608
-21118
9347
18554
32515
13309
18179
8335
-20728
-30185
30498
15619
18208
15163
12804
-17773
31493
18436
-15099
28933
-11267
-1000
10498
3952
-23798
26248
-26110
9731
11525
-8958
-1764
21590
-3071
31883
-19927
-2559
-8191
-28927
-11779
11040
7938
-20891
30724
22375
32101
-6398
16485
-23174
19581
14218
-18312
-25470
9091
-16518
32515
13309
18435
-19057
9736
-2027
29471
5635
-1761
-9412
-23549
29075
2822
-8957
-4092
-31996
-11267
-28392
9474
3952
23051
4228
-26366
5891
-7164
-9214
2844
-24234
-3839
-8309
-30166
-1279
-8191
-29439
-11779
19744
7170
5473
-22268
9063
-2464
9731
5221
-31622
-30083
-119
-20360
-10622
2179
-3211
32515
13309
18691
-16244
17159
5908
-26339
2563
13598
10043
30467
2708
6
31747
-14076
30212
-11267
-4329
7938
14957
8972
-22906
-26110
2307
-22524
-8958
13083
16213
-4095
29833
29226
2562
-7935
-29439
-11779
27424
7938
16740
-23548
20070
18787
31235
-13980
20346
-18051
394
-18824
-14206
-638
-17031
-32765
13565
19459
-19826
21254
-9967
-15589
-510
-28133
19000
13571
17554
-26107
14339
15364
-23805
-11267
-4075
7682
22383
-24820
-1146
-26110
2307
-31996
-8702
-23012
-23208
-3327
-27512
-2773
8962
-5119
-24831
-11779
20257
8962
-4508
-11004
2151
17509
20227
-7580
26746
-16003
-17783
-24200
10115
13955
-17288
32515
13565
19715
-26994
4614
23313
-14056
-2558
22300
19516
8451
-6511
8454
18691
-30716
-11773
-11267
22806
7682
21870
