-27008
371
-24960
-130
-14722
19064
-16388
25922
9423
29816
-25007
27219
-12464
22139
-6004
-20554
19817
32627
-32295
-5238
-25231
-23945
8504
7326
-14923
-6539
10926
-3210
21110
2807
-29838
-22660
10623
20601
-6789
-13952
-22912
-19607
19141
12001
-11162
20601
-7417
-25326
13586
21259
10059
18318
-26612
-3720
-22656
-9358
-8832
4735
-14210
29305
-14340
30015
28879
11640
15699
-6060
-3501
16510
-11890
-74
24940
-29581
16346
141
24691
20857
16693
5791
1207
4471
-21841
-18570
31094
24567
1395
-7300
9087
-3720
23420
-6016
-22912
-24209
-12346
18399
20327
-17029
25352
-25837
19989
24076
25678
-2417
21262
-21127
24704
-22926
6017
8831
2943
29308
-12548
-3014
7377
-1159
1108
-15787
3669
-12927
27279
27064
6768
-29069
-17190
27535
21367
14973
-28878
23712
3774
-9352
-29775
14711
27768
-16905
9587
-6276
-5506
-23944
-31108
-3712
-1920
-30607
21704
12508
17257
-20100
22280
12564
4886
4365
-17074
28561
1551
-27015
-30592
-24462
-10368
-5762
-5506
-17036
-10244
5436
23249
-19083
-17322
25431
9301
-9855
-13681
-7752
-26257
22900
4828
-25713
-395
-16515
-22734
23969
8377
-31116
-22349
-1161
-28811
12536
22387
-5252
2175
27768
16252
-18048
-10624
-28308
31946
-1060
-29079
23417
-15352
3093
-26090
-1268
-24753
-14958
4623
-12934
-9856
-28302
1153
-10882
-9858
31610
-8708
56
6098
26488
-2729
9560
-3754
25988
-29551
1721
28786
9844
-294
28306
29560
32638
-6866
-10335
-11843
23160
-28491
28280
20345
-19976
-21389
7293
20863
24952
22396
-24448
-17024
-655
29900
-7975
-406
26236
-4344
23061
-8681
-18163
25169
-31853
2576
-25478
-6016
-28302
12417
-11906
-4226
1916
-7172
-6347
-29741
-12168
-29607
-26023
28760
-16761
-15726
15290
-24203
-17293
-7203
-108
-16517
-9856
23853
11939
-8510
10361
-5963
-26761
10616
-12296
-1677
6525
24191
23416
-30340
-24448
-384
-13967
15310
15064
-30100
2940
15369
18198
-13544
-22258
-8623
-20844
-1264
25722
-4736
-22926
23425
-6530
-15234
4727
-5380
-204
22484
-21643
-12963
32091
9561
11402
24467
5818
16759
31604
21982
28566
13437
-5501
-19669
7588
-20290
-30090
-23111
-7816
-22921
18169
-24972
-2436
28799
19064
-11140
-21888
-17536
29039
-7984
27863
-10643
19578
-5367
1047
19480
15119
30547
8342
30225
24699
1921
10354
28289
-15234
-15234
-7816
-3588
-11205
-15140
-10381
-1448
4954
29019
10123
-7281
-15441
-13713
25459
16086
-20342
-27278
9598
-29397
6050
-7491
-3979
32683
14706
22897
-25866
30580
25469
31871
-18313
-9860
-25216
-21376
25462
32723
-29988
26227
-17540
-6391
6167
1050
-17905
12884
9363
7698
4476
-12416
13426
-24959
-15746
23166
14460
-3844
561
4568
19064
-13472
-15777
-4259
-6003
7830
701
-21894
17014
27869
-12391
-7295
-27258
17447
3495
-32058
-28294
-22089
-30344
26233
-14599
-20876
4989
19583
6264
-4740
-31872
21376
6260
24019
-22829
-20113
17533
-32245
32281
15388
-31728
6231
-10854
-3821
1918
-7296
16498
-9087
-21634
-30850
-6535
-2820
9520
-12328
7286
32099
12641
96
9360
17815
-15172
31356
-395
-14883
19610
-25726
-7033
-24283
-24409
16324
-25223
-2886
29305
-1671
13050
-18828
15229
21887
-17289
8061
29824
-31616
-12686
-20011
-17454
-13712
-4741
4364
7962
-5347
22289
21080
24987
17941
-10883
3969
7026
-7039
-30082
-31106
30081
-2308
8236
19931
7290
23908
21857
-4511
-13164
-20072
15548
-3968
-30604
8926
-15715
22150
24972
-23006
-30552
-28469
-13187
8634
-30856
13692
23290
9845
26237
-26497
-27017
10877
13184
-22400
27256
8151
-23858
-10637
24703
-25588
3611
-7138
-11758
27482
-30052
21014
-30851
-6784
14706
-19839
-17794
30334
-26501
-1540
-32724
21725
29558
22118
-6558
27489
26774
-2664
10684
13185
-24973
-33
-1379
21894
11661
-31966
30889
29898
-21894
-26948
-31624
-10375
-29446
9845
30845
27775
28023
-5764
26496
24960
-31886
-17959
10959
-23178
9851
18701
-18660
-26337
-15085
-3750
-26724
-21225
-11907
7297
882
-7295
-23938
18302
19066
-1028
-12503
-27939
-10635
-664
-11932
7267
-26472
3738
-3142
23939
-14733
-11297
-97
-11896
28560
7200
-2135
10954
-7815
9407
4985
-14471
-17158
25205
26749
-26497
24695
17277
20352
13696
-9102
-13605
14028
-18313
20859
-11507
15389
-9440
-23788
22364
23964
11032
-17283
2177
-143
18306
-30850
-24962
-28033
-772
11814
6112
-2440
14954
28005
12387
26781
16283
-20549
8071
-9870
-10784
22946
19596
8593
-10979
-25685
32465
-6532
-20801
-905
25467
-7174
9078
27517
-24961
19063
21885
16768
-29312
-7052
-31011
-11321
-30085
1148
10766
-6883
22049
8470
11869
28830
-16616
893
27009
1650
20866
-31874
24702
1914
-516
16934
19425
-29067
-21651
-7577
26979
158
-19301
11964
1159
-398
-32286
21411
-18805
-13934
21533
-27732
13775
5242
-31551
11897
-18567
9467
-2955
29053
-11137
4983
21373
20608
21120
-17300
480
-5177
20093
-20105
11535
17439
-6624
26902
-14499
-98
-25576
7549
3713
-18575
5762
15742
20862
14971
-260
28451
19170
-26763
-11664
29289
-7579
9378
-28516
30651
-2166
-11406
-19998
-347
-30320
-15466
-23270
15534
25553
13691
-29501
-32135
-30342
17915
-32138
-27523
26239
11895
27517
6528
18304
18546
-22047
4036
-16769
-4743
-27377
-7905
-13534
25112
-6562
-31585
-7398
-19844
-128
9842
16514
-32130
10878
-16259
-260
-4576
22756
119
-24718
-14742
28775
-17755
-7779
26044
14478
21618
-15901
-18264
-7790
-5736
5145
26799
-298
-25732
-11580
-2952
2938
25083
2423
-13187
-27777
3959
-27523
22144
7808
6003
27107
27584
28291
26234
11024
-26848
-21726
-31719
-16545
19871
-15590
-20357
6273
-655
15746
26750
23678
3958
253
-24288
16357
-22158
-651
14701
16232
30632
20895
-5445
15504
32370
-24346
22954
-15981
-24933
14360
176
20435
7800
15816
-23686
-27271
-24837
-28297
-6531
-27009
-17034
-25475
13440
22144
32621
-4379
-6465
12677
-21898
-20464
11041
-15070
3355
-32673
23708
29980
-25734
385
-4495
-31358
31870
9854
-12421
-4
18973
-24346
-31115
-22920
-32658
-32150
3501
-20320
21180
5525
-15759
7910
27821
5273
1439
-17131
-27727
6872
-2949
26313
6778
14715
-15877
-19081
-13955
-27777
-28554
-18051
16256
7808
-26254
8679
24762
12680
28025
28433
-4832
20258
3613
-8096
1695
-13027
633
12929
-10127
-5502
-22914
8574
26493
-4
-19941
28136
-9867
-11141
-19856
-16276
16816
-5727
701
1944
-1167
11240
23472
10907
-29535
29204
-30797
16604
17789
-3126
25466
-9093
-9477
30328
-15747
-17793
27254
1406
-32640
5504
-32654
-15896
-30537
25739
19321
22034
-28126
4900
-2274
-24479
26783
-14305
2425
12929
-31631
-24702
-25474
14462
20344
253
-486
3817
23666
16768
-31117
-1427
-11343
25763
9661
13977
626
-23576
24497
-18021
28066
25363
27572
-2087
-25734
-20786
18299
21370
-5
-30600
4734
-22401
-1419
-9347
20096
15488
8816
-22294
11702
-2164
30583
-2285
-8413
26917
25376
18531
24991
13089
-10888
26241
-18319
-10110
31870
5502
9342
253
18968
-8470
1653
-24703
-10637
17520
-25674
-15964
-4163
-5731
-2192
4585
14773
-19552
27558
14609
12726
17631
25470
32462
14714
-1925
5884
15737
-15747
-13185
-395
1662
20096
-897
-3977
-14357
-23376
-18032
6011
-749
-3037
-1498
10531
-6556
4001
-21725
26999
25985
-24463
-10366
23678
19838
7293
253
791
-10517
-6796
20357
17270
-21135
-24136
-6747
26046
-9312
13425
-3606
-17738
-15454
23720
24592
2743
-30496
-6275
-5424
6779
-21892
9724
24697
13950
-7553
-2955
-3203
4992
17024
29810
13805
-4179
-11630
-17288
-28139
22821
23847
25124
18533
27041
-28124
-10633
25729
-18831
-12670
20094
22654
-10118
253
25366
24300
15731
-7032
-9864
-27790
-18248
-16474
15038
16801
32625
-7446
27319
-25694
20392
-30193
18360
19167
10621
13267
1403
-7302
14332
-15495
6526
-8577
-1931
-1411
2176
23936
10609
-21010
31660
27540
-14985
-16106
-9946
5160
-14812
-21914
12449
13093
-3209
11137
-24463
16771
27262
2686
-30846
253
-22509
-23315
18807
-30071
13178
-30859
-26690
5033
4542
-16986
-32144
15851
-11590
-19801
-16979
-22771
-10311
14821
-28799
8915
-28550
23679
17660
-3975
30846
-15489
-17035
24702
12928
-129
-28810
29679
-17499
31895
13179
-29929
12328
28201
-28376
26984
11682
30759
7543
21633
-28815
22659
9854
-7811
893
509
17171
16110
18036
-26483
20348
-28298
192
-3159
15295
6568
-22672
-26644
3773
26537
16303
5389
-26694
-7452
14974
-19243
-20358
8060
22012
19834
17278
-17281
29557
-32386
-14721
-6785
-19600
-6160
-24412
19353
-22409
18457
-9943
-29399
-18391
-8087
-29277
26152
31607
14465
22641
23171
12926
13438
9340
509
14354
10991
15731
-19312
5502
13432
-31806
17066
-27201
-32087
-8592
32236
190
9130
-16463
4108
-28741
-18460
27518
-25129
-8069
-30084
24572
-20358
28286
-7553
11381
27262
-1153
2176
1394
-6415
-21343
21147
-25225
-3815
6186
-25557
-7125
28522
-30045
-21206
18551
-22143
25201
-19581
12926
7550
3713
253
24592
19184
22390
-9582
18815
30586
10437
-5973
3264
1198
9072
-20
-7232
-3410
-17486
779
20157
-27415
21889
-10281
19834
29565
25852
16507
-27522
21376
9077
-10626
-12161
-7809
21108
-27150
12188
21918
-1416
3099
18475
3629
11054
-1685
-12892
-21460
-23690
29569
-29327
22915
7038
-5763
891
509
29200
31728
-1678
-28265
-28798
25465
710
-32340
-21312
175
-1425
15855
21442
17072
950
1291
22206
-4121
-2435
-4646
6011
28795
29948
28795
-28034
-3457
3957
28798
-20865
-11905
17260
-15629
-30820
28831
-26764
-228
5933
6188
-12498
-19860
9638
-28116
-16522
-25983
-17551
-32637
13950
9598
14972
509
9231
6641
-10638
13465
-17789
31868
-11830
26029
-28993
-21582
-1938
15343
20164
-23630
697
-10231
8127
24041
-25986
221
25468
16766
31228
-31877
27262
5248
6261
-20098
-9601
640
-4239
23028
5784
-23647
-29834
-9443
-25299
-6867
-6606
-19091
32165
-30673
-4235
-23167
-17039
-5245
27262
3966
-15490
509
16398
242
-22924
23962
-4476
14462
-11828
32174
6336
30133
-30866
-30480
-2874
437
21690
23817
24256
9196
23168
25565
24443
-4483
31740
7292
-24706
9344
7285
-3202
6528
-2433
-18062
-7948
-3436
7076
-30089
17438
17198
-16337
16949
-32402
-1882
-21967
17525
-22911
-7311
-14717
16510
894
-18825
509
17934
-4367
15729
7326
-31609
24188
-28980
11183
27584
-17739
8559
5105
-1850
-32587
3516
14345
15809
-11543
15740
-23841
-24451
8060
32508
9596
28798
8064
8309
-8578
-10113
-7041
-26516
-19467
7573
-9308
22131
-737
14127
-19410
6197
18031
1446
-31695
-32652
-27775
-25743
28291
11646
-16003
-11651
509
31756
32754
18804
-11104
3721
-29057
11727
-9040
19393
17593
29550
20465
30922
17337
-10307
6152
23234
-4372
-29056
26849
26750
-10113
32764
-28548
-29058
3200
-12684
-23426
-9345
-25985
15474
17398
10126
13223
-31626
-15328
-11217
32048
17207
-30608
31655
17459
-20621
-21631
-16271
-20093
20094
2174
23425
509
-15862
754
7542
-9564
-22388
2693
19155
10676
-31547
-27968
4466
11507
28878
-19011
-16701
8199
17860
26863
-17022
4068
-20608
-4734
32764
-7556
-32130
18048
-8844
-17026
4736
-20609
20852
-27146
26758
18342
-17032
-13279
24624
-16337
11067
24689
19369
4663
-22156
31617
-21135
-26749
1918
-15235
18812
509
-16118
-22286
-7822
-14680
-20593
5254
-31021
-4684
-13627
-27713
31858
1012
-14898
12477
12994
-12794
8389
5870
-14464
18918
3713
10624
-32260
-8068
25982
3456
-18572
-14466
-16513
-27265
-22927
28407
15238
2472
-9098
9764
-4559
-22479
3644
-22158
11689
-8393
3189
-28543
-30095
-8061
-3715
-24451
22914
509
-29175
8691
-18315
30121
15504
25481
-25385
-31306
6086
-25660
-18831
12276
4305
4288
9670
1542
-14395
25841
6788
-11290
-24191
21123
-32516
32381
32126
12160
-32140
13695
-14721
30335
-1415
-22537
-2433
-5463
-19590
-32476
-27342
-21197
9281
-15756
-27990
17212
16756
-16511
-21391
1668
9598
-29315
-19327
509
17417
22515
-7819
684
12946
-26486
15320
15287
-13371
-23868
-8335
-19468
-22831
-16703
6342
-10235
-4666
32497
-10877
26343
20097
19330
32764
21629
-22402
21120
-28812
12159
-13441
27775
-19596
-9
28030
22954
25976
25382
31796
12597
25666
19061
-9558
30269
-13964
31873
-17039
13956
2174
-26243
-20097
509
2057
5875
-28300
-13395
-3437
-29302
-15401
-20809
-26683
26052
-14478
-19469
-25646
-11583
-13370
-27643
-20794
28656
4227
-32024
18306
7811
-32516
-17795
-16002
3968
27252
16767
-15489
27775
19060
20472
3965
10410
-11401
10792
9782
10038
-7871
24183
27308
11581
27766
-25471
-28303
-26748
4990
-25219
3976
253
-4601
-28173
-23944
-30290
-2156
143
31963
-21063
14791
27338
-7311
-1293
-13611
-4666
-20277
-4092
3528
-5133
29576
-16919
-5758
-15225
-32004
20606
-21634
9344
19828
-17281
-13697
27263
-3975
-30472
13942
5548
21371
-7640
-21449
-28872
-8890
-648
8623
-9919
25718
-28543
-10127
10372
13694
-11651
30850
509
5384
-11533
-5003
-27983
17559
6543
-5925
-4423
26311
24522
-910
-29963
10966
-25147
32714
-7420
-3640
755
-12412
16362
16771
-18300
-32260
11902
-19842
13696
30068
22911
-2433
-25473
8564
-1032
8311
-32084
-1161
-726
7993
5689
-18617
31353
-2386
3395
13943
-21631
-10639
24964
10110
-23427
19585
509
-15865
-9997
7285
-30798
21912
23695
20955
21178
27591
-4151
-9358
27892
26326
-827
-6453
-25596
-9272
30450
-20860
-5142
27267
11396
-32516
-28546
383
18816
22644
-32641
-11137
30591
24181
9209
-3468
16045
11384
27179
27705
11578
14663
22138
5807
-12734
-17546
-21119
-2447
29572
1918
-131
20870
509
11783
25076
-32648
21938
5784
5265
-12323
-28485
-313
-6197
-16526
-6156
-24361
-23097
-53
17156
-13111
-22796
-17273
14571
10371
22406
32764
-6018
1151
16256
21876
-25729
-18817
-17537
-22921
16633
-20368
-15698
-30599
-27605
-711
-7109
24395
13435
-27217
-12987
-14218
-10623
-15247
-28028
13182
-9091
21377
509
25863
19444
-24459
24757
19610
1680
24541
32187
16071
-13621
-25485
15605
19927
-23608
-21812
22276
26570
-7950
9604
20715
28035
-13437
-32516
-12162
-5506
29312
2676
-28033
-19073
-28033
25968
-23303
23154
-10834
27509
-17107
14139
-19654
5450
-18309
-3665
-18364
-22409
-21119
4210
-32124
-6787
-32643
26242
509
-13306
-32524
30325
-9291
15515
-23662
15839
-24132
-29497
13518
-9102
-25356
-30760
-8504
6607
-5629
-14646
-11277
15493
-15124
-18812
9607
-32516
7295
10623
17280
25204
-9601
-29057
13695
16246
-17415
-25747
-15185
14200
22318
-3781
23868
12109
-23940
16816
20807
-2186
-11391
370
-29308
8830
31101
-11900
509
-28154
7157
-9354
20663
-13925
25236
-5409
8637
1480
16848
-398
-27147
15578
32459
12496
-15357
-17717
-26379
-6266
26092
-27260
32134
-32260
28031
8831
28032
19572
-18817
-15745
17535
25975
-2567
-16789
1202
-23688
-26577
-11204
13629
-31410
-6787
-6992
18249
8311
-14975
-7055
23428
4990
-8067
7549
765
-28410
4853
-10638
-13126
-31586
-23149
22240
-24386
-15417
13776
-7821
22518
30170
-24117
-9521
-23293
18636
-13837
12931
-27155
29573
27012
-32004
-28033
10367
27008
-397
-21377
-24961
-28033
23410
16634
-29077
2226
26741
23089
1086
-19395
25679
21374
9393
13642
29303
-13695
-5775
25220
-7811
24957
20099
765
1286
31477
-10891
-22853
927
-10346
-18206
-2882
30152
10707
25715
-2572
14299
17870
-18222
21251
15309
32757
4231
-31506
-27259
-24953
-31492
4480
11391
28544
-1421
-16513
28543
12415
23928
28410
-27546
-5453
-20360
30770
28734
31040
-12973
30079
24753
-25523
-16010
-2431
4722
-24188
-4483
-30851
-9596
509
-9979
-2059
25974
1982
-26208
25240
-22557
-13889
-10809
-29228
14451
27638
18652
8143
-5677
12291
9678
24822
-22649
8686
-24443
16008
-30980
11648
8319
-25216
3188
-7041
29823
8831
-23177
-21510
-7836
-11083
-30856
-31948
3136
-20672
30805
13440
10418
-12210
-13450
-17791
-3215
10628
-26243
29053
14977
509
-23547
-14603
15988
25279
-17502
21657
-12317
5057
-8760
-13612
-8076
28150
10461
18383
-26925
1283
-11314
30965
22406
-15889
-12921
6023
-29444
18304
3711
25728
-13453
32383
12415
13439
12150
-7430
-26782
9909
-26505
-17099
11073
21314
12886
28033
-28750
-22960
31351
-8063
14706
-13436
-12931
-26499
-17278
765
4614
-25609
-23948
-5446
32414
21653
16100
-11331
-2877
-21549
14446
28917
16092
-25906
-1837
9219
12750
-30218
-10619
-32532
-27775
3204
-29444
-14464
17535
-32384
-4493
13184
28799
8319
-3463
8443
-6554
-17732
-22408
12083
-12225
3648
-25258
-31361
-19026
-17586
-19598
-12927
-1679
-18556
1662
23421
20098
765
-11259
-5385
27508
13246
-23135
5014
-10780
6847
26821
-20268
21615
-16138
30941
-4912
14550
3331
15567
-19466
-3963
14830
30338
19588
-29700
-6784
-19841
-31104
32371
-385
-28033
7807
8820
26363
-15772
-13122
-10891
12597
32577
-23234
31319
15743
11184
-3762
-31630
-7807
30578
-2428
-18307
-24451
3456
765
-23547
760
5235
-5697
-10845
-24682
-32539
-30017
14021
15317
-25489
1270
-1827
1234
-8234
-9982
-14129
8950
15493
13551
-29565
5765
-29956
1153
-27777
-30848
-11405
9344
18559
23167
-1934
-27397
-21406
31679
3957
-16330
23874
-25536
-25255
17536
8111
30800
17010
-23423
12658
-9852
-14467
-30595
-25463
509
-8956
2808
-24201
-15934
-9563
-21860
-25881
-31038
-6457
-22311
5489
503
14305
30421
6360
-32254
23249
-23560
-1910
27888
7556
25481
-29700
-21631
-26241
19328
-27277
4480
21119
7807
6010
-22021
13401
-2881
14201
4408
-25278
-25535
26461
10626
17840
-26540
27250
4226
10866
-636
-16259
20861
-893
765
-10748
15864
-396
-29754
-5976
-9059
7144
-31036
29128
7386
-15503
11512
-10271
19925
7641
28418
466
19960
-20601
30449
-23163
4487
-28932
-31615
30847
-22144
22387
14208
28287
895
-5772
-7429
-26024
-26944
-29066
-25797
5445
-12735
-22434
8580
27569
28245
-30349
2434
5746
4229
-13443
25981
4483
1021
-25084
24824
15988
-27961
30378
-13153
-16663
-18236
-26168
-17444
-10127
-12553
8931
-22057
-11300
18178
-15150
23800
-22137
1522
-18555
-20347
-28932
-5503
28799
-18560
9587
25984
22655
4735
-29066
764
10837
-20543
31606
23356
-11195
-18621
24930
-13436
-9806
9305
17523
4226
16754
17541
-13699
-27779
4488
765
23300
249
16503
9162
-14165
-11614
-11029
5062
27593
19167
-26767
-12552
-11036
24794
20957
8962
-3629
-11015
22410
-26126
-18043
-26231
-29188
31106
-9089
-15488
21363
31104
19071
17023
20601
11004
-22960
10437
12920
10815
-12985
-21179
-27033
11398
20915
10333
21107
-7551
28786
25477
-17283
8573
-30846
765
24324
1529
5748
-10547
944
7331
11500
6343
-22839
17887
-21902
27385
-8219
28123
-8994
6402
-29740
7417
-10105
-4365
26246
-22905
-29188
28290
-31617
-27520
15475
-28032
18303
-13698
-6799
22012
-7344
6597
-7821
-16829
-14006
24903
-25240
11656
10422
-13475
-21387
-895
28018
19077
-27011
-32387
17540
765
6660
14585
24692
22991
14513
-22362
-20499
-9273
4298
-4639
6770
1017
-12058
3036
28896
-4095
-32299
-7431
-8312
-25612
-8058
28040
-29188
-4222
-16001
-10880
6515
-24704
5247
-1154
-2697
26876
11083
-20282
-8842
-23995
-2485
-950
-19347
-17015
21686
7523
-6028
-1663
29554
-22395
-8323
-28035
12932
765
10244
-3591
11379
-13109
17327
26788
-2324
8133
-15165
-21283
5232
-28682
6883
29655
31197
-7679
-7981
2298
26760
-26640
5506
10372
-28420
20611
-4481
-25216
115
897
16767
3967
4473
30204
1612
-20278
-18314
-13755
19791
-24242
-21396
8843
7350
-9888
-2699
22658
28786
30341
-29059
31869
-20867
765
3332
-8711
32368
32464
4275
-18267
-27666
-7481
19399
-22304
25713
-12040
25063
-22052
-21023
-9471
31445
-25863
27269
19188
19334
-29050
-28676
22915
-10113
129
-3982
-6528
4223
12159
-26508
-27140
-26039
-3638
-14989
27977
-7088
16719
-11664
12428
-13128
5988
15478
-8575
-17806
-28795
17789
28797
21635
765
-6141
18938
15987
-19248
-25932
-10586
-24593
16072
-32314
-25887
-30864
11512
1256
222
12770
-14335
-20010
26362
3209
-12301
-26236
-1914
-29188
9604
4736
-23424
883
7553
-14466
-4226
-15239
-22276
-21179
16078
-2442
4681
-11696
21584
-25228
29580
-9291
32614
-9101
-5503
-14222
26501
30589
20605
-26236
765
-12029
26362
-3469
7635
-16971
-16472
-27664
20681
-16954
-22814
-27280
-264
-16152
18143
-28702
-16639
31191
-10502
-11895
6644
-1660
24967
-28932
-25468
-5249
-16768
-3470
-9600
-7042
-11650
-2184
-17924
-446
25039
-14730
-32436
-27054
-16303
8824
-29555
21430
18793
25716
-2687
11891
25477
-23171
21117
31103
1021
-12797
28410
28528
-4908
9142
-15192
29936
31945
-18748
-10271
9840
-22536
7144
-10019
-28447
-18175
23767
9466
-2682
22772
1924
29827
-29188
-30332
6784
-13440
1651
129
4991
-12930
-25738
-14596
24642
-8753
-13196
-7346
-11693
30803
16504
30350
17332
-23959
-2701
11650
21875
15237
28797
15485
3973
1021
-24317
-11270
30323
-9771
6839
-4691
-6926
-29749
14277
19430
-2194
-14856
-6934
-21790
-10523
-22271
-6441
25083
24714
10229
14981
13192
-28932
21637
20096
-1408
12659
6785
-8578
-15746
-19586
-10756
-24773
-12333
-14472
-17072
-18347
23381
-8576
-24944
-24394
-1937
6003
-13439
26227
-16507
-29571
3709
-28541
765
-24317
5115
18546
-18471
-19782
9391
-29709
-18484
-30266
17127
6767
-5895
5868
19683
-18202
-22527
-29479
31739
-3960
14326
-3196
-25209
-29188
3718
31872
-23936
115
-21119
-19074
31614
11897
-5892
-29381
-23850
12661
-24746
23641
7255
-14205
27282
11447
115
19059
-8063
-25485
-18555
23677
1661
3459
1021
-28669
15099
1395
10461
-25664
-9039
21748
-29235
-30778
30697
-14226
20986
-25362
11238
23529
-23807
16604
-16645
19594
5368
-3193
11401
-30468
15494
-27264
-10112
7539
-22655
-16514
-30082
631
-5124
-21192
-21288
27764
88
-16040
4181
-20858
8081
18102
2165
-26255
-12671
-27277
9093
10877
7549
-16506
1021
-28925
-5
-25741
17385
-562
-9792
-22025
14551
979
19950
13674
-4868
30453
-23568
28657
-24319
18152
253
-29814
5116
-5754
-23671
-30468
18054
-21888
-4736
-10638
23681
-23170
-12930
-32388
-1540
-31943
9960
-31626
-32667
29016
-29614
13973
8084
16315
-900
-21134
-16767
-13453
19077
1405
7037
-23424
1021
-29949
3836
-18579
14831
17366
-20283
-31240
11229
28119
-16146
29289
2301
12023
-16142
20723
-25087
7401
-1796
10629
-4
16771
-25213
-29188
-14970
-28544
-3456
2675
29057
-29314
-11650
-14217
-260
10297
-31509
8051
-14478
23643
-20142
-15718
30358
-10307
-10882
5491
-6527
-6541
28037
18301
-14468
27260
1277
32259
5628
9320
6385
2264
-29752
2809
-27940
-24113
18413
-16282
1789
27126
-20240
-7950
-26367
-7962
-5892
-18560
-5124
-2691
1917
-27140
-9594
-14720
4225
-10126
-12927
-7042
20094
-24968
253
-26059
13294
-30607
10872
-1700
-12971
-13922
12952
-26434
15487
-25229
-383
-4493
24709
-388
-7812
14977
1021
-32765
6908
4203
31476
-8995
-32563
3834
22505
13537
-18703
-29339
4093
-28167
6134
-2315
-26111
-3347
25085
-2429
-23043
12672
4483
-26116
-22649
2945
129
-4494
-18047
30590
-23682
-12165
253
18998
2289
9587
-8316
25186
15706
7080
-4194
12227
2953
-22927
1666
1652
28037
9853
5757
-18310
1277
29699
7932
-17562
-31499
2272
-4660
14842
-29207
24031
-8719
32102
3325
-29959
14582
7158
-26367
29420
15869
20609
-19971
27009
-4991
-25348
-20089
4737
10369
-17038
-17279
-28802
-21890
-12941
509
28722
9457
-1683
-6262
4199
-10149
-29782
8096
-5950
-28534
-13711
4482
20852
-28539
17021
3965
-6020
1277
25859
8444
17255
26614
23522
6354
-19462
-15638
-29984
20724
4199
3069
17658
26359
9975
-26879
-19476
32509
-31869
-17411
-12670
-20604
-24836
-4217
-1920
11649
-8334
2434
-28034
-27778
-27269
509
-27094
20209
-12175
-16753
4459
-30111
14512
6564
20166
-29806
-13966
-7807
-32140
-10619
5245
-11652
23679
1277
24579
9212
-28568
2039
-27165
6357
1019
22508
-544
31221
8039
2813
-26374
23544
-7177
-27135
-20243
-26371
8837
-16131
15491
-14716
-24068
-30840
3201
9601
-12174
17538
11902
18302
-10372
509
-30169
-16143
13682
-12909
-31634
-10395
-7756
935
-22584
-7273
-21133
-26751
-25996
-21627
381
-2948
-7818
1277
24323
10492
20835
-3081
23526
-27947
9467
-1300
18145
20725
16487
2557
-15622
-28680
22776
-27135
16878
-30467
-20352
-14595
-15742
24704
-23300
-25976
10369
-6272
-15246
13954
28542
27006
-17289
509
-475
-13070
14702
1178
-6798
5479
-7242
-1880
11466
408
-29069
16002
26484
-30587
18813
-5252
-22916
1277
24067
11260
17254
20216
-23065
-8745
28411
32494
5345
28406
5735
2557
7419
16633
-1288
-27135
32495
-20995
3716
-14339
2435
-23932
-22276
17545
24961
21121
27762
12930
-30594
24702
-12931
765
-20190
-12813
5745
-16740
19829
-30101
-9797
31915
17098
-14179
21619
-10879
-5516
-16507
2685
-19332
17795
1021
23555
11772
-3732
-20490
9957
-14888
23291
12264
15834
-21513
18539
-1028
-20998
-15368
-13576
-27391
15597
-19971
-7287
-21251
-20344
-12406
-21508
20361
-29823
-1408
-23950
22402
14206
1918
2174
509
2845
9969
27507
26773
23158
32366
-18245
-26967
-6456
-18270
25716
8834
21877
-4987
17789
-4228
-7805
1021
23555
1276
21104
-2064
6363
17102
-21510
26844
-13621
25078
5746
30971
8440
-10764
-4363
-26879
-7197
32509
28045
-11524
-24434
-29042
-21508
-19063
-22399
17281
1395
-30590
26238
9086
24700
253
23063
-26393
-5773
1926
-31114
26993
437
17319
21953
-18785
21364
11650
10613
5510
27261
-5252
11402
1021
23811
-5
-11661
25072
-25382
2001
-11526
-16677
-22839
4599
30578
31994
20728
9205
10486
-26879
-14622
-23811
24209
31996
-32626
13458
-21764
31882
-26751
25217
-30094
-12158
30846
3198
-22396
253
1812
24807
3448
14982
30328
11637
-22601
-12376
-5952
6307
14452
22658
-28811
15238
18813
-2948
3456
1277
23555
11260
29547
9711
-43
-5937
-13318
27855
30636
6130
-6802
-1547
-6415
-7703
-32271
-26623
17373
26365
-27003
-10759
-31360
-14722
-21508
-25206
-29055
-32383
-27022
-19070
16766
1662
2681
765
-28390
26350
27758
-29052
-21897
-10123
-12105
8098
-22608
8342
-17806
22914
20085
14982
21373
-9092
27527
1021
23555
2812
28786
-7438
-12579
-9262
16379
13533
29898
-2057
-12685
-19462
-776
19190
26103
-26879
-3613
-24835
-29296
-12292
9103
6544
-20484
-6262
-18815
-29823
-27790
-2942
19070
2686
-7298
253
7698
-15384
-7308
3727
-9092
-904
-12611
30379
10434
26024
-14732
22914
20597
25734
-5252
7293
13711
765
23555
6652
-10378
8179
-11298
24789
28667
7647
-26678
-21256
-27021
-32006
31225
5623
-21001
-26879
-22812
-17411
16789
-5636
-28785
2452
-21252
17803
-30591
-30847
24690
11907
-2691
13694
-3197
253
5136
-22806
3960
-23152
2687
13947
-30528
-24147
-19262
7596
-13708
23938
22645
-31354
8829
1661
10377
1021
23811
8188
-6030
28660
-2848
4822
-28421
-17441
29643
3065
19828
-29446
-15623
-27913
2552
-26879
-20508
-18947
-19311
2301
2703
-8816
-21764
17291
-895
-29823
11122
11907
-3459
6014
-5250
509
32527
21739
1653
-5994
-5502
13948
4291
-14929
-5181
18606
-24715
30850
-27019
-31354
-2180
-900
-2938
1021
23811
9980
-22927
-5644
6370
-14377
-14341
19167
-6199
-25351
31603
9466
-4615
8952
-264
-26879
19684
-17155
-30064
9981
-1139
17296
-22020
-18549
-31103
-22399
21106
30595
-14723
-9347
-896
509
-13555
21228
-27787
-25960
-25724
-29568
-28217
24240
2500
30642
-9867
24194
-6027
-23930
-1156
-644
-2935
765
24067
12796
-9101
-12556
-11296
12503
-9477
2271
31431
-14855
-9104
7162
5882
-2313
-11272
-26623
29924
-15363
-18799
4093
13965
23186
-22276
17548
5250
-27519
-28558
-29053
-5507
1918
-22399
253
14093
-24338
17269
31385
11910
-896
9417
-20048
21701
13492
-8843
12418
18806
25222
4221
-8068
-7293
1021
23811
14076
13424
22261
-8222
22996
-7941
15325
3013
-1032
-12688
-19975
-17671
-12041
-15112
-26879
22500
-18435
19342
-1540
13451
-10357
-22276
30348
1154
27777
-24974
16515
-643
-15491
-21640
509
19470
-28433
-13713
21148
2696
21377
-6199
-20817
-25663
7089
-11661
6786
1398
-4218
-132
1917
6278
1021
23811
15612
-22672
-16139
-21789
26838
-3077
19166
3525
-22535
23920
26873
6394
12280
-5896
-26879
22500
-15363
-24433
6909
-1397
-25714
-22532
-372
-383
26497
25202
-4477
-5507
-3971
895
509
-21748
-18704
-6798
7326
26761
-6270
14540
-26703
4034
29364
26739
10626
14198
-7290
19581
2429
25480
1021
23811
16380
2418
12022
-32028
217
7420
5087
17605
11002
8816
27129
30970
13305
28665
-26879
4837
-14339
913
13821
1420
26255
-22276
11405
13186
-31359
30578
1156
7550
-4995
11904
765
-16885
2546
29555
-21344
7307
-25723
20176
-6734
30914
7864
-398
6274
18550
32134
10621
-18052
-5248
1277
23811
17148
5230
12023
-282
-23848
8444
-8994
-6461
9978
31600
29689
-30726
7161
32249
-26879
8933
-15363
-7796
19197
25741
-2421
-22276
-32371
13442
22145
25970
-16509
1662
-26499
-2437
765
25099
21234
-16016
28325
-5491
15750
9169
-20813
13249
29368
-11406
3970
11126
-9594
13181
6013
31110
1021
23811
18172
-1680
22775
-8985
-5157
16124
-545
-20541
-7686
-11921
-10248
-7174
-5895
24570
-26879
-28955
-13315
-24176
20989
20876
5262
-22276
3726
21634
19329
19826
9860
-1923
-2947
22401
765
-11511
14323
24435
10150
1423
-1655
-10796
-2124
17345
14269
-18831
10626
-23690
-17530
2941
-1412
-4473
1021
23811
18428
-2447
-9481
-8984
27356
19196
21473
24261
12795
19312
8697
9979
3578
23290
-26879
-10778
-13315
23185
29437
29836
12942
-21252
23438
-25214
-31103
30322
-9085
-18819
-6787
-1665
765
31241
-525
883
-8791
-32623
23434
23254
-15434
-10046
32447
18290
9346
28790
27014
19325
11901
-25982
1277
23811
19196
30574
22776
-12055
21213
22524
26081
4548
13051
23151
-7432
15867
20218
-25350
-26879
27878
-13315
-19570
32509
1165
18574
-21508
22414
26498
-32639
16498
-17789
-899
-4227
-26499
1021
3849
-8972
26225
-23636
18067
31115
10712
31415
-12606
-2369
28017
16002
26742
-20346
-4740
1405
30856
1021
23811
19452
15473
-32520
-16151
-1826
25852
-5919
7619
-16901
29550
-23560
29691
-2566
14331
-27135
-24346
-12803
14994
31229
-12917
-21105
-21764
-10866
-21886
-17279
11634
7556
-20355
-14979
28549
765
4104
5110
31349
4782
1684
-30579
3803
-3400
-15166
23236
-23952
-32382
-20106
-4218
1149
4221
15238
1021
23811
19196
7792
13817
-6165
19679
28668
21218
-31037
-5381
23406
-24584
-23045
8955
18427
-26879
-23577
-12547
-19824
-27395
2444
-6771
-22020
6543
-16254
-10623
21874
19076
-15747
-14723
29567
1021
-2041
-24074
-24463
-17486
13975
-29297
23773
12730
4803
-6714
31600
11906
-22410
-18042
6781
14461
-7293
1277
23811
19452
-23186
-9223
28654
-19230
30972
15587
-31550
21244
21869
-17928
-3333
-7173
-3845
-27135
10473
-12291
-30577
-21251
-31860
-26483
-22276
24463
-18302
-15743
14450
13956
-10115
2686
24702
1021
27911
-24073
27504
-30537
-13158
-9072
-28961
22715
20675
3274
15728
25730
-20106
903
16509
9597
20875
1021
23811
18684
12659
-25863
-32531
25827
31996
-15390
11202
29436
10093
-32521
-5637
-10757
-3845
-27135
-5145
-12547
660
-23299
-16757
16017
-22276
-14193
-16254
-13439
7026
-24444
-387
-3459
-30846
1021
-12794
-11017
4723
-22090
18587
14227
18913
19900
16323
-11829
-2449
28290
7287
391
17533
-2436
-891
1021
23811
17148
19056
-519
30446
14562
31228
-1823
12225
22268
-10131
17655
-8453
-20229
-8709
-27135
-794
-12547
-15984
-24067
25483
25741
-22532
-12913
-12414
-10623
31346
-29308
-6019
-20611
27260
1021
-4602
-11529
-12433
-16454
926
3219
-13600
-25412
3011
6347
24176
20610
-394
-25210
23421
11389
23686
1021
23811
15868
-9360
9466
495
7650
-32516
20962
19648
31484
-25491
759
-3845
-10757
-7941
-27135
-15641
-12291
11665
-20483
-26995
-5233
-22788
13968
-9086
-639
26994
25988
-7043
-14211
3966
1021
23046
16888
-17809
700
-866
-28524
-3870
-18500
-20542
-26675
-14226
31362
18551
-7546
11133
-1156
26763
765
23555
16380
13172
32762
-21008
10983
-30724
13285
22210
-10244
-8851
28407
14844
31740
17148
-27391
2025
-12547
9620
-17155
23695
-4461
-23300
-28528
12675
-127
31346
-31612
-23427
-23171
21632
1021
-7163
3833
17777
-26945
8354
-28521
486
3007
-2366
-1839
-2451
4738
21879
-11898
12413
2429
14981
1021
23811
15612
7537
-10246
-3343
32486
-30468
20453
-29246
-11012
-26258
6391
13820
30460
22268
-27391
-21016
-12291
-17520
-15875
-369
24465
-23556
24720
-8830
-20863
-23694
-32380
-8835
-18051
-3464
1277
-9211
15353
-4244
23235
-5724
152
-8986
-6209
10179
11218
14702
12162
-31369
-11386
16509
20605
20104
765
23555
12028
-31374
-3846
18674
-19737
-29444
31973
16834
-4
-7570
20214
21756
-25092
28412
-27391
-21016
-12291
22163
-15619
-28528
29331
-22020
-12144
16259
-15999
-11918
-14460
-9091
-3203
27775
1021
14085
16377
-19600
-28988
20134
24218
24808
20928
-830
9429
-4243
24706
-24969
2695
5501
-3972
-3190
765
23555
13820
-1677
17147
17140
3563
-28932
4328
14788
14589
-28049
-21514
29436
-2052
-18180
-27391
-3095
-12291
-30060
-14083
15249
-23661
-22532
6545
8067
-4479
-9102
-3452
-22659
-24451
2689
1021
-2300
2298
26993
-24119
4011
-18275
-7446
-29757
-1340
-12584
31085
12418
-4233
-21626
-5764
3453
21635
1021
23555
11004
-4753
30971
-1548
31466
-29700
-20761
22211
12541
27504
-30474
28668
-5124
-24068
-27647
3306
-12291
-14960
-13827
-27759
17296
-23812
27025
16771
-16767
-13710
-9340
25981
-23939
-15748
1021
-8956
11514
-2450
-3380
26285
29854
-16405
-7997
-32060
6873
6766
18306
-1417
-7546
4733
-644
-30327
1021
23555
5116
29811
25083
-15628
32236
-29700
-22554
-6464
22781
-29584
-19980
31740
3325
-12548
-27647
21480
-12291
26004
-14339
12945
14483
-24324
26513
26243
-10623
-6286
-2940
-25731
-26755
14211
1021
21764
11514
12914
11724
-14163
8610
2285
-1596
-28989
26076
-27283
8322
17528
-7034
2685
9341
-26230
765
23555
508
-5773
-30725
27125
9198
-29444
25063
5826
25597
-8848
-10253
32764
12797
-8964
-27647
2280
-12547
7829
-13827
17810
-2156
-24324
1682
24451
-12671
9075
5253
-24963
-21635
-4223
765
15108
22266
-17807
2511
24240
-19549
-3347
30918
27588
32733
13934
6786
17784
-12666
16509
6525
4487
765
23555
-1541
-26767
-18693
13558
-27666
-29188
26855
-13120
26621
27761
-28941
-32004
12797
-7684
-27391
-12313
-12547
-22382
-13315
19858
9106
-24324
-12655
29571
-14463
3443
2437
-25219
-23683
28288
1021
6916
-28678
29040
-22318
17075
27813
-2834
14279
28356
16094
-14482
13186
-23176
-5754
-1412
2685
3981
765
23555
-8965
-9612
-16645
-28938
-7696
-28932
1512
-8001
-32259
2417
-29710
-27908
24829
-3588
-27647
-11545
-12291
-16234
-13315
-14959
17301
-24580
30610
23939
-1663
21875
15749
23677
-31107
11656
765
-11261
-14342
-18828
-8237
10421
-14423
-9232
17353
8133
-27679
11630
18818
633
-13178
24701
893
5771
-4
23555
-13061
19316
-7173
24311
10225
-28676
21480
16576
-29955
-1167
-16911
-26884
27133
-1284
-27391
-16153
-12547
29077
-13315
3730
15252
-24836
24722
-24957
-3711
-6285
14981
-8067
22653
10371
1021
-16125
-6662
882
23767
19896
-29013
12273
-32309
-19514
-18206
-28049
18050
9081
-18042
17789
1149
14473
-516
23555
-23557
-27021
-261
17656
18674
-27908
-22809
-23617
-25091
-31886
-28176
-24580
-29699
3069
-27647
21479
-12547
-19564
-13571
12947
-5228
-24580
-20078
-15229
-3967
-13965
17029
31869
23677
-7806
1021
-25597
-3334
-28047
-31782
-32068
-8273
-2574
31180
5318
-1563
-31376
4482
18041
5255
30333
-11396
13457
-2308
23555
32763
-2185
4860
-12040
-29196
-27140
-20760
-7490
-21763
6514
-7697
-22276
-24835
7421
-27647
27623
-12547
24985
-13571
-622
24472
-24324
25235
-14461
-8063
-12685
-26235
-23939
14205
25479
765
32259
14587
13940
29661
-2369
22709
-32268
-4402
-32312
30185
-26256
-1407
28281
-2170
11389
-24964
908
-4356
23555
22779
18549
9468
-25863
5364
-26372
-29720
-27457
-21507
-1166
-4626
-20740
-22275
9213
-27647
17895
-12547
14998
-13827
-4461
-20330
-23044
19347
-26237
-5759
-11405
-28283
26237
-8068
7554
1021
31491
20987
26737
-11296
12484
24245
19189
4048
-7224
10474
-30863
-5759
-21895
-1658
16253
3709
-1653
-6916
23811
-2054
-25227
11260
-3079
-2316
-25604
-12824
-20290
-20227
11892
28397
-19972
-19715
8957
-27391
-6682
-12291
19607
-14083
13973
-31081
-23300
-12141
-23933
-17023
11380
-21883
21629
13949
-6524
765
27395
29179
9586
227
-22074
18617
29430
2258
-31286
-25620
114
642
-5255
-17786
30845
-5252
-4721
-11780
23811
-8198
-18312
13308
29178
-4362
-25092
-25623
-6467
-18691
-4749
15853
-19716
-16643
11261
-27647
28903
-12291
22169
-14595
-363
922
-23556
12436
-18813
130
26228
-23163
-18819
8317
-6522
1021
25859
-23557
-22925
-3100
-8503
21950
26103
-6701
-31286
26863
-20623
898
-8071
-4474
21885
5501
-18294
-17668
23555
-15622
3702
16892
23291
7671
-24580
9194
31678
-18435
-32395
13548
-19460
-14595
11773
-27647
-8473
-12291
-19050
-15619
-18281
-17001
-23300
1172
7044
-6015
18804
-16507
30077
23165
10368
1277
25347
-13061
-18065
-22039
-13617
-15425
6648
-23851
-7990
17136
-28814
-1663
3706
-8314
9085
1917
19597
-25092
23555
-27398
-10634
17148
-27397
761
-24068
-9750
-14148
-17923
14709
30187
-19460
-13059
12285
-27903
2536
-12547
-9832
-16899
-4713
-24423
-23044
-25452
15748
-4991
20596
-14203
20861
7805
-7803
1021
24067
-5381
-21902
30442
-19503
7878
12793
30679
-14389
-13070
-12687
11394
23674
-16506
15229
1917
-23153
28412
23811
-25862
14968
17916
-15621
-23815
-24068
1003
-12612
-17923
30325
31466
-19460
-12547
12029
-27903
-5145
-12291
4762
-19971
-30312
-10598
-23044
1685
-6781
15234
-19596
-4475
17021
5757
-9593
1021
24067
-5
23411
29676
9684
-4920
-25095
-21032
-25909
-20749
1906
642
23930
-23162
13181
-6020
-3705
15612
23811
17402
-21133
18940
1532
24313
-23812
7658
4540
-17923
-26250
30697
-19972
-12803
11517
-27647
-12826
-12547
-9067
-20227
-26471
14489
-22788
-22636
6788
6530
-23692
1926
19325
2429
-15997
1021
24067
2556
-20880
-4883
-7210
14025
-11271
-15400
14795
3060
-15758
3970
-25222
-12666
19581
10621
13710
-261
23811
3834
10871
19452
1020
30970
-23300
6890
-26694
-17923
8310
19943
-20484
-12035
11773
-27903
21990
-12547
-29799
-25347
-30824
30362
-22276
2197
19588
4738
-12940
6022
19069
16253
14218
1021
24067
8956
17780
-10770
28119
28622
-28166
-28966
-1078
-2827
-14735
1154
-17030
-15738
14973
125
-16754
-21509
23811
-11271
-30345
20476
14588
-19206
-22788
9706
14522
-17923
-20874
13798
-20484
-12035
11773
-27903
-24347
-12547
10650
-30723
11416
666
-22532
-18539
6020
-1919
-4236
5254
18301
5245
-2681
765
24067
11772
-28045
23280
14298
14544
-13318
-22565
-29237
27638
-28814
898
-9862
12679
29565
-11396
10635
24059
24067
25849
31605
21244
24572
-20742
-22020
-30743
-24136
-17923
14199
-21788
-20740
-12035
12285
-27647
-29980
-12547
-12137
-31747
-21352
24472
-22532
-20331
11908
7298
5493
-15738
19325
-8068
-15738
1021
24067
13564
29810
28657
23772
-7472
-4614
15068
17866
-15882
-8078
8322
379
5767
22397
-644
-30319
251
23811
3577
-16008
22012
31484
20987
-21508
-1303
-32584
-17923
-7050
-14621
-19716
-12035
13053
-27647
-4892
-12547
-18277
30973
-32104
27036
-21764
-9323
16004
12162
1653
-29306
13693
-5252
22670
765
23811
17404
-20106
32498
18910
-25900
18939
18398
-20789
-521
30322
9346
-27013
-11130
31101
-4740
-5235
-26118
23811
-16136
2167
22268
-28420
24059
-20996
9193
18615
-17923
-6026
-5150
-20996
-12035
13053
-27647
-15645
-12547
30873
24317
-26729
6810
-23812
-2667
28804
7810
-25227
22150
31357
-4996
13449
1021
23811
17916
-16013
-23053
-1057
-19755
-30469
27103
21452
-29704
22387
-895
-13701
-23162
-30595
637
8844
8698
24067
13304
29814
22524
-20228
-25861
-20996
13288
-7244
-17923
15223
-12064
-23044
-12035
12285
-27647
-13086
-12803
28312
17661
10391
32152
-26116
-2155
-18812
13186
-13451
22150
-25987
-6788
-30328
1021
23555
19196
29811
-30220
17890
-23593
-18437
-9249
26827
6905
-29325
19586
-12165
5767
-21635
23933
9619
20473
24323
-4105
31098
22780
-15876
-8453
-20484
-29977
7347
-17923
16502
-7202
-23556
-12291
12797
-27647
22754
-12803
31900
9213
10133
19865
-29188
19862
-25468
25474
-15243
-23930
31613
12925
-29044
765
23811
21500
-12683
13813
-3101
-29222
-1029
-23839
-10037
2298
27507
-4479
-4741
-12154
-29827
17533
-4724
-13064
24067
28663
119
23292
-10756
-18693
-20228
7655
14257
-17923
-30090
13534
-25860
-12547
11517
-27903
20705
-13059
-15464
1789
26518
26008
32764
15254
-29308
5762
-8075
-27770
27773
1661
11654
1021
23555
22268
-1423
12022
-18459
11482
2812
-13855
20171
-263
29300
-1663
-7301
-15994
-27011
-388
25740
24568
24067
-3338
22902
23804
-7172
6396
-19716
-17179
-29777
-17923
22390
5852
-28164
-12803
11005
-28159
-6944
-13315
29080
-5124
-3435
12695
31228
-13162
-17788
-895
-21387
32646
24957
-13700
3721
1021
23555
23548
-2446
2551
16103
18653
12028
-31774
12747
-24070
-2445
6018
22140
-22394
29821
7805
9360
26359
24323
-18954
-6792
24316
-6660
13052
-19716
998
1199
-18435
-6283
12251
-29700
-13315
9469
-27647
-15904
-13315
-24934
-19972
-24427
-13928
24316
-25962
30852
19842
15478
-31098
19581
-11652
2955
1021
23811
24060
628
28151
-9497
21727
19964
-11805
4043
8187
-20877
-3711
21372
-22138
32381
1661
8585
-11530
24323
7926
-32139
24572
-1540
6652
-19460
-4380
430
-18179
20598
-27942
32764
-13571
9981
-27647
-30497
-14083
28054
-18180
-22890
30102
18428
-3434
-20860
15234
7542
-24698
10109
-15748
-27261
1277
23555
24060
31855
13304
20970
22239
23036
-3358
-26166
13307
6260
-12159
-29316
-30330
-14979
32637
2188
-8971
24323
-31755
-10122
24316
-772
22012
-19460
25316
1964
-18179
-7307
21720
27388
-14595
8189
-27647
6623
-15107
-25960
28156
-10603
-17001
11772
1943
-18044
-3967
30582
-31866
-31875
14717
14217
1021
23555
24060
-20366
32760
-4886
-8991
27388
-2589
-17207
-26373
-22669
642
-15748
-12666
30077
25469
3470
-28940
24579
-4364
12152
24828
-516
24572
-19204
-9757
2987
-18179
-17035
-2346
25340
-14595
7421
-27647
20446
-15107
-23143
18172
-18027
18072
764
5783
4741
13698
22134
-17018
3965
4733
-3959
1021
23811
24060
4979
-12808
-20757
-29214
28924
-25884
-1335
-15621
25203
-21375
-11652
8582
13181
25725
-3962
-12557
24835
15604
-141
25852
2557
14844
-18692
15586
13225
-18179
7542
11734
21244
-16387
4349
-27647
32477
-17155
-22379
8444
13206
20885
-5125
-11114
-12668
-7295
-29834
14982
2941
2173
-18299
1021
23811
23548
17264
24569
-16659
483
31484
27620
-15160
-1541
16755
-12159
2941
-19066
-15491
25725
-11636
-13582
24579
-21261
-30345
26108
1533
-27396
-18436
20706
11943
-18179
-25739
7380
16636
-17667
4349
-27391
-15908
-18435
-14184
-12293
27286
25240
-18437
25239
-7036
8322
-20618
-10618
25213
2685
20364
1021
23811
23292
-11661
-30215
-7955
19942
-30212
-4892
-10041
25084
-31630
-17791
12925
32390
-31619
21117
-2420
-20495
24835
18419
3704
26620
2045
18428
-18436
-13855
3495
-18179
25205
14547
11516
-18435
765
-27647
24028
-19203
10393
-20741
-28779
19864
-30725
21655
-636
10882
-12426
-19578
11901
-4740
24712
1021
23555
23292
15986
-6663
-14610
-13084
-29188
8165
24007
26876
-19855
-10111
13437
19334
27773
26749
19849
12785
24835
-12302
-20619
26876
1789
7164
-18436
3809
20389
-18435
-8587
-12079
2556
-20483
-516
-27647
20955
-24835
14231
25339
-20331
-7275
24059
24727
-4220
14466
-4746
-29306
8317
6269
-30586
1021
23811
23036
7281
1274
15087
1252
-28164
-19741
-4157
27132
14449
-10367
29053
-14458
-24195
31357
-20593
-16913
25091
-25870
-14472
27132
-4
26364
-18436
15585
2212
-18435
-6284
21969
-3077
-23043
-8708
-27647
-19750
-24067
8091
1787
-14188
20631
4603
-24937
-13436
5762
2935
2695
20861
637
28813
1021
23811
22780
9333
11770
-13330
22502
-26884
-30236
-2621
-22788
13424
-14463
-25475
26758
-21123
30333
-6515
12782
24835
17137
-8072
27132
765
17660
-18436
-8991
-346
-18435
10102
-20015
2044
-21763
-4356
-27903
31451
-23043
32409
29691
-6505
-12390
14843
28055
9605
10882
17527
-6010
21629
125
-25209
1021
23555
21500
9842
12794
-2834
16611
-27908
22243
4290
21500
20334
386
-4995
28294
-29315
-27523
-7284
-8724
25091
496
31864
27388
2813
-30724
-17924
-17951
-16986
-18435
20087
-13361
-2565
-23299
-3588
-27903
-1318
-26627
-21607
14331
-2665
29848
-4870
29591
20101
27522
24695
-9338
8061
8061
25224
1021
23299
20476
29554
29434
-4624
25318
-26372
24805
31940
-25092
-19856
-13951
-22147
20102
-27523
30589
18836
10731
25091
-24849
4989
27644
1533
-20484
-17412
-28447
31909
-18435
11127
11726
-7941
-22531
-6660
-27903
28122
-25347
15005
-20486
30359
9628
-26630
32151
2437
10882
12919
-17274
8573
-900
29068
765
23555
19964
629
-22534
26865
-10264
-24580
16614
6853
-7428
-19600
-11903
16254
23174
-12163
29053
-15730
-13847
25091
20206
9850
27900
1789
-25348
-16644
-24352
23461
-18435
-393
22477
-11013
-24323
-4612
-27903
26329
-29187
11418
-3590
-12392
-21350
18170
30359
13189
12930
-4489
-16762
21885
-8068
-14203
1021
23555
17404
-12431
5115
-7694
3561
-23812
14054
-25403
-2564
-17551
-18559
-24450
29318
-24963
21117
20622
-6680
25347
24557
23930
27900
1789
-19716
-16388
-16417
3492
-18435
23160
3276
-21253
-27651
-9476
-27647
729
30973
8858
-18182
-9576
-28006
-263
-29033
7301
7298
3704
-1146
17277
-4996
21641
1021
23555
15356
26227
15611
-25357
3563
-22788
-8218
22213
11261
26737
-18047
20350
22662
-6787
25981
10130
10214
25603
-25364
-14724
28412
509
-15364
-16644
-14368
-30300
-18435
-28297
-25909
-21253
-28675
-13572
-27647
-30504
-30211
-32356
26106
-6759
-7524
-11527
-16745
16005
6530
-10377
-7034
29309
-4996
20619
765
23555
13052
-28300
25595
24052
-788
-22532
31975
-19004
16893
29552
-7551
-14978
2182
-12675
25469
-11381
-13084
25603
2539
-903
28924
-4
-19716
-16388
11743
26787
-18691
4474
10441
32507
-32003
-14596
-27647
-18985
25085
-9064
13050
7579
14492
-4360
-27497
3973
18818
15224
-24954
12157
-16260
-25212
1021
23811
8444
-6288
-29957
3829
7916
-22276
-28953
18884
18941
-22670
31617
-13442
-1403
-18051
4221
-18289
-4126
25603
-18455
6523
29180
-1284
-9732
-16132
10975
-19295
-18691
1658
12999
24571
31229
-14852
-27647
-11050
16893
-32357
-13319
29339
18077
14840
-31849
5253
-639
17784
-31354
10877
32380
-30326
765
23555
4348
-10125
-23557
27125
29167
-21764
15080
-3133
29949
7794
-4479
-27010
1926
-14467
-27011
-12655
-31520
25859
-10776
1917
29436
-2308
-9476
-16132
-11042
-29791
-18947
26746
2502
15611
28925
-18436
-27647
30422
14845
-27492
6393
-1126
22173
-28425
-873
-124
28290
-1417
-12410
5757
-2436
-13685
765
23555
252
12917
-11013
14326
-25361
-22020
-31256
16835
31741
15730
-10623
21119
-3195
-7811
31357
-31094
-30754
26115
-29209
121
29692
-2820
-16388
-16644
-7203
-30304
-20227
-21125
-17212
-10502
13565
22268
-27391
26325
-7684
-24168
-28424
-23141
-1894
-20746
-13929
6533
17538
-21384
-15738
14973
-3972
13192
765
23555
-7429
8563
-4613
6903
-20240
-22276
24040
30402
-31747
4211
-25983
25983
-7547
1150
-14467
-30064
-27173
26627
-538
-17029
30204
-8708
-17412
-16644
7902
5791
-21763
-26757
15810
31738
5117
14588
-27135
26068
-14596
11420
-25097
9883
22172
-23819
-23913
28037
4226
-22920
-15738
21885
11901
-11121
509
23555
-12037
-3722
-517
-28681
24051
-22020
17897
18882
-25091
24690
-15999
21119
-3451
13182
-20355
5521
-28712
26627
-31259
-18820
30460
-12804
-20228
-16388
8157
4766
-21763
6780
-2368
19962
1277
15356
-26879
-26925
-21252
11164
-13066
9115
-19556
22772
25751
24709
11650
-23432
-15994
-27011
3197
-26228
253
23555
-19205
-14731
5884
16888
-22030
-21764
19945
26050
-24835
-21133
-21887
-16769
-22907
5246
-18563
18573
11478
27651
23268
-29318
30716
-16644
-28420
-16132
10460
-20068
-25091
-27268
8638
-12807
-13828
-3589
-25855
25810
12796
16026
13302
-20326
27547
-14093
-24169
15237
12418
-136
-22138
26237
8061
-3446
-516
23555
-25349
2677
11260
-12296
-14605
-21508
-30487
-2624
-23299
-9357
30849
1920
-4987
-7555
-18563
28562
17619
28419
-29468
-10884
30972
-28932
18940
-15876
-18470
-17510
-27907
10619
22972
22265
-28932
-28933
-24831
-24880
13052
-8804
12277
8856
-22117
31218
-9577
20101
1922
2169
135
15229
-9092
-14702
-1796
23555
-17925
9849
13564
14329
15094
-21252
26346
21697
-20483
-29324
29569
8576
-8315
-3459
-27011
-4467
-8497
29699
26339
2427
30716
31996
2300
-15876
3545
-16744
-28931
-32646
-8518
-1544
27644
31739
-22783
-27953
-1029
-11623
-8973
18839
12441
3313
-20585
20869
4994
14457
-5754
16253
-19844
-32116
-2820
23555
-22021
7285
18684
-8967
23029
-20996
29930
17345
-20739
18293
-22399
22912
-23931
12414
-12163
5772
-8756
-32509
-29471
26234
30972
27132
-261
-15364
-26666
-22379
-32515
10105
19128
-28936
9468
22267
-18687
29134
32251
-13160
31987
30871
15768
-26384
-26985
7557
14466
26233
-12922
26237
893
-11637
-4868
23555
31483
25717
20732
22778
-20746
-20740
17385
11199
-19715
-14989
-17535
-21120
26501
6014
-16259
26003
5320
-30717
17632
-27778
30716
14076
1532
-15364
2263
150
-31235
26746
20918
29688
17916
26107
-15871
18125
-22789
157
5362
-18538
667
26094
-24169
11909
18562
-20871
23430
22141
893
-18033
-9220
23555
25083
30583
22780
31738
12791
-20740
-22038
-31552
-19203
22133
-12415
3457
25733
15486
-22403
23693
30661
-25341
-17698
-24965
30460
7932
-16133
-15620
22229
-29549
29693
10874
3253
-2313
5628
12539
-8959
-3893
6651
-1896
27889
-17258
28056
-11796
16791
3717
23170
-10631
31622
27517
-13444
30600
-12292
23555
14587
-10125
24572
-518
-21258
-20484
-24599
15550
-18947
28021
-28031
-1408
24709
17534
6526
29836
1985
-18685
-13348
12411
29692
-5
32507
-15620
-1069
-24175
22013
31610
16306
17399
-26629
29178
-511
-18486
28922
1945
-30736
-2666
1690
-18966
5271
6789
3970
-13959
-23162
24957
14205
30091
-18436
23555
-6
-3724
24828
6651
2040
-20228
-22295
2237
-18179
5493
-14719
12417
14469
126
-13187
25488
-15688
-17917
-8230
21886
30460
-15621
20987
-14596
14291
-26992
19709
-24454
-30545
-23562
25083
27898
2818
28361
26618
17051
1519
-16746
1178
-22810
-26217
-636
-30334
-2951
-29050
10621
-7300
-22643
30716
23555
-12550
-30090
27388
21499
24824
-18948
-19479
-21828
-18179
3701
-27263
-20095
15237
-4739
-12163
24969
30134
-1789
-13607
4474
31740
-16133
-2310
-14596
5074
-25458
8957
-1414
-82
13814
-1542
-10503
24322
-12856
-29447
1687
29166
24983
26775
15589
-7017
-31611
16770
10618
-23418
6781
-2436
17030
25340
23811
-19206
-26255
29692
-8965
6137
-17924
-11800
3258
-18179
-9100
-18815
-7295
26501
19326
-13187
-21364
22705
12292
7128
-11141
31228
-26373
-11014
-15108
-13615
3982
4605
-6534
-19541
-20491
-14598
-27399
-24574
11464
-7944
-8551
-29971
-873
25498
-28190
-12648
27525
27010
23930
-8058
29053
-7044
-25205
10236
23555
-31494
-9356
30972
10748
28154
-17156
-11543
32698
-17923
32628
-19839
-11135
-18555
11390
3454
6799
17323
24580
31702
22141
30972
23803
-13830
-16388
29904
19084
253
31867
-29271
6133
29690
-31751
-4862
32199
-12040
667
25323
-22634
18840
6879
-12391
28549
29058
5754
17287
16509
-132
-6004
-11525
23811
25338
-24203
31484
24572
-15878
-17156
-27671
5305
-17923
-28556
-31103
22402
-14459
11902
-1155
13192
-2650
-2812
20947
-19847
29180
11259
21242
-18692
31182
-4216
-5892
19836
-28762
16628
21242
19449
-23805
-5180
-16650
11927
-31766
9368
22424
13020
23706
-18299
16258
-27270
-23673
17533
-14212
24201
-29957
23555
-7175
-29069
31740
-29956
-7686
-17156
-29976
23733
-18179
13684
-24703
-25726
-32123
15742
1150
13710
-23648
16645
24273
25469
24060
-19462
-1543
-21508
13005
28551
-19460
24956
8099
12787
-29959
25592
-1021
1987
-20234
-32102
-9496
-29545
28058
-25383
-18278
-28283
25730
-18310
23175
17021
-1156
27536
3323
24067
-30471
29303
31740
-30468
31483
-16900
8936
-24909
-17923
-29069
21121
1923
32389
9854
6526
-17523
21403
-31483
-18736
-31876
20476
29946
-15879
-21764
-23094
16004
28924
19832
8097
-1807
-2312
5112
-26620
29377
-6155
32409
31461
19093
-14185
16855
32154
-6267
5250
3963
21639
4221
-132
-15988
-27654
24067
26873
18549
32764
-22276
15867
-16132
-24602
-25423
-17923
-32143
26753
27779
-22139
20350
15998
-32628
2709
-28923
-22069
3453
17404
12794
14073
-27908
7882
-31867
18172
-11396
-31330
-21263
-29960
2295
-9212
-31552
-22028
26521
23271
-16232
21657
-24620
-8038
-21883
26498
20091
-20857
25469
6013
31626
-5639
24323
-26120
-3212
32508
-30980
-263
-15876
-19484
27310
-18179
-20623
23425
-12925
23941
27774
11390
-14957
-4211
-10235
11977
4481
13052
-20487
8953
-28676
3274
-25725
20220
-11652
-23141
1521
28408
26871
17925
26303
18420
26013
32740
31640
28059
11216
-14950
-14459
22146
-26757
20615
29821
125
-15983
1785
24067
14840
10361
32764
-26628
29946
-15364
10725
15022
-18179
22385
12673
-5245
26757
26238
29310
12432
23945
-30458
9159
-1665
7164
24313
-31752
29692
-13624
13188
-5637
12414
-11367
-24081
23799
9206
13574
-28226
-22285
18843
24291
1433
-21861
28109
13723
-18043
10370
-12421
-30073
17789
11901
-1140
25080
24323
-20489
-12170
-32260
-13828
-18950
-14596
-21020
-8788
-18179
26738
27521
4484
24965
14974
18302
-20082
27013
-28409
16580
24447
508
-3080
12792
19708
14280
-7294
-24837
-24450
19351
-21778
-9994
20981
26631
31164
-28943
-15462
-4895
-24167
-20070
31434
31131
-15227
19842
-17797
-23929
3453
-900
-27764
-15369
24067
4087
-6794
-32516
-8452
26107
-14596
-6684
13996
-18179
-28046
9601
-19324
29573
-24706
26238
20117
-383
5640
29635
11395
-6661
-22024
4600
20220
-1849
27778
-21253
7806
32150
28398
3831
-27147
-2297
11452
-30990
14494
-545
20120
157
24007
23707
-13179
3202
25724
-17529
27517
8061
-4209
12791
24579
2807
-17032
-31236
-4356
-13573
-13316
-23323
-13652
-18179
5746
13953
-20348
8837
25982
-31362
27791
-31877
-19192
-16448
10624
-8709
17144
22775
3580
28102
-2175
4859
-30849
22421
-1812
-18187
-1037
777
26042
3312
-25958
-20514
20633
5019
27842
-26470
-20091
5762
-20100
28039
9341
17789
6026
246
24323
28662
-4747
-32260
-260
-20997
-14084
-5148
11180
-17923
24948
2689
4741
8581
-20610
-24706
-18290
30582
-25335
-5187
10112
-16389
-521
22774
-12549
20165
-30081
-22022
-19073
20114
-29717
-12044
-26125
10762
20665
-7187
-30054
18652
27800
23705
30910
-10854
-14459
4738
-19844
-29817
29821
23421
-25203
-3084
24323
-18955
26487
32764
1277
18940
-14340
22757
23722
-18179
9844
23169
19333
-1148
-22402
-10626
2962
-19089
-12791
-5701
3203
-28165
16631
26614
-17669
452
-19842
-30726
-11393
-30576
-6678
31476
22514
-16374
-8777
750
-357
-550
19352
13723
-27975
17306
-27003
-31614
-388
15239
29821
-27779
-26225
24563
24579
17397
18297
32252
1789
24060
-14596
2277
21418
-18179
14964
21121
-29563
-19324
-24450
-24706
27531
-10902
-10230
-12104
-11393
-32517
3575
8693
29947
-10558
13694
1018
31873
25231
28137
-30989
17137
1804
13494
21739
-3945
29913
29337
14745
15541
17562
-9083
30082
2429
17031
15997
20605
8073
7154
24579
-30988
9845
32252
4349
-31236
-14852
-18971
2475
-17923
-11402
11393
-23931
-3964
-4226
-10114
25486
3686
-3573
-19530
-25472
18427
29430
22773
13563
-5186
-7817
-31495
-898
-4470
25319
8434
-27920
-24307
-19277
-2328
-22376
5590
28567
32664
-13903
12442
-13691
18050
11389
-24441
-19843
30845
16013
-16912
24579
23796
1911
32252
5117
-11780
-14852
-18975
-23132
-18179
13684
