6272
-5505
128
-20865
19840
-17281
6272
-1409
-18305
18560
-9089
10624
-2945
24447
7552
-7553
5248
-9601
-6017
18048
-8321
5248
-1921
-26753
5504
7040
-6017
-3457
24191
17792
6528
-6529
-4737
-17793
15232
128
7040
-7041
-19841
15488
-641
-2433
-5761
-26241
20352
1408
5760
-3713
-7809
18304
-11649
7296
-2433
-22145
5248
-4993
4480
1664
24447
16512
-1921
3712
-12929
-9089
5504
-16769
20352
-14976
17280
23424
-9857
-3201
-2433
-16769
11392
-4737
-5505
-2433
-10625
13184
7552
-897
-385
9600
-7809
9600
-2689
8320
-28289
-8577
3456
1152
-1665
-3457
1152
-2945
-3201
4224
12416
-5505
-641
-1153
-385
-27521
8320
3200
-897
9344
-19329
11392
-4225
-7297
-2177
8320
9600
-11393
-10881
-4225
8319
24960
-1665
128
-12417
384
-1921
13440
-4993
-8321
1920
9088
8064
1152
-385
-17281
-3201
640
-2945
-9345
-10881
6528
14720
-3201
-1665
4480
11648
9088
3200
-13441
-8577
6528
7040
2944
-2433
-16769
5760
3200
8320
3200
1408
14976
-7553
4992
4736
29567
-8577
-3969
-6273
640
-23169
-16768
7040
10112
6272
-17793
-12929
8320
-5505
-9345
-2177
21120
-11905
-6529
-8833
-10881
2432
-2177
-6273
2432
12160
12160
384
-385
2432
17023
-5761
-5249
-8065
-1665
13952
21888
-10625
-1409
2944
-17537
640
-6785
1920
4224
-641
11648
-12161
-385
384
-4225
4992
-11393
-6529
1664
21119
29568
-8833
10624
8576
-32129
-10113
1664
2432
3200
14208
-4481
-3713
8064
-1921
28287
-11649
-20353
-6017
-5761
-14209
6272
-3713
12928
3968
-4737
-12673
1920
1408
-8065
9088
7040
5760
-13185
-2689
25727
3968
2432
3456
-14465
14208
16000
7808
9088
-9601
25471
2176
-385
19840
-10881
17535
-7552
2176
8832
-13697
-3713
17280
1408
-641
-12929
-8833
18816
-13953
6784
384
-10369
10624
-9345
10624
-3457
-2689
7040
-4225
7296
7808
-2689
7552
-6017
5504
5504
2944
18560
-6017
384
-10625
-10113
21376
-3457
-1665
-5505
-13697
10880
-11393
-2689
-385
-2177
13440
-3457
-897
-3969
16767
-21376
-2945
-15745
-1665
-15233
15232
2432
6272
5248
4992
-129
5248
-3201
-641
6016
14720
-6273
-2945
4224
-16513
5504
8320
-5249
-11649
-5505
9600
4224
-385
1664
9856
10368
2432
3200
-7297
-20609
12672
-2689
4736
-6273
2944
26496
2432
5760
4480
26240
14208
13952
2176
-6785
-9090
-9088
7808
1664
-2177
3712
15232
10368
640
-4737
12928
3200
8064
-2177
-7809
-13953
11648
3456
4480
9600
2176
7296
9600
10624
-897
20608
16512
-897
13184
-8833
-13185
23168
2688
1152
-7297
1920
4224
-7553
6272
-641
7040
2176
-8065
2944
-3713
-24961
12416
-5249
640
6784
-1410
-18816
8064
-1153
-2433
-7809
-641
2432
5504
3712
-3457
-6017
-2945
-4993
4224
8320
6272
7296
3712
3200
-10113
6272
7296
5760
2432
-8321
8576
8832
-5505
8832
6272
13696
-11649
-9601
17024
-9601
11904
7040
896
-5249
-7553
8576
-11393
1664
2432
14208
10624
-6017
-5761
-15233
-29314
-20608
3968
-6529
-8065
-18561
14208
6016
2944
-385
10112
10112
128
-641
3456
-14977
10112
3968
2432
384
-19329
18048
1152
-2177
-7809
10624
5248
12416
-5249
896
-31873
15744
1152
-3457
7552
-14465
19328
-5249
2176
7040
14976
10368
14464
-16001
8320
-641
9088
7552
896
4480
-8834
-4480
12672
-2433
8832
24960
9088
13952
1920
8064
-9601
14976
4224
-5761
10624
2944
22912
6784
-8833
2688
21376
7296
10880
-4481
-3201
-22913
5760
7552
3456
-9857
-8065
21120
896
2944
3456
5248
16256
12672
3200
10624
-22657
13184
8832
-1409
-9345
-14721
15488
5760
-7297
-7553
-21890
-27776
1920
-15233
-11393
-18817
-4737
-9089
-11137
11392
7808
-2945
1408
-7809
-641
3712
8576
-2689
-641
-19329
-11137
7040
-3457
1408
-3969
15488
2432
-2177
-7297
-2689
20096
4224
-13185
-3201
-6529
-15233
19328
-2689
1408
-2433
-1409
9344
-2689
3968
-3713
16512
5504
-1153
-6785
3968
-24962
-23680
-10113
-20097
-129
24192
8320
1664
-11137
-1409
12160
18304
-12929
-7553
2944
-14977
9088
-5505
-3969
-4225
24448
8832
-7809
-4737
1152
11136
14720
896
-17537
-10625
-7041
9088
-385
2688
896
19072
19840
-7297
-9089
8576
-11393
3968
-3201
-7297
3712
-19841
14976
9344
-16257
1152
4223
-27008
8576
-11649
4480
11648
9344
2944
2944
13952
640
5760
8064
-9601
5504
16768
9088
2432
-8833
-12929
8576
12416
-15233
1152
-3713
4224
19584
9344
-2177
6016
22912
13440
