-3969
22144
-1921
30080
12928
-29057
-25985
-385
25728
-641
6016
-19841
-5505
25472
-1153
3968
-28545
-3457
28288
2176
-4225
-15489
-12673
3200
-11649
13440
-29568
-23937
8576
-3201
12672
12928
-7041
12416
-7553
12672
-7553
28287
4480
-29313
-23680
-7809
-9089
15744
-13185
-2177
11648
7808
16512
-28545
6016
2944
-1921
24448
-32641
14208
5504
640
15488
-23425
896
16768
-6017
8832
-15233
-14464
1021
7936
2824
2056
5760
6528
-11905
16512
384
-5505
9599
128
10880
7552
16000
11648
-16257
-2177
-7809
25216
3712
-1409
10368
-3969
-26752
24192
-11905
-8321
4992
1408
14720
-22401
6528
1664
12416
4224
-26753
-4993
-3201
-385
26752
-31361
-1921
10624
-32128
29824
22399
5760
-9345
13952
-28544
13951
-1921
-10881
24704
-25728
-22401
9600
640
2688
3200
4480
22400
-9345
2432
13440
-23425
14976
-13441
26240
10624
-25217
9856
-10881
-16257
24191
6016
640
26751
-23681
-22913
1152
10368
-31105
21120
16768
-18049
-897
-18049
-20097
31103
13696
23424
-32641
-12417
23168
-16257
-129
31103
-16257
28031
-22913
-3713
25727
7552
-15489
-8577
13440
32383
10368
20608
10368
9600
30079
-1409
5248
-22145
-4225
28031
1408
23680
-1409
5248
27519
24192
11136
-17025
1408
19327
10880
-27777
9600
11392
-23425
2688
17792
-19073
2432
25215
10112
-19073
6784
-2945
-32385
-9857
10367
-20865
3456
-28801
12416
640
29567
-8577
25471
18304
-7553
-15745
9088
-13697
22656
-8577
3200
17024
-18817
25728
-32128
-30337
10112
-31361
7552
640
-897
1920
-15745
7040
-16001
-21121
-2177
-23425
-27520
-20096
-3201
6016
-20353
31359
25215
-15233
3968
-4737
26495
-11905
-2689
5760
-12417
-4225
21632
-28289
384
-18817
-16001
-129
19583
-9089
-19073
19840
-24960
-28289
19584
-7809
18048
22912
-16257
18304
-14977
-31872
-20864
31103
896
-16001
-6017
4736
-27777
2688
-25473
17280
2944
-10625
-641
-32129
-3457
30080
-17537
8576
-16513
-18049
18047
-22657
1920
-22913
-6017
-10625
-10625
1152
-25985
-30336
8320
-23937
-10881
-28545
-17537
-31617
21631
-27009
14719
18560
-23681
-10881
-16257
-28545
16256
-29313
-385
3200
-27777
128
6272
-129
-6273
24703
-12417
25727
6272
-2177
11391
640
-12161
-6785
-14465
29567
-11137
24447
-2945
-8833
28031
15744
24448
-2689
-10881
22911
-28801
26495
3712
-4993
27263
-17025
-19073
-641
3200
13695
-17537
-22657
26495
-30593
6527
-7041
-4737
3200
12672
-19585
-12417
-1409
3712
-6273
-28801
4992
-20353
-1921
-14721
-26241
-9089
-24449
-10369
-3713
-18305
-31873
-12673
4736
2944
-31873
-18049
-22657
-11137
384
-28801
6528
11392
-5761
640
-16513
-641
8064
6528
-1921
-28289
-27265
4479
-11393
2432
-12673
-23425
-20609
21631
32127
32127
11392
-19073
-8321
3200
-11649
23680
-30080
-3457
5248
-7297
-31104
27008
-19073
-11393
-8577
13952
-31872
-5505
-13697
-19329
22656
2688
-13441
-11393
-23681
-13441
-23937
-10881
3968
-8321
2176
-22656
-7041
-6785
-24961
-13185
-18049
-5249
-9089
-25217
4992
-897
-13953
-9601
-27009
27007
18303
9343
-30081
6015
21632
3968
-21121
15744
-23169
4736
27264
-3457
13184
-29569
-14721
-19329
-10881
4736
29055
4224
5760
-9089
-385
-32129
-4225
25984
-13441
-3201
21631
-13697
-24705
128
-14465
16767
-11649
12160
-8321
-11905
32639
-16257
-3713
-7297
-11393
27007
-18561
-28033
6272
-8833
30591
14975
-20097
27519
22911
4991
-11649
-27521
6272
128
-30849
24704
8576
7808
2688
22655
12160
-30848
-6017
-13697
29567
-12161
21375
14208
-3713
21631
-10369
-27777
12160
-129
18047
-2433
-24449
5504
-9857
28287
14719
27263
5248
-21889
28287
-22657
-31361
1920
-129
27263
-28033
7296
-1409
-11137
-13441
16511
-23425
13951
11647
1919
12928
1152
1664
1920
-13441
-11905
-13185
-3201
7296
-12929
-11137
25471
-3969
-2945
-15233
17280
-27520
-12417
-8833
-12929
-12417
-20865
-1409
-9089
-6017
8320
25984
-12161
-8321
-12673
-24193
21631
2432
-2177
-11649
9600
4480
-10881
4992
-5505
28799
31359
-641
-7553
-18817
17791
-11393
6271
-3458
23935
-28288
32128
-12929
1920
1408
-641
-4993
128
6784
-14209
11648
10880
-11137
-8577
-10369
-1665
8832
-19329
-3201
-6529
-21889
-15745
-4225
896
-21377
-13441
-8065
-8577
4224
-14465
-20865
22655
-9345
-641
-23937
-11137
-385
-3457
-10113
29823
-26497
24447
-2945
-10625
-23937
20863
-6273
9855
9599
9087
-6529
5248
-10881
-385
-32129
2688
27776
-4737
2432
-31361
-4737
-15233
3968
-3713
30079
-8833
-12929
6016
-7809
12415
-12161
25215
4736
-1665
-32641
-3713
-21377
10368
128
31615
