27520
29312
-2433
2176
16512
-27265
22400
4480
13184
-31360
-21633
13952
6528
21888
-30336
-9345
19840
-9857
3712
30848
-10625
9088
-3457
14464
16512
-4481
17792
-7553
18560
9344
-4737
4736
-22913
5248
10368
-32641
11391
5503
12159
4480
-7041
17024
-10881
25472
31616
8064
21888
-28289
9088
19840
-7809
14464
-31617
10624
128
-9089
8576
-21889
18304
14720
-641
7040
-32385
-3457
-25217
-4481
-3457
-1665
-129
-9857
-21121
19072
5248
28032
21120
-12929
2176
-897
-2433
22656
-18817
-385
-17537
-12161
7040
-16769
14720
4480
18816
-8577
-18561
-10369
4992
-1921
29824
-28033
-897
7552
-4225
12928
23935
-10369
7552
20864
19840
-27777
3200
-897
-4737
-14977
-32385
8832
-5761
3712
23424
-129
-3970
5247
-4226
25471
-19329
11904
-7041
5504
27008
-11649
15232
-10881
2432
5504
-9601
9088
-13441
6016
-14209
-11393
8576
-28289
-18817
-27777
-23425
-5761
31103
-7041
21120
-24449
18560
-13697
17024
13952
-6017
-19073
15231
11903
24704
-12673
24704
-25729
12160
13952
-4993
-22401
17791
-22401
30591
1408
7295
-27778
-19330
27008
-6785
-3201
17791
-29825
5504
-15233
23680
-16001
22912
19840
-8321
-21889
-2434
19071
-23168
-8833
19072
-22913
19328
-28801
-6273
-16001
11135
-20865
10880
-4737
23936
-21633
-3457
-29568
5248
-14209
16767
-21121
25471
-1153
21632
-17281
19072
-897
2688
-12161
8063
31359
17023
20352
4479
-9090
-2434
10624
2944
-4481
30079
-18049
31359
-14465
21632
-15233
16000
16256
2176
-7041
20863
-25985
-8065
-23937
19584
-10625
17024
-15233
-2689
-21633
17023
15231
25727
-19073
21632
-129
-29568
-2689
-14721
-19329
-29825
23935
24447
-28033
16256
-9089
-11393
22656
-12161
-11137
-23937
-23169
17536
11904
9599
-1410
-16514
27007
-11137
-13953
26495
-22401
-2945
-19329
23936
-641
17792
16768
-16001
-3201
-23681
-4225
-28288
-22401
3200
-25985
-10625
-27520
-14977
8064
-15233
12672
14207
-21889
128
-23937
-7553
-16001
-21121
-16513
-29825
2176
-8576
-14721
-10113
-21377
-129
11904
-9601
640
31615
-5505
14464
-30592
-8834
31358
-31362
21887
-8577
2432
-10625
22144
13696
-7041
-4737
29567
-7041
14463
-4481
-19073
20351
-5249
-5761
-129
-3457
24447
4992
-14721
1408
-1153
20607
-17025
-25985
-4225
-5505
23935
-7041
12672
-4225
1664
-31617
1152
-24961
-5761
-8321
13695
-13441
-30081
9856
1152
14207
1408
-15489
-31360
-9090
-17794
-11394
8831
6272
7552
-21889
2176
22656
-641
-1409
-32385
-2433
-8321
-3713
-2689
-22401
4224
-18561
1408
-4737
-29057
-11905
14976
384
1408
-27521
-1153
-13441
-17025
384
-19073
16512
-25473
-9345
-10369
32383
-4481
-10369
-16001
-1921
-26497
-897
21887
-17281
-7041
-12161
4480
21120
21376
3199
-11650
-24194
-4994
-15233
6528
-3969
17024
9344
-15233
128
-4481
4480
24703
-16001
-8065
-24193
-13697
2688
-11905
-13953
-10625
11904
1152
-10369
-4737
-9601
-129
7039
-13697
-16513
-27009
-22401
-8065
-4993
128
-5505
9088
-13953
-11905
-5761
-27265
1664
23423
-10625
-11393
-31105
-10881
11648
-2433
7039
-1410
2175
20863
-4737
13440
-25985
12672
-15232
-11649
14464
30335
3456
-6273
-11649
9600
-18305
640
4480
-10625
-1409
32383
-19841
-1409
-1153
-10113
9087
-20865
23424
-11137
-15745
-31617
1920
-10369
-10369
-7297
28287
-9857
10112
-385
1152
31103
-11649
-22657
5760
-11649
-25729
13440
-17281
9856
8063
-16002
-9602
10879
4480
-12673
32127
5760
640
-1921
128
-23937
14976
31360
-4481
-3969
25471
-10625
-2177
19328
-2433
20607
-2945
17792
1152
1920
24447
-9345
27007
9088
-11137
19583
-10625
-15233
1152
-20097
23167
-6529
16256
-3457
-2689
-27521
2176
7040
-4993
-17281
-24193
-10625
23167
-7809
16511
7295
639
5503
-12417
-385
-9857
3456
640
-2689
-4225
-26497
-16513
8320
-12929
-3457
-21377
1664
30079
-14721
-4481
-9857
128
30591
-11393
-19073
-20865
-24705
9088
-13185
1408
-8065
-6017
-24449
-14977
-6529
-7297
3200
5504
-9345
-4225
-25217
-11905
10880
-13953
-11649
-15489
6528
-12673
-24705
13183
-28545
-2178
-23938
-17025
-5249
-8833
-9089
-6273
-14977
-5761
-385
5504
-10625
-17793
6528
-5249
-4481
14464
-12929
-1665
-17025
-12929
-641
-20865
-4993
-15233
896
-7041
-20609
-11137
-17793
-897
-12673
-17793
-7041
-27777
-14721
25216
-9601
-4737
-25985
6016
-30849
-11649
-10625
-23425
-6785
5504
-15233
27775
13183
7807
-17538
-13441
3968
-17537
9600
18304
-3457
-5761
29055
14976
-19073
-6273
-1409
20095
-1665
17024
-7041
-4737
29567
3200
3968
19072
4224
18559
-11905
13439
11904
14720
18815
-19841
-16001
