11903
20095
-30081
29823
31103
8320
2432
-11905
10624
-16513
5760
7296
6784
-15745
-17537
-385
7040
128
28544
-7041
-7553
-4993
1408
-1665
-8577
26496
5248
-2177
-9857
-10625
-5249
13696
17536
30592
-11137
8064
17792
17536
7296
-4225
-14977
1664
15488
-12673
-6273
22400
22400
25472
8064
3712
15488
27264
23936
1921
-2945
10368
6528
-13697
23935
5504
1664
1920
17792
13952
5760
5504
2432
-2177
17792
-8065
31616
-7040
-18816
-16768
-20353
-29312
-32640
24960
-18816
-21377
-14721
5760
22912
-7040
-11393
-1153
-2177
-6017
-19585
-14977
-11649
15488
-23936
3457
-23937
4480
3200
1664
-1665
-13185
-6785
-3713
-28800
6016
-12417
28544
-1665
23936
20608
-23425
-13697
-20865
-7297
-25985
-31105
25216
9088
-10624
23936
-18817
-12160
19328
8576
-23169
-28289
15488
29568
-5249
-17793
-8065
-17025
9856
26496
6017
-15745
15232
-5249
-27265
-22145
-12417
30848
10624
-2177
-18049
-17025
-22145
-3457
-8065
-7297
3456
-22401
-4737
4992
26752
-11649
7296
-129
-32128
11136
1664
-10113
4480
-11137
-19329
-17537
7808
-2433
3712
10880
-11137
9088
10368
29312
4992
-2433
-31360
-31616
30336
-32640
-11137
-1409
-1665
-385
4736
128
21888
9856
4736
30592
128
4736
13184
13440
-3713
-12161
27776
-1153
22400
23168
896
27008
19840
21376
-9345
-4481
-27264
-3201
-11649
30847
-12673
-20353
-7809
27520
-16512
-897
20096
14976
29568
13952
-9857
-19840
22144
-897
-6529
-641
-23936
-32384
-27264
-32384
-13185
20864
11648
21376
14976
-11649
-31616
-2433
7296
5248
-7553
7040
-641
11904
-26496
-16513
2944
5760
-11393
7807
-12161
24960
16768
-8833
25216
-14209
6784
3968
-3201
10624
-13953
23167
-22401
-28545
-3201
-15233
-8321
9856
-20096
6529
-24705
11136
23680
-30592
25984
-26753
-29312
26496
-24192
22656
-19841
23168
-4481
10624
18048
-18305
3200
2688
-2689
30336
-16513
23680
8832
-5505
11648
-22657
15744
7552
-4225
29568
-27521
9344
11648
8064
15488
-13441
2688
-8065
2432
4224
-19329
-6017
-11137
-22913
32383
-7297
11136
1152
19328
-11393
-15745
-27776
12672
32640
7808
-19585
23168
128
-9089
10112
-1153
9856
-3457
10624
24959
-2177
11904
-7297
23679
11647
-4481
2432
4480
18816
-4225
8576
1920
7040
16512
-8577
-9345
29824
18560
14976
-4225
-7809
-3969
8064
13696
8064
-3713
-11905
-13185
29311
-15233
5504
5248
16000
7296
-18561
-4225
-18305
4992
8576
17024
-6273
11904
30848
12160
25984
7296
25216
13440
-11393
-10113
384
11392
10880
-15489
-18305
-5761
-24961
-8833
-12929
-22657
-5505
-26241
11136
-21121
-7553
-2177
28543
-897
-18049
13184
-11649
-14465
6784
22144
12672
-7297
-1409
17024
6528
8064
-4225
-31361
3968
17024
32384
-2433
-4481
26752
31104
30592
-14209
16768
-22400
-24960
20864
-23169
12416
5248
17280
19840
-14465
-9345
-13953
-14465
29567
-12161
-27265
-17793
-12417
14975
1664
-25473
-26753
-20609
17535
-641
-14977
5504
-3969
-2433
-17281
8576
-2945
-25985
28799
-10625
9600
7552
-32129
-3969
-11137
13440
28800
128
29823
-8577
26496
9600
-2433
-14465
27775
22144
18560
11904
4736
-17793
27520
19328
8576
-15233
-18049
-4481
19584
-11649
-32641
-21889
-28801
-6785
7552
27520
-9857
26752
13440
17280
-7809
-17537
11392
-16257
640
-22657
-7553
-641
-385
-18561
13184
1152
4992
1408
12928
18048
3200
10880
27520
384
-14209
7296
13696
10368
14208
-6785
-5505
20096
384
-12673
30079
-4993
9344
-4481
-17281
1663
9856
-19073
-641
-19329
-4225
6016
-1409
-12417
-25217
18303
11392
8832
-5761
-10113
-18305
-3969
-18049
-19841
-29569
-28289
3712
-20353
-5761
9856
19328
-6529
-19329
-16513
-11393
-31617
3712
-28033
-641
-10625
30079
1152
8832
6528
-3969
384
-18817
22400
2176
-22657
-15745
-3713
22656
13184
-21889
-19841
-6529
-5761
8832
21120
-27520
-20865
-19329
-3969
5760
-26497
-8833
-18049
-20609
3200
3712
-4481
-15745
-11905
-7297
-27009
-8321
-11137
-2689
11904
6784
-8577
-8833
-9857
-7553
18559
-10881
1152
27264
24192
25984
-26497
4736
16768
18048
13440
-30593
-5505
9344
28032
-28544
-23169
9600
2688
-7553
15743
-17537
-6017
3200
-10881
31616
-10881
-1409
1920
-6273
21632
-10881
11136
-1921
24448
-17792
-20609
9344
1920
-3457
28287
-7809
-13697
896
20096
-5761
-19073
-27521
-11905
-3457
19584
-25985
-11137
-10881
-6017
-29824
2176
14208
2176
19840
-14977
-29057
29056
10368
1920
-28289
-4993
-28288
-30336
12160
-12928
-13185
-3713
7552
-25473
17535
7552
8064
1152
-2689
28288
3968
-8065
-8833
-15233
31871
7552
