-9601
384
5760
24448
2945
19071
18559
-24705
-13953
32384
-21377
-25217
-16257
-18049
29568
30335
23679
-30081
-17537
-21888
4223
-32641
-23937
2176
-8064
-9857
18047
-25985
23935
18560
-30849
30335
-28545
-2177
24960
8318
3967
-18562
21887
-23424
4736
-23169
24703
32639
-7040
-28289
-27521
-28801
640
-6784
-26241
31871
-30849
-26497
32128
4224
28287
-18049
-11649
19328
21375
-18305
-17537
26752
-14720
-4737
-129
-18817
-13953
-19841
-10113
-26241
-17025
26239
26752
-18049
-22401
-9601
-12417
17793
-21889
-4481
-14977
-14209
-20352
-21377
-1921
-15745
-641
-23680
16256
8576
3712
-6529
20096
-21377
-2689
-10625
-14721
-29824
-24705
-7809
-7297
10623
25472
-26241
-13441
-11649
1664
31360
30847
1152
-18049
22399
23168
-25730
-29825
28031
-5249
7553
-13441
-18305
-22145
7040
-3456
26751
-11905
-23425
-16001
-18048
12672
-29057
-16257
-1409
4992
-11905
-15233
25471
22144
-4224
-24961
-16257
-32129
13440
-12160
384
5248
-13697
-1409
-31360
2687
8575
24191
25215
-14720
-13441
-17793
10624
30080
-14208
10623
-29569
-31105
-27265
-26752
-27521
18047
-27777
-26753
10112
15743
23679
-24193
25471
19584
14976
128
9856
-19072
-25984
-14209
639
31615
-30849
28288
4480
-15233
-1665
4481
-640
-25217
18303
-24449
-27521
-16257
22144
-11393
3456
-25984
-22144
31871
-31105
-23169
-28801
-31104
20608
9856
-5505
12672
25472
-22657
23679
27519
31359
897
-17025
31103
32127
-12417
16512
-8833
31103
27263
-897
-19840
-23424
-20865
-14465
17536
28032
-8833
24191
-27009
-12930
-4225
15488
-11393
-3969
20352
4737
-15489
-30849
17023
11904
-384
5504
-10369
-4225
11392
-13952
-21889
10111
32639
-385
30849
15744
-2945
6528
26496
-3968
-31873
18815
-32129
31359
-14977
-20609
-28033
32383
-2689
-25472
-9601
29311
-27265
19839
-10113
-6529
-23169
-9601
-24705
17024
12672
-18561
-4481
24959
6528
8064
-22913
1408
-16257
-2689
16767
-13441
-15233
13440
-14720
12160
-10881
-9601
-1409
-4225
-2689
-22145
-16001
-5761
21888
-14977
-18561
-9601
22912
-12928
-14721
-11905
-3457
-16513
16512
24447
-20353
-385
22144
9600
-11137
-18561
-6529
8064
16256
-4737
-20353
-9857
-22400
23937
-19841
-9601
-17281
14976
22656
-28545
-9601
-6017
31104
29568
-897
3456
2176
11392
-22656
30335
3968
-8065
3968
-8576
-13697
11904
-2689
5760
20608
4224
-19585
-8065
-8321
641
-25985
-18049
-8065
-10113
-19073
11391
-20865
-26497
-7297
-897
19072
-8577
-15233
-7809
-12929
31871
-21633
-15489
-13185
24704
-3457
-3969
-5249
-22401
-23936
8064
2688
128
4736
20864
-23681
-6529
-14209
19328
3201
-129
-6529
-16001
-32640
25984
11904
-24961
-18817
15744
25984
2176
1408
-4225
25216
-25472
-4993
-12929
-8833
14464
14976
-12417
-27265
-13953
7808
-23168
-8065
2432
-10369
15232
26752
-9345
-10113
-6017
17792
-21120
-7809
-129
-4993
2688
32640
20863
12672
-7809
-17793
8832
-11649
6272
-16257
-26496
-22912
30336
-24193
-13441
-8320
14465
-12929
9344
640
-9600
-30848
-7553
-16769
-8321
-21888
129
4992
-17793
-22401
-7041
10368
-25217
21119
-16769
-9345
-16001
28800
-27009
3200
19072
3456
-4737
-8321
-10369
-12160
-26240
5248
-15233
-3201
-7553
7296
7552
-5249
-22401
-18304
-32384
-1153
-8577
-16001
-32128
-897
27007
7552
-22657
29312
25984
9344
-1921
-14209
21888
20352
-16769
18048
-25217
-6529
6528
2432
-385
-20097
6528
-18304
9856
-15233
-18561
4736
11648
9856
-4481
-17537
26496
-8576
128
-27777
-129
4992
640
18560
-1153
-897
6528
-29056
11648
-10881
896
30848
7040
6272
16256
-4481
-29568
-14464
16000
-3713
2944
-22656
-27008
18815
896
-3713
27776
16257
13184
-3457
6784
2432
-26240
6016
1664
-4737
897
-9600
12671
1408
-4737
4480
13184
-14465
-1665
-8577
-17792
-3456
-11905
-10625
-4737
9345
-9855
-27521
2944
14464
19328
-1152
-14721
-1921
-8065
-896
15745
-7553
-28801
-6529
-16768
30849
-18305
-1409
4736
21632
-19840
-12673
-26241
640
-24960
26241
2176
-4993
-2945
4992
30080
1664
7040
-13441
28800
-9599
1408
-12673
-12417
-18305
-22912
2176
640
-11649
14976
10369
2432
-2433
-7297
-10625
-18048
6784
-14721
-8833
-31361
18560
-4481
4224
384
-3201
-20608
2176
9856
896
-30848
17025
-1665
-12417
-1921
21120
-896
1408
-14977
-27265
12416
11393
3200
2944
-7041
10368
-28544
-385
-7809
-10881
-5761
-17536
16768
-11137
-5761
-9601
19584
-23680
-10369
-27777
14464
31616
12160
-11137
-9345
21632
-23424
11904
-3457
-7041
17280
-31616
13440
-641
6272
32384
-20864
-16769
-23169
-10625
24192
-6528
-19329
-13697
-8833
30336
6785
