-28031
-3713
-6529
-10113
-1409
13441
-3201
-5505
8832
-129
-19839
12672
-7809
-5505
8320
-20351
-385
1664
-3969
16512
29057
10624
-897
-7553
4480
-5760
10368
-4481
3456
2432
32129
3712
-1665
-9601
-2433
-10625
640
-11137
-897
-8833
-12415
3712
-5761
1920
-7809
25985
-6529
-3713
-15745
-6785
-21887
-6017
384
-14209
-385
21377
-7809
-641
-14977
-6785
-22655
1152
6528
-18305
-3201
4736
9088
-23681
27775
-24449
-27007
5760
-129
4480
8320
21121
-2177
-12929
-8321
2944
23681
-10113
2944
6528
1920
-14207
-1153
5248
-5249
-7553
-11392
6016
9344
7040
-10625
-3200
3968
-897
9856
-8321
1409
10368
1152
2432
2432
16513
12672
4736
3200
-1409
-8832
8064
-6529
7552
-2689
3455
-2177
6528
2944
7040
14209
4224
1664
3968
5248
-7295
5760
6016
3712
-2433
6017
-3713
10112
-2433
2944
23425
-2433
-1665
14976
-6785
24449
-5505
1664
10880
9600
20609
-641
-11393
8576
11648
-8320
17536
896
128
3712
-32639
7552
-7553
7808
12416
19073
10368
-1153
1920
4992
-14978
12416
-2433
13184
1408
-23679
9088
-7809
3712
-6273
-25983
11392
-14465
17280
-6273
20353
22144
-15489
6016
2432
26497
-4481
-12673
13696
4480
-22912
-2177
-5761
13696
-4225
-18559
10112
-8321
7040
-3201
-23936
128
-12161
14464
-6785
9601
10624
384
20864
-7553
3201
-8321
-1409
18816
-11393
-12930
-14977
7040
10624
-19073
-24448
-18817
128
5504
-16769
10369
1664
9088
7296
2944
28544
-7809
-8833
2688
-1665
1666
-7297
-8321
-6017
4480
-31615
-9857
-4993
-16257
3712
22913
11392
-2689
-1665
-9857
-32639
6272
7808
4736
384
25729
-385
2176
-1153
4992
20864
-8833
-3969
9856
2944
8319
-2945
15744
-9857
128
17281
-1409
7040
-6529
-1409
8065
-2689
-1153
-7041
-9089
32128
-12417
384
-11393
-3201
-5248
8064
-7297
-9089
-4993
2945
13952
11392
-6529
-9601
385
-1153
12160
-1153
384
-2432
-1409
-2945
11392
-1665
23425
-3201
-5761
20864
-9857
-20608
-7297
-10113
6528
-9601
12670
7040
5760
6016
-3457
27777
12160
-4225
2688
-14977
20098
3712
-641
5504
-1921
13953
1152
128
-1665
-19073
8577
12416
-2689
10880
-13185
-22655
4480
2176
-5249
-19329
-5247
1408
10880
-2433
-7297
-19327
11392
4480
13184
-13185
9602
1152
6272
3456
-13697
-21632
-10881
10368
10624
-10881
-17282
6272
-897
4224
-10881
20865
-4225
2432
-2177
128
-4735
1920
-1409
3200
3968
-13695
4736
-8577
6528
128
-12416
2432
7296
3200
3968
13185
-11905
2176
-1665
3712
3969
1664
9088
9600
-7553
25217
5504
8064
7296
-12417
17281
-3457
4992
-3713
-6529
-11135
-8321
12672
-3713
-8321
8319
4224
7808
2176
7040
-17023
15232
-1665
-7297
-2689
23681
-129
-4225
7040
5504
32641
4736
-2433
3712
7808
-11904
1664
4480
-385
896
2177
12160
1152
11648
-3969
-4991
-6273
6016
12160
640
-1664
-6785
12672
-897
5248
3969
3712
7296
-7553
13952
11392
12416
12672
-129
6528
-26754
13440
640
4992
3712
-25215
128
4224
384
-385
27265
128
-3969
8320
14464
-27264
4992
3712
2944
31872
9857
10112
14976
3968
13440
-4224
4736
2176
-1921
19072
3713
4736
1408
-641
4224
-29823
20608
-7041
-1409
1152
4225
-3969
-5249
4736
3200
-15232
-1921
-4225
-3457
11904
6527
-3713
-1153
12672
-1153
-29311
-7553
-10369
9088
3200
-31103
2688
-2945
11904
3200
20097
7296
5248
12416
6016
-32128
384
9856
1664
-641
27265
-4225
-1153
896
4992
5249
-5249
-2433
-10113
-5761
17793
-2945
-129
-2433
6272
-3456
-4993
896
6784
20608
16769
-11393
-3969
8576
12416
-8321
-5505
1920
6528
8320
-4991
-10369
-9601
384
14720
-9343
-11393
-5761
-3969
4224
-6016
-641
-9857
8832
6016
-15231
-5505
640
1408
5504
-17535
-8577
-7809
8320
-385
-11136
5504
-641
6016
-6273
-20095
12672
-2945
7040
-8065
-19328
-6785
3712
8576
-2177
-14207
-7041
-2689
7552
-2945
11904
-16513
2432
18560
-11137
11906
-23681
-129
1408
-9601
-32127
-2945
12416
-385
-641
2433
-641
6784
7808
-2945
27777
896
8320
17536
4480
29569
640
2944
11904
3200
9345
2432
6272
10880
-3969
28801
1920
5248
10624
-10881
18561
-5761
12160
-5249
11392
28289
-2689
2944
2944
-897
19328
-2945
11392
-897
7552
-28799
14464
5760
-4993
16256
-32639
7040
9856
-10113
6784
20353
640
8576
-2177
7040
24449
-8577
-6017
10368
11904
-27519
-4737
1408
-385
2688
-16511
-3201
2176
-4737
128
