-2945
7808
7808
2176
-32384
4992
-9857
-1409
-7297
-18561
5504
640
4480
1152
-11905
3200
-2177
-1665
-5249
-27265
10112
2944
2176
-129
-7297
4992
640
4992
3968
-16001
3200
7040
-1665
-3457
32383
-8321
384
7808
-3201
-15745
-9089
-897
-385
-5761
-13697
-13953
3712
14720
-4993
-29057
-4481
-897
4992
8320
-16257
-2433
-9857
-1409
-3713
-22913
-11393
-2945
6016
-7553
24703
-2689
7808
11136
128
-20609
9088
-11905
-5505
-14465
-30848
6528
-2689
-10113
-7041
-14977
-1153
14464
3712
-6785
-9345
-4481
12928
2432
10880
13184
-7553
-2177
-385
-6529
-24449
-2689
-2945
-11393
8064
-4737
128
-129
-4225
640
19584
-4993
-3457
-8833
128
-23937
-5505
5504
-1665
-3201
-16257
3200
-2433
-1409
-5249
6016
6528
4736
-7041
-6273
-23169
-1409
5504
-641
896
6016
-8833
9856
-11137
-8321
-3457
-5761
6528
-2689
-9089
-27265
3968
4224
3456
-9345
4992
4224
11904
2944
-10113
2176
15232
3712
-897
4224
-21121
7808
4224
-2945
-6273
-13185
1920
-8577
5504
-4225
-385
-1409
-8577
-10113
-8833
-19329
128
1920
4224
-385
4480
-12417
2944
-6017
5248
4224
-2177
-5249
-9601
-9345
-17025
-3457
-7553
-2945
5248
20096
8064
-5249
-7553
8576
4992
-6529
3712
-5249
3200
-19585
-11137
-641
2176
-641
11136
-4993
-7553
896
5248
-3457
-12673
-18817
-10881
896
-18817
-10881
-14465
-5249
9088
6528
-11649
-18049
-6273
5504
7040
-15233
5504
-1921
3200
-26753
-4225
-9601
3200
9344
-3201
3200
-8321
-129
3968
-11649
3712
-7041
12672
-9857
-19073
-7297
-8577
1664
-897
22400
-12417
-3201
-13953
-9089
-16001
1920
-129
1664
-9089
-26753
-2433
-6529
-8577
2944
7040
5504
3968
17024
-9857
-13441
-2945
2688
7808
-12417
-9089
-18561
-129
1664
-13697
20608
-13697
-9601
-1409
-11649
-18305
-4993
-13697
-9601
4224
-1409
-10113
-10113
-2433
-1409
23168
2432
-3201
640
6784
-2689
-129
-13185
-10881
-129
-21121
-7553
10112
4224
-6785
19072
-12417
-1921
-641
6272
-12161
1664
-1153
-2945
5248
3200
2432
-2177
-4481
12160
25728
-13953
-2689
-1921
-6785
-21889
-19585
5760
-641
-3457
-4225
-4993
-8065
4736
-3457
25984
-13185
-385
-1665
4224
-21633
-4993
3200
1408
3200
1152
-6273
-1409
3456
-6529
128
-14721
5248
-2689
-5505
-25217
-9601
-12417
4480
10624
15232
-12929
6784
-4737
-6529
14208
-6785
4992
-8321
-7041
-18817
-11905
12672
-11649
-4481
-129
-5249
8832
-4737
-11905
6016
5504
-897
1920
-2945
-9089
4736
6528
128
-1921
17024
-4225
-6785
-4225
-18817
-3969
-3457
2688
13184
-2945
-17793
-14977
7040
3456
-7553
12160
-11393
-5761
-641
2432
9344
2176
-5761
-2689
-5505
-13185
5760
-3201
11904
11392
20352
3200
3456
3456
1152
-2177
14976
1920
11904
4992
-29825
3712
14208
1664
7808
14464
-129
7808
4480
1664
-1153
-2689
1920
-4737
6272
-22657
-1921
3200
-8321
17280
30080
3456
2432
-3457
-385
4480
10112
-1665
-3457
-7041
-10625
7808
10368
-7041
-6017
11136
8832
-1921
-8321
-1921
6016
21632
-11905
-7041
-6529
-6017
-27520
-7553
-2177
10880
11392
16512
2688
-2689
4992
-18817
7040
-3201
-5249
-3969
1920
10368
9344
3200
-4481
8576
6272
1664
-8321
4224
-16513
2432
-2689
-2689
10112
-4737
6272
7296
-7297
7808
11392
384
1664
-1665
-385
-7041
-2945
22656
-11137
8064
13696
1664
12928
-2689
4480
21120
6528
10880
1408
1152
-10625
3968
128
-6529
6272
-9601
9856
12928
-3713
1152
7552
-4993
14720
640
-4225
-17537
1664
-1665
1152
2944
-1153
2432
5504
-7297
2432
-129
13696
4736
-385
-1153
22655
13184
9344
-2945
-2177
-4481
384
-8065
7552
-18561
7296
10112
-1409
-6529
-5761
-13697
9088
-3969
-6017
10624
-3457
896
-3713
1664
-4737
7040
-4225
-8577
1920
-10113
-11137
1664
-4225
-1665
10368
11392
-6017
-7553
-11137
-5249
15744
640
-1665
384
-7553
-21889
-5249
-7809
-3969
-5249
1664
-3969
-10113
-2177
5248
8832
-16001
-1665
-20097
-14465
-6017
-5505
-3969
-10369
-5761
13696
-8833
-1153
1664
-1921
5248
3968
-3713
1408
-6529
-7809
-7297
-10113
-6273
128
-22656
-9857
896
-7553
-2433
20096
896
-4993
-5505
3712
-385
3712
-6273
-10881
-641
6272
384
-3969
-6017
-641
-19073
-8065
8320
-9345
1152
-22657
-1921
1920
384
6272
-31104
7808
1920
-7553
4224
13184
7552
-2433
384
5504
-15745
7296
-3457
-5761
-4225
24448
6272
-9345
-6017
-6785
640
7808
-8065
-5761
9856
640
