641
-19840
10625
641
19073
4992
9088
24447
-23169
20095
-2177
-129
-18305
-23681
-27777
9600
5504
-16513
-29057
-31361
11392
-19073
-16513
-17537
31359
4224
-14977
-31105
-8833
16767
7296
17536
29567
25983
-32129
11392
-4481
-20865
30335
-18561
10880
-4993
-27265
3968
-28801
12672
-12929
29311
26239
25727
8064
11904
-20609
21631
-29825
11136
12160
-9601
-20097
-19841
13184
9344
-25729
-28801
-7297
12416
9600
-22657
-21889
-26497
-4993
384
-6017
10112
-7809
3712
-8065
-16257
-30081
-16257
10624
-3969
-14465
-28033
17536
1920
-6529
-6273
6528
-8065
-641
11392
-15489
-12929
384
-6273
-1409
-11649
5760
-31361
-9857
-15489
-22145
-14465
-21377
14464
1664
-17025
26751
384
6016
-385
-4225
-20353
-6017
2944
-14977
-13441
-22145
-5505
7808
-18817
-22401
-15233
-16257
-1153
-8321
-17793
-21889
-28801
11648
-9601
-12417
-10113
-13697
5248
-17281
-9857
-31105
-129
2432
-4737
-4481
5504
-12929
-8321
30079
-7297
-4737
-24449
3456
-7553
16768
26239
-24193
3200
-10369
-18305
-14465
-20353
-641
1408
-3969
-8065
-21121
-4481
17792
-10625
-24449
-4481
-6785
5760
-7041
-7041
-30849
-11393
-1921
-13185
-385
-27009
10112
18560
-6785
-15489
-8833
3456
16768
-11649
-6273
-23169
-2689
25728
3712
20352
-23425
2176
9344
-11137
-12161
-18561
-2177
22656
-5249
-6785
-16001
-14465
-9857
-19841
30080
29823
1920
22144
-8577
-13185
-16001
-1665
11392
-3969
7040
7040
-1665
-2945
-4225
-25216
-20353
-2433
21888
-7553
-16257
-11393
19840
21376
-16001
20608
-2945
-5505
10624
-16001
-5505
-1153
7040
14208
-13697
128
-1409
-8833
4992
-22657
6272
-18305
-4737
12672
-17025
10368
-27521
-7553
4992
-3713
-16001
-30337
2176
-129
-6785
-29312
-22913
1664
9344
-12161
22656
14464
1664
128
-10369
22912
-17281
-5761
-29569
-24193
7040
-22401
12928
-20353
-5761
-1665
-7809
5760
-9089
-17537
-3713
-14721
-4225
-7297
-14977
-3201
31615
9344
17280
-5505
-1153
-10625
11392
3712
-2945
-18817
-8577
-13185
-897
-6273
-17793
-30337
6528
-20353
-6785
-18049
-18305
17024
3712
-8833
-21121
26496
2688
-3713
-8321
1920
-22401
-4225
-12673
-13441
-8577
31103
7040
1408
-3457
-11649
-13697
-1921
8320
-15233
-9601
-27777
14464
17280
-8065
-4993
-11649
896
-30080
-15233
6016
-8065
3968
10624
-16001
13440
-18305
17024
29056
-12417
-11137
7808
17536
30592
-129
-6273
-10881
12416
31616
-3969
-1665
-30592
3200
24704
-4737
4224
-8833
6784
29312
-2177
-7041
-12929
7808
23168
-3201
-3457
-16257
3712
24704
-13441
384
-385
640
25728
-3969
-5249
-10113
4224
22144
-6529
6528
-12161
6784
-27776
4736
1152
-4225
1152
26752
-20097
-2689
-18049
9344
29312
8576
-2177
128
1152
25472
12160
-21121
21888
4480
19072
3712
16768
-22657
-2689
10112
4480
10624
-2945
16000
9344
-6273
-11649
11904
1664
8064
5248
1920
11904
-2433
2176
8320
23168
-20609
4480
10880
7552
6272
-18817
-897
6784
-8065
16256
-13441
-2689
-2689
-11393
20864
-31361
10880
8832
10112
-897
-8065
-2177
26240
-7809
8320
25984
2176
13184
6016
25472
-16769
8832
9344
-19585
-19329
-8065
9856
-15745
-21889
-10113
-22657
13184
19072
11648
-10113
-13697
5760
-30336
-11905
-10369
-1153
-129
14208
-2689
19840
-7297
11392
27776
896
-17537
-6273
12928
20864
-18561
-12417
-12929
7552
28544
-19841
-24193
-5505
7808
32128
-9857
20096
24192
7552
-26496
-17281
17792
-5249
12928
-29312
-129
26496
-20865
10880
12416
6016
-10625
-10113
16256
32128
1152
-3969
-897
4224
23936
-2689
14464
-2433
9344
-25728
1408
8064
6016
6784
-28800
1152
-14465
896
11136
11904
-2945
6272
11904
640
-29056
-7297
-3969
-12929
9600
-11392
9600
31871
-3712
-897
29056
2432
-1665
-9089
5248
22144
-14209
-11393
-16257
3456
23680
-12673
-23937
-3713
3712
-30592
4480
10368
-20097
1664
-32384
3712
-16513
-13953
-129
23936
-7553
-1153
-1153
-5761
24192
-6785
19584
-17025
7296
6016
-11905
-17281
-1665
4224
4992
-11393
-129
-2177
4736
21632
384
-3969
-22656
1920
14976
-21121
12160
-5505
9088
10624
5248
9088
-6529
4480
128
-22401
-12161
-10625
11904
28288
2688
-8577
-9089
2944
18560
4224
18304
-3713
640
7808
-15233
26752
-20353
7296
9856
-1921
6016
-1153
13440
9088
3456
128
-3201
16512
26496
14976
28032
-3713
20608
19328
-2689
-4481
-896
6784
28288
-6529
25728
-24705
11392
13440
-12673
-27264
-7297
18816
29056
3968
-3201
-1921
11648
-30080
-129
14208
-21377
10112
-28288
-7809
2176
-18305
3456
-22912
-4993
-10369
-26241
