4736
7808
-10112
-17536
19840
-129
-10881
-19073
7552
-12929
9856
1152
27775
6784
-5761
-1409
-897
-3457
9600
-3713
2176
8064
-14721
1664
-11137
12928
-385
22399
7808
10880
384
-3457
-18049
11136
12416
-3713
-7041
-3713
4736
1152
640
-1409
-24961
-2689
-2945
13696
-9857
4480
12672
12928
2176
1408
-26241
-1921
6784
-1665
640
20863
15232
18560
6784
-8833
-15745
9088
3456
12416
-2689
32383
16000
23936
-6785
-12929
2688
-3201
-9857
-6529
384
128
-8321
-7297
9344
-8321
13952
-17025
-18305
-3969
3712
-18305
-385
10624
-3457
5760
-10881
-12161
-11393
-8833
4224
14976
-4481
-10113
-2433
6528
-11393
-7553
2944
-4225
6784
-17537
15488
-3457
-3457
-2689
-385
-7041
-29825
-3713
-3969
-12161
-897
12672
-10625
-7553
4224
9600
-12929
640
1664
10624
9344
-5761
-9089
-10881
27263
-8321
-3713
896
-5249
12160
128
1408
3456
-8065
128
10624
-2945
2432
-9601
-19073
-4993
-4225
7040
2432
-2177
-5249
-4737
10112
-10113
3712
-9345
18048
2176
-11905
-29825
896
-17537
-4225
-9601
20608
12160
-7809
384
4480
-1153
-897
-1153
-5505
3200
-23425
384
7552
-11137
-12929
16512
1664
13440
-7041
2688
7296
14208
21376
-8065
6528
-23169
3968
16768
-1665
2688
6016
-641
9344
-1409
-5761
-1665
3200
24192
5760
7040
-27521
9600
4992
-2433
3968
-1921
896
6784
4480
10880
5248
6528
16256
-15489
128
-6017
4224
31616
-5249
2432
-129
4736
384
-2433
8320
-21121
12928
13184
128
-897
-19585
-5505
31360
1664
-10881
6272
-10625
2944
7808
7296
-6785
-6273
-1153
-12929
-9345
-21889
13184
17792
-7041
-2689
-897
2432
-24705
-129
640
-27009
-15489
-4481
19840
-14209
-13185
-9601
-12417
3200
-10625
29056
-13441
25215
3712
-10369
-1409
-129
-25217
-3713
-8833
-1153
5760
4992
-1921
6272
13696
4224
-897
-2689
-3969
-9601
8064
-641
-3201
11648
-21121
12160
-1153
-4225
-1921
7296
18816
-7809
-3457
-1153
-23425
9344
-3201
-3713
6528
2688
7296
9856
1152
4736
22912
14208
4224
6272
2688
-19073
5504
-7041
-1665
-2433
3712
12928
6784
4480
-897
10112
5248
6528
-8065
-3457
-10881
23168
14464
-7041
2176
-17281
25728
23168
-4481
1664
7296
3968
16768
6016
-11393
-28801
17280
-30848
-2689
-13185
5760
7040
13696
640
4736
6272
22656
7040
-4481
-5761
896
7296
30848
-129
-14721
12160
2176
11392
-7041
-10369
6016
6272
10880
-4737
-3201
-13697
7552
-29824
3712
-1921
8576
13184
7552
-385
128
13184
-3201
20864
-2433
-12161
-28545
4480
30592
11136
-6017
12672
-3201
22656
1152
-2689
-7041
14464
11136
7040
640
-15233
9856
22656
5760
-5505
9344
-1153
-4481
3712
2688
-897
-385
-8577
2688
-1153
-13697
3456
4736
15232
4480
384
9088
-9601
-1153
6528
-2689
2176
7808
6528
10112
-17537
-2945
10112
3200
6272
6528
640
12416
-7553
13696
15488
-3201
4736
1152
11648
-9857
1152
20096
1920
-9857
26240
9600
13952
1408
-7553
-3713
4480
3968
3712
-6785
-4993
4224
-1665
-6017
128
15488
-641
2944
-3713
-129
-9601
13696
-8321
1664
3200
-7041
2688
-1665
128
4736
19328
-3969
1152
896
-1409
-30081
6784
12416
640
1920
-11649
11648
15744
-2689
12928
17024
11136
14208
-4225
9088
-7297
7296
20864
-12929
5504
3456
25472
-28800
-9089
9088
-27776
9088
17536
-10113
1920
-11137
14464
21120
5248
16256
6016
22656
28288
-9089
7296
9600
10368
29568
-385
7040
-20865
14720
29568
-385
-385
-6273
9856
24448
-1921
3712
12928
14976
11904
-1153
-4225
-20865
4736
8320
9600
-4481
-16257
-5249
15744
-4737
-2177
-5505
-1921
18048
2688
-19329
-16769
-2433
22912
-6785
-3969
15232
2176
-28032
-7553
6784
2688
2176
26496
896
-7297
-20353
-1153
30848
-2177
-15489
5248
640
18560
-12161
7552
22912
2432
20608
-3457
-13697
-13441
4224
27520
-1665
-7297
7552
6272
8064
-4225
1664
11392
2944
12928
-3457
-8321
-12673
3968
13696
-14977
-14721
24960
1920
3968
-9857
-2945
22656
-3713
-2945
-6529
-10369
-13953
13440
7040
-4737
-2689
8320
17792
16000
-3457
3456
16768
22144
14720
-8065
-2689
-17537
8576
12416
-6017
-1153
25216
14720
13952
-12161
-5761
-13185
6016
-5249
-11905
-3457
-22913
3712
-3201
-5505
-1921
13184
13184
-1153
-6785
8320
-1409
16000
2176
-385
13696
-12417
18816
25728
128
6784
9344
16000
12160
-7553
-5505
-10625
20096
27264
-8577
-2177
-3969
20096
-24192
-3201
13952
11904
19072
29824
