-21633
28799
28543
-3969
22912
22399
-28289
17535
7296
1920
-28801
-25729
28543
-385
-12672
-22913
-9345
15743
-12417
31104
24959
-10113
27007
-4737
19072
-27777
-28545
15744
-11648
15232
-3457
-21633
-17537
32384
14720
-29313
30079
-14209
1152
11392
-24449
29311
20352
31104
-24448
29311
-21633
-10881
27264
1408
-7809
-17025
-28033
128
28032
-30337
-22401
-27265
-8065
19072
-8833
-21121
-4225
15744
-1153
2432
5504
20864
-9089
-1665
-29569
-19329
32383
-12672
-28032
-19073
-5505
-26497
-19841
18048
6528
-10369
-3713
-31872
-2945
-18049
-16001
30591
10112
3968
-9857
-6273
-5249
20096
16512
3456
-3457
21631
27776
-21632
-26753
9344
-12417
29056
-24193
-25729
-13441
-3970
22656
-11905
8576
-8577
20096
-31615
-25984
21119
-9601
31871
-22400
-25217
-31105
-25729
-21377
-30080
28288
-18561
-5761
-2945
11648
10880
-31617
31871
-20609
-26752
10112
-11393
-25985
-22657
-6016
4736
-32385
-22657
-3714
12416
-4993
-4481
-12161
25983
-641
6528
-15233
-14977
13696
-10112
28288
30847
-3713
15487
-28033
-16257
-1153
2688
19327
1920
-18561
-20865
-9857
25215
-24449
9088
-9857
-3201
-10881
10624
24192
31103
4480
-16001
25216
13952
-21633
7040
2944
-22656
-10369
28287
-7297
-1921
-12672
-4737
-15745
-9857
16768
18048
-31616
-28545
-19841
31871
-25472
28032
-13441
-15489
-7041
29568
22912
-28033
-6273
-14465
12160
-24193
-12161
-4993
25727
7296
-25729
-15745
-23169
-11137
-21888
-25728
-14209
-8065
-23681
3968
7552
-12673
-23937
15743
24192
32384
-16257
-11649
-8577
8833
4992
-19841
-12417
-32641
25728
-22657
-8065
-5249
30079
-9345
-28289
-30081
-5505
14720
-19072
1664
-20097
3456
-642
-29825
17791
-12417
-11905
-2434
-7553
-4481
-10625
-9345
-17025
23680
-2689
32127
-22657
-21889
-16513
-22145
-17793
-7041
-10369
21120
-15233
25215
-9089
9344
-4224
9600
-24705
-11137
30080
7041
-29824
-4737
-7809
640
-5504
-20864
24191
640
10624
-26240
11135
24447
-3713
128
9600
-28801
-385
-2689
26495
20864
-29312
1408
-30593
-25217
30592
4736
-1409
-1409
-4993
19585
24448
31615
8832
-16513
-7297
9600
-30081
3200
9344
26496
24704
-16001
-3201
-24961
13952
-4737
-31617
-6273
-8321
-19840
2944
-10369
1152
-21377
-11905
-4481
-10881
-12161
-641
-12672
-6273
1408
-6785
23680
-15232
15232
-16513
-11393
-1921
18560
128
-19841
-12417
-9857
-11393
-7041
-11137
-16513
-21121
-19072
27264
-30337
-17025
-15233
28032
-25217
-8577
-2433
-3713
-5505
32640
-9857
-8321
30848
6784
18560
-2433
384
-10625
19840
-14209
8320
896
-23937
-19584
-19585
-27009
-11905
2432
11904
-6785
22911
-24705
-30593
-20608
7551
2432
1408
-3201
30848
4736
-17025
-3457
-21121
15232
-31873
-4737
-129
-12417
3456
18048
-21633
-13953
4480
-19329
-21633
-20097
-22145
12928
-14976
-17792
-12417
-129
19840
-7296
-6273
-6529
-10113
6528
-6272
6528
-4225
-14209
14976
-24704
5760
31615
-8833
-11649
12160
6015
4736
5504
-7041
24448
14720
-19841
-17537
23424
-14464
22912
27775
-20097
28032
-25728
-14465
-20609
-8321
-30336
-30848
-7041
-22657
-19841
384
-24448
-10369
-30593
-4737
-30336
-10368
-28800
-1665
-18817
-6017
-30080
16000
-18305
-22145
10880
-32128
-8065
29567
-14465
-29057
28800
-11649
19072
-20353
30592
-5760
-25472
-24193
-18049
-4481
18560
-32129
-22657
-3713
-6273
31872
-23681
-9345
-10113
17536
8576
30847
7552
-20865
28800
13952
-32640
28799
30079
-26497
29056
27519
-20609
-2177
-25217
15744
-2177
-11137
4224
-4225
28288
28544
-13697
-4737
23936
-16000
-25985
-1153
8832
19584
11136
18816
8832
-385
2688
-31104
2176
-10369
6016
-22401
-897
-7553
-6785
14464
-16513
7296
-13953
-1409
-897
2176
10624
28544
-8577
6528
-19841
-2177
24703
-10369
-16513
16256
-17536
-13441
128
640
-641
24704
-30848
7808
25728
27008
24704
-30080
5504
25728
9088
-19584
13184
-14721
4480
2176
32640
-28545
12416
9344
-14465
29056
29568
2176
2432
19584
-11648
22912
-19329
4224
-21633
-8577
31616
-3457
-385
-12161
17536
22912
6784
-385
-4993
4224
-22401
27519
30079
2176
-17536
-2690
-13953
-3201
-22913
-29568
9600
1664
5504
24447
-17793
16768
-11649
-16513
-12417
-19584
-27265
3968
-3713
11136
-19328
-11905
-12161
2688
-1409
-18816
-4225
-15233
-21633
-17537
31360
9088
4224
-5761
-18561
9088
13952
2688
-4993
-31617
-3457
10367
-9345
-7809
-10625
10624
7040
-32129
17791
-9601
1921
-130
-12161
-29057
12416
-896
22400
-22401
-14209
25216
-8064
-12673
-22913
-13697
-4481
19072
-10625
-21377
-14209
27776
-16256
3712
-11649
5760
9088
-4225
-13441
4992
-21889
-22401
-4225
-3201
