-31873
11392
14976
-28289
15743
1408
5248
2176
25215
-6785
-15489
16256
9600
-13953
23167
-29569
15744
17280
-25473
14975
-9601
10368
-1153
-24193
-16001
-31873
14720
-11905
-17537
-31361
20351
7808
7040
18559
14463
7552
4992
-16513
-30337
-27265
-3969
15488
-14465
-23937
-20865
-27521
2432
4224
-29825
-17281
-11905
18304
22912
-22657
-6785
-22913
10112
17280
-32385
-19841
13183
12672
4480
-16001
24703
8064
8576
-25729
8320
9856
19328
-10113
-23425
-19329
29056
-7297
-3969
16000
-20353
1920
-11393
7808
6016
-17281
32639
4736
-6529
-8321
-13953
-7297
-9857
-385
16768
-13185
-30849
-10881
12160
-2945
-14977
-10625
9344
-1665
-17025
-17537
-6529
-23937
1408
-3457
-7809
-17537
-6529
9600
-11393
-16769
28287
9344
-11905
14463
-30081
7808
-18817
128
-5249
-16513
-5761
-7297
6528
1920
-14721
8320
4224
-3201
-23425
-16513
-12161
29567
8064
-21889
-5249
-26241
-10113
-385
20352
-2689
-20353
-3713
-129
2432
5248
-129
-24705
6784
4992
-6785
-24449
6784
2688
16768
-10625
-14977
1664
128
5760
-8321
6016
-13697
-385
12672
-16513
-7041
14464
384
896
-16001
25472
13184
-1921
10880
-3713
28544
-10625
2688
21120
-15233
20608
-5249
-2177
-8321
-20865
-25729
5504
7040
3456
-4993
6272
-14977
9088
-26752
-17025
-30081
6784
3968
-16513
-13953
-19329
-8833
-3969
15232
-9601
640
-17025
-13697
5504
-21121
1408
11904
7808
-9601
-22145
10368
-4225
-6273
-9601
-30593
30592
29823
6272
22400
-10369
-7809
896
-6785
-4225
-29569
-8321
-5761
-16769
17792
-22401
-27008
-13697
-11905
20864
-22913
27264
12672
-641
10112
-13185
6528
-7553
-13185
-2689
-6785
-2433
27007
10880
23680
-4225
26495
10624
-4225
-13697
-1665
14208
8320
-13441
-29569
-27521
16000
7808
-2177
-7041
-27521
23168
15488
-3969
-29825
-8321
10880
-17537
12928
-10113
-3713
-30593
-9601
19840
-2689
-13441
-17281
18816
-13185
-21377
-6017
22144
-6785
-8321
2944
-5761
-16257
-23937
21376
9600
-4993
2688
1664
9856
-11649
2944
384
-19329
18304
-641
-8065
-20353
3456
6016
-32385
-11905
11136
15232
6272
-4481
-11649
-1409
-14209
6016
-5249
-1921
2176
-4225
11392
13440
-3457
17536
8832
9600
17280
-9345
23424
-22145
5504
6528
-4481
-19585
-385
24960
16768
-9857
13952
12928
10624
16512
-12161
2688
-13185
17792
27264
-13697
384
16000
22912
13440
-12417
-15745
19584
4736
-13697
-22401
7040
-4225
10112
-31872
-10369
-19841
9600
12672
13952
-3457
-7041
7040
10880
12416
-12929
8576
-20097
6272
24192
-2945
-12161
14208
9856
20608
-5249
-1153
9856
-8321
8576
-11905
-3201
-24193
12928
26752
-4225
-22401
5760
8064
18560
-11905
-14209
-12929
8320
20864
6272
14464
-4993
-5505
128
-1665
-7297
13440
-641
-18561
-20865
-10625
7040
3200
-8833
-15489
2432
-20353
12928
-3201
5504
-18305
3200
15232
12672
15744
10880
384
-15745
8576
7552
24960
-15489
13184
12928
6528
1664
20608
7040
-2945
-1921
13952
3200
-5761
-11905
-11393
-3713
-6529
2688
16256
4736
-20353
18048
896
27775
-19329
3712
-1409
1408
-8321
-9089
22400
-13953
6016
-2433
-2433
9344
14208
6016
384
-1153
-12417
-5505
-3201
8832
-15489
-7553
-25217
13440
3200
-12929
-30849
9600
2944
5248
-10113
25728
384
2944
13184
-17025
-20865
1152
6272
-32128
-14465
-2433
14464
22144
24704
-12929
-12929
-2177
3968
-6273
-14465
-17025
2944
12160
13184
-18561
640
29568
17280
28288
-5761
21632
-6017
10880
28800
-12929
-4481
-897
14976
-23424
1664
-29825
3968
14976
9088
-3713
-11393
-13697
10112
-31360
-3713
-6273
6016
4224
25472
-19073
6272
6272
11136
25728
-385
3456
32127
896
-25728
-1665
25472
-16001
11136
-8321
-10369
-20865
16768
4992
18048
-6785
9088
-11393
10880
21376
-4481
8064
-2689
5504
12928
-13953
12672
9600
-3969
15488
-3201
18048
-11649
13696
29312
4736
-9089
896
8576
19584
-9345
7040
10112
8320
20864
-129
17024
-23169
8576
26240
-4993
8576
22400
2688
17792
-4225
-385
7808
1152
-31361
-13441
17024
-9601
-2177
9600
-8577
640
22400
16512
18816
-2177
16768
9600
8576
18048
-2433
10368
-6785
17280
1152
-4993
-8577
25984
3200
-2689
-9601
-2433
13696
9856
16256
4224
30592
-7553
20864
25984
12416
-1921
7552
2176
13184
-3713
26752
-17281
19328
9344
-7041
9600
-25473
18304
-17281
-11905
-27521
7552
10880
-7297
-11137
9600
18560
1152
3712
-9089
-22656
-18049
10112
31616
-1921
-28289
17792
19584
20352
-5761
-7553
4224
15232
-25984
-2433
18816
-13953
17536
-32128
4736
-7553
