20864
-14721
-9857
9599
19584
5504
2176
13440
29568
21121
15488
22144
16768
18304
-17536
16000
29823
-15233
-130
23424
8320
7552
2688
-21377
28032
12672
-23424
-18816
-2688
21377
28288
32640
23168
-5248
29313
14464
896
12416
-15232
-19583
27776
-30336
27776
-28800
-29567
21888
-13953
-8577
8576
21121
9088
11648
22656
31616
-2688
20864
384
-5249
-12929
-12160
15744
128
12928
12416
22145
256
256
896
-1665
-11905
9088
-3457
15488
31360
-18559
17536
15743
-17025
18559
-16000
-7041
-5249
1408
30335
28800
3200
28543
-31873
17023
-16512
8320
-25985
-20097
12415
11904
-4481
20096
2944
23936
6529
9088
4224
10624
-32128
26753
14720
-19073
-15745
-15233
22401
-4993
-26752
21888
15233
12930
3456
4480
27776
-15744
-22655
8576
20608
19328
12928
4737
-5761
24447
-28801
-13441
-1408
-1665
13184
22656
-26496
-31871
-641
-29056
-24192
24960
21377
-13441
29055
-2945
2432
2177
-1409
-22913
4992
-18305
-12928
-4225
-385
-5249
6272
19073
-4993
5503
24447
-3202
9088
-897
-13953
6784
-12673
27008
3968
-11393
-4225
-14209
-16256
-12161
4736
-385
15744
7553
8320
128
-15489
-8833
-12160
2688
-12417
896
2944
-6016
-13185
-17792
25216
29057
16258
2944
-7297
-17537
-19841
14464
-4993
-27776
10880
-27008
26753
-12673
14464
11136
29568
1409
896
-1921
-6273
1664
15489
-641
13184
8832
-24704
21889
-13697
-29824
22656
20608
-640
18816
19072
10112
27520
-5504
18304
9344
9088
7552
-3200
-21121
23424
4224
-4992
-7039
8320
32127
23167
31359
-18304
-10369
-5505
-1921
-11137
26240
-2433
17024
14976
8576
-11136
-385
-29569
-19073
27263
9856
-7041
27775
-8577
23423
30848
-8321
-2177
1920
14464
-11904
-4993
-385
-1921
15232
15233
9088
-31361
-11649
-13441
-12416
-10113
2432
20096
-25984
-9343
-3713
9600
19840
16768
27777
-6017
26752
29568
11136
22145
-13185
10880
20608
-5760
30850
1920
5248
6016
-5249
-1152
1152
-9857
-129
896
1409
-1665
128
10368
1664
1921
3712
26752
18048
22144
-10879
31615
3712
26240
-28288
8833
10880
6784
18816
3200
11649
14976
7296
19840
-3201
8577
-14977
1408
6016
23168
1665
1920
-21377
2688
26495
22656
-2689
12416
14464
32384
4226
-15233
-641
5504
-6529
7553
-2689
26239
-10369
17279
19584
12160
-24193
-6529
384
-5504
-10113
10112
-31616
-32640
-7295
-30337
-13697
11392
-5249
15489
21376
-3201
5504
-16513
-15488
-3713
10880
4224
28544
-17791
7296
-3713
640
7040
20353
18304
-30081
-11393
-13185
-12671
-8577
-8577
-4225
32128
32129
13184
-30593
2432
11136
-11391
4224
-7553
-1409
128
9089
-2945
-7041
2944
384
-3968
5248
31359
-15233
23423
-23424
-23425
-29825
-6785
28799
14976
-3713
25216
14464
-9856
-1151
2944
16000
23424
-13440
-9599
-1921
-18049
-20609
-7041
-13951
-9089
-21889
-21633
-6273
-29824
-2689
26495
-18817
-28545
-27776
896
-20865
-11649
-4225
7041
-19073
-1921
1152
2176
897
8064
8320
9344
-15488
-6271
-1153
-11393
16768
5504
-4736
22143
-2433
8832
-26496
-10111
18560
-12161
-3713
-1921
11393
8320
17280
16768
-28288
32129
-17281
-11393
15232
31872
28033
-6273
30591
-7553
-18305
-32639
-9857
23680
23168
-20864
-22655
-13697
-30593
-24193
-8321
21377
5248
-27521
-16769
-16001
11905
-14465
15743
-26241
28799
1920
1408
19072
29824
18048
5249
26495
23168
28288
21888
27009
5760
-129
-9857
22400
-20351
-5505
18816
2176
-29312
-30847
10368
-20097
-27009
-31617
-640
-11137
24960
16256
26752
129
-12929
17280
28800
23936
24193
18048
31615
-15745
-29313
-21632
2944
24703
-28289
-23169
-2688
-2689
-16513
32383
-1409
11649
11136
28287
32127
-8065
-10624
10623
30336
25984
-23680
17281
8320
-3969
11136
28287
-384
13440
-12417
-14977
18047
-19840
-1665
27520
15232
-32128
12417
-385
-9857
-16257
-22145
-5760
-641
-14977
-14721
4735
28544
-12929
21376
14720
30336
18817
12928
-17537
-24449
9855
28544
8320
21887
30847
-9602
-28544
-129
30591
-23425
26239
-32128
3967
4992
22656
18048
-32383
9088
28543
3200
13184
3713
-1665
-17793
-13953
21887
-17280
-129
-17025
-4993
-8833
-9600
-6529
15232
-1409
-22913
-24448
-14721
32128
3712
-5760
-23679
896
-23169
-20865
2943
-14976
-4225
-23681
-12417
-32385
-23680
-641
16511
31359
28543
-9600
640
-7809
-9345
-12673
19073
13695
-18304
-10112
-24703
4994
-897
-28032
24448
-27008
-7807
19328
12928
22656
25472
22657
4992
25216
12928
-27520
-26751
-15233
14976
10368
21632
27265
9600
-12673
-9601
-6529
7809
-3969
2688
-15233
-2689
-10880
