-12928
14465
-384
-15232
1665
24191
-4481
-30081
-25985
-13185
25215
21887
-23425
31359
-8577
-24961
29823
23935
-29569
-2689
-25729
-22401
18815
-10369
27775
-26497
25215
21375
-22401
29823
32639
-18305
11903
-26497
-28545
-31873
-19329
-32384
-31616
30848
24703
28031
20863
30591
6015
-22657
-21633
-32641
-12929
-27009
-14465
-23937
18303
-26753
-8065
32127
24447
-32641
-22913
-30081
31103
-16001
24191
-22145
-15489
-17281
29311
-9601
-19841
21631
-20865
-17537
-20609
-2433
-16256
-13185
3456
-29825
-6273
-28801
-29313
6016
27519
-7297
25471
-21121
-30593
-7297
-3713
18559
-26497
28799
-25217
-17281
-27521
-18305
-3713
-18561
-9089
-30849
-26753
-12673
-28289
-16769
28799
-13185
30847
-9345
-2689
-23425
-19073
-23937
29823
-29313
-14465
-20609
-23425
-17280
-2432
14976
-12161
9088
-17537
-10113
-26241
-14209
-10113
-14209
-18817
-14209
-19329
28799
20351
-25985
-31617
-8321
-6273
-11649
-18049
-5505
-7553
-22145
-14209
-27265
-24193
-10369
-17537
-31361
-9601
-1410
-1921
-11649
-25729
-16257
18815
-10881
-2433
26239
-13953
21887
-16257
32127
-28801
-9601
2944
-15745
-20865
8065
-2944
-20864
-9857
22144
-24961
-12673
-18305
-16001
-2177
-21889
1920
1920
-2945
4736
-20353
4736
-29825
-2945
10880
-5249
-129
-641
-25729
27263
-24705
-15745
9856
-13185
-10625
30079
-8321
-26497
-7809
-1921
-23169
-16257
4480
-13697
640
-3713
-9345
-29313
-8577
-10113
-13697
-8065
12416
-10369
19072
1921
-3968
-29568
-22913
25728
-30337
-19073
20351
-17281
-7041
-10881
-14209
-2945
-7553
-1921
-1153
-30081
2688
-19329
-15489
-19585
-8321
29567
-20097
30592
-20353
-20609
-28289
-23169
-2433
-20609
-13441
-25217
-6017
-20609
-11649
-385
-6529
-2945
-13697
-9857
-4737
128
-17537
-10881
25727
-21889
28543
-19073
-12417
-9088
-10112
-32128
32639
6272
-32641
-27777
-27520
-25473
-7553
-13953
-11649
-2945
-4737
10368
-16769
4480
-31617
2176
15488
32127
-15745
-10369
-13697
-24449
-18561
-10881
-21121
-11393
-24193
-23169
-10625
4736
1408
29311
-4737
-18305
29056
-897
-9601
-9345
-5505
-13185
1152
-18305
1920
128
13951
-13441
-8833
-4736
8833
2176
-7809
19328
-23681
2176
-9857
-10369
3968
-14209
-7553
-18305
-385
8576
-27521
-26241
-28545
-7553
-641
-10113
4480
-6785
-129
-3457
-10113
-14209
-22401
-12929
8064
-19073
-14977
5248
-19073
-12673
-13953
-19585
-4225
-12161
3712
-27009
-2177
8320
-10369
23168
-8065
-14465
-10625
-28033
-6785
-21120
-11904
-11136
-15489
-12161
-9857
-15745
30335
-7809
3456
-5249
-18817
29824
-4481
-14977
-16513
-11905
1152
-8833
-6785
-8577
-4481
5504
-5505
23168
-19585
-3969
-13697
-129
-4737
-9857
-16513
-17537
-6785
4480
-13441
-16001
-10625
-7809
-10113
384
-8065
21120
-8065
-21121
-15233
-4737
-641
-3201
-11649
-32640
-28032
26752
4480
10112
-13185
-19073
24192
-8065
-8065
-12417
-9601
7808
-6017
9088
-3713
-9601
4480
-2177
18048
-6273
-13441
-23169
-2945
1664
-26241
-10113
29567
4992
6528
-3201
-8577
-22657
-1921
27008
-22401
1664
10368
-4737
8064
-30849
-3713
3456
7552
18816
-10881
-12161
30336
-9857
21376
-23424
-21632
14977
-12417
-1153
-6017
-1409
12928
-14465
-29824
-26497
6272
-6017
-7297
5248
-4225
-17537
-26752
-8833
-6785
31871
-13441
25472
-19585
-1153
-26241
-14209
-7041
-7041
-22657
-385
-24193
2176
-10881
-20097
7040
-17793
8576
-13697
8576
-7297
-7809
24192
-16513
-8065
-10369
-21121
-27264
-11905
-15233
-17792
25728
-15232
-12161
32640
3712
-7553
12160
-12161
-4225
-11649
2176
-21377
4480
7296
-5505
10368
-18817
-10369
6016
-12417
-2945
-16257
-3457
-9857
6016
7808
-3969
-4737
-19585
-13185
-897
8064
2688
15744
-3457
7552
1408
-17281
-11393
-8577
-2433
31616
-7809
-10881
-32385
-1153
-25217
-8577
640
29312
-18304
-31360
-11137
8832
-19841
4992
-26753
-9089
-7553
-897
6272
28031
-3457
-2433
-12673
23424
3712
-5761
-20865
31359
8576
16000
-4737
640
-28033
6528
4480
896
9600
12416
10112
-28033
-7553
-2433
-1665
-1921
-14977
-1153
1664
-21121
17792
1920
-6273
1408
-8577
-129
27775
-15745
-26497
-23168
26752
-13696
-4993
29568
-2177
-9601
-2689
896
-28544
-11393
-1409
128
-20865
-2945
-1665
2432
1920
-5505
-385
3712
384
-18049
7808
-1921
12928
-13185
-4225
-8321
-6017
-12929
-2177
5760
16000
2432
3968
-21633
-30081
-6785
-3457
-19585
-21633
-5249
-4993
9344
-20609
-6529
896
-15233
-641
21888
13440
-6785
-7809
6784
-19329
-29569
12416
-12929
1408
-1921
-10625
29823
4480
9600
-13441
-20609
25728
3456
2176
-12929
-5761
-13441
-6529
-1665
-6017
-12161
1152
-2945
-7809
-12161
-6785
-10113
