-7297
-4225
-1153
12416
-1153
2432
3968
6784
-10113
7040
-5505
1152
4736
-3201
9088
-2945
-2433
11648
-3201
7296
2176
-9601
10624
-2433
1408
-5761
-1409
1152
896
384
-2689
-10113
3200
5760
-4993
-4481
-1409
-5761
896
11136
-3457
-897
-10113
-2433
2432
640
-9345
-7809
-129
11648
3712
-17537
-11393
-6785
6528
3456
-13441
-4993
-2689
-3201
3200
-8065
-4993
-3713
3968
-22401
-7553
-19585
2944
-9089
7296
3968
9856
-16001
-3201
-7809
896
6528
2432
-13185
-5249
6528
1664
16000
-2177
6016
-4737
-9345
16000
-1921
640
3968
-13441
-641
5248
2176
-641
-2689
384
-8833
-1409
10368
1152
-4993
-5249
4992
3200
1152
-3457
-4737
-7297
384
-3457
1664
-1409
3456
4992
2432
-7297
-4737
1152
128
1664
5248
-1665
4480
1920
-3457
10112
-7041
2944
-7041
-6017
14720
-6529
7552
15488
-4737
11136
-6529
128
11392
2432
4736
-2177
-6785
1408
4736
7296
-897
-5761
7552
17024
11648
-1409
-4993
8320
4736
5760
128
896
8576
5504
-3201
-2177
-5249
11648
-129
-1409
-11393
-10625
4480
-6273
7040
9600
-9601
14464
-8065
4224
-2177
-9345
4480
-1153
-13953
-13441
-15745
4736
3456
-3201
-7041
-3969
18048
3968
1920
-2177
-14977
9856
-2177
-4993
-8321
-10625
16000
-10625
-6273
3456
-4481
20352
-2945
-10369
-7297
2432
16000
-13697
-12417
-6273
12160
17536
-10625
-13697
-385
1152
14976
-19073
-13185
2688
3968
1152
-5249
4480
1152
-8321
6784
2176
-7553
5760
-8065
-8833
4480
-15233
1152
-4737
-4225
2688
-1153
17536
-6273
-129
-11649
-3713
-1921
2944
6528
-3457
-1921
-14721
-2689
1920
128
-3457
-3457
-897
1152
640
896
-4737
12160
1408
3456
896
17280
5760
-1921
-2433
4224
7296
640
896
-15233
-385
2176
2432
-7297
-12673
-8321
1664
128
-13185
-2689
-12417
-897
12416
-13441
-13185
-11905
4224
12416
-641
3712
640
6784
7552
6784
-1921
-7297
-4737
-8321
1920
-2433
1664
5504
-2177
6272
-12929
-5249
384
3712
9088
-7297
-7809
-385
896
3712
-5249
-3201
-15745
12160
5248
-3201
-2177
-8065
2176
6784
-23937
7552
-4225
-6017
5760
-11393
-8577
2688
8320
-5761
-6273
2688
128
10624
-4225
-11649
384
3968
8064
8064
-3713
-3201
896
7040
3968
-18049
1920
-3969
7296
11648
-10369
-7297
7040
-897
640
-12161
6272
-2433
896
9344
3712
13696
-4993
-8321
2432
-9857
2176
1152
-9345
7808
-129
7552
-129
-3969
2432
2432
6272
-4737
4480
384
3712
11392
6272
9088
9856
-6529
-6785
1664
10880
4480
-11649
5248
9088
1152
-3201
-10881
-2689
5504
11136
-9089
-11393
-10625
-2945
10112
-385
3712
-5505
-2433
-2945
-2945
4480
1152
3712
-8065
7808
5504
3712
2432
-5505
1920
18560
4224
5248
1920
5504
-1921
7296
3968
4736
2432
-5505
10880
4224
5248
9856
128
8320
-897
13696
-1921
1152
-6273
-7809
14464
-4481
7808
7552
-1409
14720
2176
8320
-4225
-5761
2944
3968
13696
1920
-641
-3969
-1409
9856
-385
-6273
-129
7808
14208
-11393
-129
9600
2944
-32384
-3713
-897
16512
6272
10112
-129
-8065
1664
-4993
19584
-2945
-4737
3968
3456
12928
12928
-5505
1664
-3457
8832
-2689
-8321
-2945
12160
6784
-3201
-2177
-4481
-5761
12160
13696
-6017
-3457
12672
-1409
7040
-1409
-7297
10880
-897
16256
-10625
-2433
3200
-3713
13184
2432
-2433
10368
384
4736
-129
2944
-641
-641
3712
-5761
-2433
-2689
8832
11648
-3457
2944
-10113
-5249
14720
4992
-641
640
5504
4992
2432
2432
8576
13184
10112
-5505
-5249
1920
13184
9088
-3969
2432
4736
9856
11648
-8321
-5505
5504
15232
-1665
-8577
-11649
-4737
8320
-3713
-7041
-5761
7552
10624
1920
-5505
-641
2176
8576
-5249
1920
640
15232
-6785
-6017
-1153
-10625
9344
896
1664
-1153
384
14976
-8833
-4737
-6785
7040
7552
-3457
-7041
-5505
1920
8576
-3713
-3201
-1921
4992
4992
-13185
-6785
-8833
-3969
4736
-15745
-6529
-20353
8832
4480
-4993
3200
-11137
8064
6272
-3457
-6529
-129
-2945
15232
10368
-4481
2688
384
15232
3200
-16513
-4993
11136
16768
-8321
2688
-9089
-897
7808
-11905
3200
2176
4480
-2689
11392
-4737
-11393
6784
9088
-3713
-2945
-129
11904
-4737
2944
6016
-14465
16000
-2689
9344
2688
-5761
14208
-3457
4480
1920
-1921
5760
-9089
6272
1152
640
896
5760
12672
-5249
-897
6272
4224
-1153
-11393
-897
2432
-2689
5504
896
-5761
