7552
-9089
-15489
4480
640
-6017
-3201
-1921
640
-5505
12160
-16001
-1153
2176
-6785
9856
-2433
-6273
7040
-9857
384
-6273
-13185
7552
1408
7552
6272
1152
2176
-4481
15488
-7809
3968
3712
-6273
-8577
2688
-8321
-4993
1920
7040
-3713
-5761
-7041
5504
-12161
6272
-129
-2945
3712
9600
1920
-3457
-897
-6017
-7553
-12161
-6017
-2689
-6273
-4737
-2433
-8833
-2177
-385
-385
6528
-10113
-7809
6016
-3713
1920
-385
6272
-7041
-2945
5504
-1921
10624
-6273
-8321
-4993
-4993
-2945
3968
-13697
-2945
-7297
-7809
6784
-11393
3968
2432
-6273
2176
-4481
2944
11136
-7809
-8833
-1665
-3201
1920
-2689
384
3456
4736
4224
-6529
-385
5760
3456
-2177
-3201
10624
128
-13697
3968
-3969
-1153
6016
-129
1152
4992
-6785
-897
7296
5504
4224
6784
-4225
-641
13184
-3969
6272
6784
14720
12928
-2433
5760
384
-641
896
6016
4224
-3713
-6785
2176
13440
11392
896
-12929
9600
12416
4736
10880
-10369
13952
5248
3200
-897
-385
4480
5248
-8321
7808
-1665
4480
896
-641
9344
-4481
15232
8064
-2945
1152
-3713
18304
-4737
-129
15232
-22401
17792
-10369
384
10624
-12417
1152
-2433
-7041
-641
-897
22656
3712
-13185
4224
-16001
6784
-1153
1920
5504
-3201
2944
-9857
-6785
-1153
-3713
17536
-3969
-14721
1920
3968
13440
-8065
-4993
-8321
6016
4480
-16769
-14721
-5505
3456
12160
-8321
-18049
-9345
2944
2432
-10369
-1665
-11905
3968
5504
-6785
-3457
-9345
-6529
5504
-2177
-3201
-16513
4224
-2689
-2433
-6017
3712
640
-13441
-2945
-5761
10112
-1153
128
-5505
3712
-6785
4736
7040
1152
4480
-6017
3712
-1409
896
-8065
-3969
2688
7040
1408
-385
-12417
7296
-3713
-4481
6528
-10369
-7041
-5505
-14465
-3201
1664
7040
-2945
-7297
-9601
-6273
640
-18049
-3969
-17537
3456
2688
-12417
-4737
-8321
-2945
14976
-2945
-10113
-3713
4992
8832
-2433
-9601
-12417
8832
384
8320
-7553
6528
128
-3713
5248
-12161
4992
-1153
-1153
384
-2177
-897
2432
6272
1664
6016
-7553
13952
-12673
3200
-15745
7808
-4737
-6273
13696
-9345
-6273
3200
-4993
6272
-14465
-10369
7552
128
-6017
-16257
-3713
-2689
896
-7297
-9601
5248
8576
5248
1920
-17537
2688
5504
3968
10624
-12161
-2945
-1409
12416
-1153
-16257
-9857
-9857
2944
-3201
-14209
14464
7808
-6017
14720
-15233
3968
640
-129
-1665
-8065
13952
1408
896
2176
-4737
3200
9088
-1153
3456
11648
-2689
-2177
6528
1920
3456
4480
-2689
6016
-1665
2688
640
7040
16256
4224
-5761
2176
384
12416
896
-13697
2688
-2945
10368
-6017
-9857
-6529
3456
12416
-6785
-7297
-11393
4736
7808
-897
6528
-4225
8320
-7297
-8577
2176
-2689
7552
-641
2176
3968
8064
12928
5760
6016
13696
1920
-641
6016
7296
-3201
5504
-1665
9856
10880
-10625
6528
384
13952
7808
-7553
896
-2177
13696
-129
3712
-1665
-8577
11392
9088
11136
-6529
11136
8832
2944
4224
6016
6528
-3713
-5505
6784
-129
-3457
-4225
3712
20864
-7297
2688
9856
4736
-28800
-11137
5504
9088
-641
18816
-2689
2944
10112
-1153
8832
1664
1408
10112
128
6528
4480
14208
6016
2944
6016
4224
11136
-6273
1664
1408
4480
896
2688
-4225
9856
5760
6272
-2689
3712
896
2944
3968
-897
10368
4224
10112
1152
-3969
5504
6016
9856
-6529
-3457
6528
4992
13696
1408
1152
6528
11392
-2177
8320
2432
1152
5760
10880
2176
11136
-385
-7041
9088
3456
-7041
-3713
1664
-1921
2176
384
4480
-641
3968
8064
128
1408
14464
9856
-4225
-8065
2944
13440
11392
-20609
896
8576
3712
2432
-2177
-10369
-3713
3968
2432
5248
3200
-641
2688
-2945
-2433
-1665
6016
1664
-1409
-385
-11905
3712
-1409
-5761
-7809
-13953
-9601
384
-2177
2432
9600
9088
-897
-6273
-1153
-4225
17280
-897
896
-8577
-1409
5760
-8321
-4225
-11137
-4225
7552
-641
-2689
-6785
3200
10112
-8577
-8833
-6017
9856
-1921
-13953
-8321
-3201
15744
2944
-6529
-385
-3713
8064
1408
-2177
-10113
6784
7808
11904
-5505
-4993
-3201
9088
10368
-2433
-3969
3712
-1409
-385
-1665
-10369
-14721
896
9344
3200
-11393
-11905
5248
10624
2432
384
-9089
4480
3200
-10881
10624
2944
13440
-4225
-3457
3200
128
17280
896
8320
12160
2432
11392
-1409
6016
384
-7553
2432
8832
7296
-897
128
2176
1664
10368
-4993
-1409
3712
-10625
-2177
2432
