-21889
-6017
-32385
22399
18560
-8321
-8833
-16769
1664
-16769
-16769
-8833
-25473
11648
-20609
-5761
-4737
-16513
15488
-13953
29568
3968
-385
3200
26752
-12417
-2945
-15233
-3713
-12929
-19585
-4737
-3969
-2689
-13185
-2946
32381
6271
-20098
13695
-19072
-14720
5248
21376
-641
-1408
-23680
-129
8576
4992
-5505
13952
-22145
7552
-4481
-3457
-13441
-9601
3200
24704
-10880
19584
12416
640
23424
8064
-4225
4992
14720
19840
-18049
-22400
-8833
-31616
7808
27264
-31872
23680
12160
-31872
-22144
17024
16768
128
31616
25472
16256
4480
-4225
29312
15232
-21889
-8577
4480
21120
20864
-9089
11648
128
10368
2176
-23425
-15489
5760
896
6016
-6785
5760
10624
25216
-3457
384
-4481
2688
6784
-29057
28286
-24705
2943
-11905
-8576
-19840
27776
5760
22656
-25984
-17024
-641
-641
14464
-14977
-1921
-17793
3456
7040
27008
17024
128
-8577
13440
-3969
-9601
11392
7040
-897
28288
2688
1408
16768
3968
-9345
-5505
-21377
-6017
-22913
-31360
22656
13696
18560
19840
-1153
-12929
-28289
-21121
-2945
4735
-16514
19071
-19073
25215
8320
30080
-14977
20352
-6529
-11136
6785
9600
-21632
8832
19327
-22145
-29313
-15233
-18305
-13696
23680
19584
14208
24960
-20865
-31105
-31105
-1921
-385
-29568
-28032
3968
23936
27008
-17281
-13953
-24705
-12417
-3201
3713
-20096
8320
-30336
-15232
17280
-17537
-14209
-8065
-15489
7551
-3714
18815
-16769
-8065
-30592
30080
18048
15488
-30080
-31872
-14976
9856
-16512
17024
-2689
-3969
15999
-3201
15488
-31104
31872
20608
13184
27776
18304
-15489
12416
-24961
24192
-29824
16256
-14209
13952
10368
-16001
-30593
-24961
-11393
28031
15232
17024
-5761
15488
8576
-2433
-24193
-9345
-8321
22144
-7553
895
23423
-9345
-19841
27776
-23680
-29569
24704
4224
-32384
385
-13185
-22656
5504
-9345
9344
27007
19840
8576
13440
-641
-31361
12416
10368
-16256
17280
-4225
-10113
13696
6016
-3969
29823
6272
13952
32127
-5761
-18049
8576
-10113
-15233
3968
-18305
3200
2176
-30080
8832
31615
13696
23936
-31105
2175
-13697
-16769
12160
-25472
-17280
128
31360
-29824
-18560
-19840
8064
11136
14976
10880
23936
30591
6784
17792
384
-6273
-17793
18048
384
8832
4736
640
4736
5248
-6273
-17537
-18817
1920
-6017
3200
8064
31871
3200
21376
8320
3712
-22401
-4737
-13953
-8833
-5249
26239
8064
-11393
3200
30335
4223
-15745
-6785
-18048
-24704
-21377
32384
-9089
-21120
641
-24449
18304
1920
15232
1920
-27777
-1665
5504
8832
-16001
-10113
-10113
-7553
10368
5504
-8321
2432
-8577
-21632
11136
-22401
-8577
13952
12672
14976
-24449
2176
-12161
-6273
4224
1920
896
-18817
-18049
10112
29567
-3713
-16769
-20353
-25729
-20609
-27009
-22913
18560
-10624
384
15744
17792
21888
-28032
-14209
12672
-129
-9857
384
-16257
-385
-10881
13952
-7809
-28033
-1409
15744
2433
-4225
-7809
-15233
-26496
640
9600
1664
-13697
4224
29568
3200
12928
-4993
28800
4736
-385
-129
-1409
-641
8832
-11393
-27777
-11649
-20865
639
7551
4479
-1409
32639
128
13440
-18561
26240
16256
29568
30336
-2689
8064
13952
-22657
-9857
-30081
4480
4992
18560
-24705
-17281
3456
-14721
-3713
-10113
-2945
6784
15232
-16513
-28545
-8833
8576
6272
2176
-8065
28799
9344
-10881
28800
-897
21119
27264
9344
-11905
-8577
-31105
15744
-28801
-24449
26239
28799
384
-31873
-32640
30080
6272
25472
12416
-6273
29312
-23937
24704
17280
-129
-3969
-10369
14208
-2433
-14209
-16257
-25729
8576
14976
-23168
2176
-18305
-2689
-385
19840
-30849
-385
-3969
4736
-15233
-12929
-16001
-16513
-19585
-15745
-12161
-15233
640
-1409
-22144
-8833
-6529
-8321
14720
-18049
21631
11391
-14721
15232
12673
-128
-13953
17280
29824
-26752
-11136
-18816
-9857
30080
19328
14976
-7809
-8577
10880
-12672
20352
-6273
-16001
1408
4224
2176
-8833
-5505
-8833
18560
15488
31871
1408
-13441
2944
4992
5504
-897
-10881
16256
-2945
-20353
2432
3968
28544
12928
24960
-10369
12928
-3713
-20609
19071
6784
-21121
-22144
-384
-20097
19072
-1665
31616
-16512
-3713
21888
-3969
-29825
-2433
23935
10112
-9601
21120
-9601
-29313
4224
-8321
-1665
-16513
12928
-4481
-2945
-21889
-12417
-3969
12160
7808
-3969
-18305
6016
-897
-8065
29568
14208
-8833
2688
17024
9856
-11137
23935
-2945
-18049
-20609
-31617
-30337
-2689
-1153
-7041
25984
2176
27264
1408
-29312
23680
2688
11392
14720
-6017
-13953
-19329
6016
-8833
4736
-16513
-16769
-641
-17025
11648
1408
-13953
-10625
-8577
11904
4480
9600
-12673
-9857
