20607
19071
-12417
-20865
-10881
-1409
-4481
4736
-2433
640
13184
-17537
27776
3712
27520
-15489
-7553
22656
8320
24448
30591
-18561
20608
-12417
1920
18560
-13185
8832
-10369
21376
-26497
4224
15488
-14465
21376
2944
-5249
6272
-18817
16256
1664
-6273
30080
-14465
25216
13952
-6273
28032
-9089
-30592
-13697
5760
11136
28543
-385
-6016
-2177
25216
-31873
27008
-6784
-6529
13184
-18561
17792
-7041
384
13440
-23937
9344
-18816
-12929
14976
-12929
3200
3968
-14465
21120
10624
23168
10880
-20353
18304
-641
7552
21120
-20865
8320
-1153
128
-30080
-24193
11392
11904
2176
-6529
-23425
-9857
-2689
-1153
-29824
-18049
-5249
-1409
7808
-25985
-19329
6528
8832
24960
17024
-30593
-385
-9345
-5761
-2689
-9857
12160
-14209
8832
-23169
-24961
18304
4480
-27776
17792
-14977
8576
-18817
7808
-3201
-21377
11392
-16257
-3713
-19585
-19585
11648
-3969
16768
-16513
-7553
10880
-23425
-5761
-4480
-28289
1152
-22913
-4737
-14977
-20865
384
-19073
1920
-8321
-6273
7808
-30849
-6785
-19841
-22657
10624
-26497
-4225
-29824
-14465
13696
-28289
17792
-6528
-6273
5504
29823
-4737
-7041
-15745
29568
-29569
13440
-6273
-9857
9344
-28801
12160
-17281
10624
19584
29567
-6017
-10113
3712
-385
32127
3456
-5249
-5505
9344
-25985
8064
20864
640
5760
18815
-21633
-30080
-14977
3456
-27265
384
8064
-9601
2176
-29057
-6273
-32128
3712
4736
-27009
-3713
13184
-1921
13696
-11137
21120
-8833
-7553
19584
-13441
15488
24704
-12417
12416
-28545
1152
20864
-5505
11648
-19841
16512
-13953
-14465
9856
-16257
3712
-15232
-19073
10112
-25985
-12929
15231
-12929
16512
-2689
8576
32640
-19585
9088
-6785
-19329
-9857
-14209
7808
-19585
-3713
9344
-20097
12160
-7809
5504
-11904
-29569
20096
-11137
-2689
17280
-28545
19072
-18049
128
17536
-22657
12928
-1409
13952
-7041
-13953
6016
-19073
-1153
17280
-11393
4224
-29057
-7297
128
-18817
14976
-25729
-129
14208
-21121
-4225
-28545
-4481
16256
-7553
-5249
-22913
-5505
8832
-10369
-3457
-17025
12928
-9601
-6017
-129
-24193
2688
-13185
-1409
4480
31103
8320
31616
-7553
8832
-16769
21120
4480
5760
-3969
25215
-10881
-385
8064
-3457
20607
-7297
-23937
3712
-2433
30591
-2689
12160
8064
-3201
17279
-15233
12416
1152
-12161
27519
-7553
20352
-1153
-8833
27775
4480
-10881
4992
4480
18815
2944
-22400
14464
7040
23679
10880
19072
8064
15488
-12161
16768
19584
9088
5504
-30081
1920
-7297
13696
-3713
-31361
11136
22911
-2689
6528
-31361
6016
-13185
4224
-4993
30079
-9601
11136
4224
384
-28289
5504
-7809
-2945
6528
-18817
21120
27263
-3969
5504
-25985
-6529
22400
-897
-641
-17025
384
1664
-7041
-4737
-14209
10880
26240
-3969
11904
-19329
-4225
-12161
-9089
14464
-9601
15744
4480
-13441
640
-7297
8832
8320
-8065
-7553
-19585
-5249
4736
-8833
-20353
-15745
6272
13952
-9601
10624
-9089
-2433
-1921
-5761
-1153
-23169
-2177
24191
-9601
6528
-21889
12672
-31105
-4737
2432
-19585
4992
-17537
4736
14720
32383
11904
22912
-10881
5760
-20097
18816
-18305
-4481
32640
-26241
22656
-7553
-14209
11392
-31105
-4993
-2945
-16513
-4737
29311
-3201
-18305
1920
1664
29055
-18561
24191
384
-5761
19583
-14721
25216
-897
-129
31871
-7297
640
384
-13441
21119
-17281
-29825
14720
8832
29311
-8065
13952
10880
4992
-26241
7040
-18561
16256
6272
-28545
12416
-7297
7296
1920
28799
9600
-16257
-7553
8064
-26497
7552
-12673
10624
11904
27519
-4993
-9600
7808
-10881
18047
-9345
31359
1152
-7809
-32385
8064
7807
4224
-2177
23167
-129
-5249
-8321
-17281
30847
3712
-1921
-3457
-385
-29825
5248
-22400
-1665
-2945
-27009
-12161
-19329
2944
3456
-22657
16000
-12417
-4737
3456
-7553
19584
24191
-5249
-9857
-19073
640
-12161
-641
128
-19841
-4993
-16769
-8833
128
-2945
5504
-11137
-5505
-6785
-13953
128
-641
-897
3456
-11137
384
27264
-21121
-18561
-6273
8832
-13185
-12417
-18049
-11393
8064
20864
-14209
-12929
-7553
4224
26752
-10113
13440
-1921
22144
-26497
-10881
5504
-6785
-3457
-22912
-24705
-6017
-14721
-8321
384
-13697
-4737
-5249
-4481
31871
1920
10112
-19073
-9089
-6273
-2177
-3969
-20865
7808
31615
-12673
3712
-12417
9088
-10113
-8321
-897
30079
-15233
8064
-17281
-8065
-17793
4480
-25472
-5249
2688
-19073
11904
-1409
10112
7552
-28545
7040
-27521
640
12672
-18561
22144
28543
8320
4480
23167
7040
-28033
19328
6016
9599
-5505
19072
2944
-4225
25727
9856
-10881
14720
5760
27263
-8577
