-27777
12927
-15746
-129
9344
-5505
-2945
-15489
-15745
9856
-8321
-15233
5248
-18049
26240
-3713
4480
25728
-17281
25216
17536
-385
-13184
-24193
21888
-1153
17792
14976
-5505
9088
27264
20864
9856
-17537
8576
-10114
-9346
-10369
-22145
-15233
13696
-24192
-16000
-6529
22656
18816
-22656
2177
-20097
18304
5248
-5761
3968
-2177
12416
15232
-5249
-15233
-4737
19584
12928
-28800
29056
-19073
17536
21888
18049
-5761
-15745
-4737
13696
2944
384
-11905
18560
27008
31616
-12160
-18049
12416
27520
15744
-2177
-27265
10624
4224
14976
-16257
-25729
9856
-2689
21376
-385
-19841
3200
4224
10624
-11393
-26497
-3201
5504
25216
25728
-30849
1408
-9601
19072
20352
-21633
896
-1409
-897
6528
-20865
3200
-17025
-19073
3456
-30593
-17025
-31360
-16768
-24960
30847
17536
29312
13696
4224
-21889
9344
7552
15744
3200
-4737
4992
-10113
13440
23936
-25217
10112
11904
16512
31104
-22401
10624
1664
-14465
-2945
-24193
7040
-1665
14976
-15745
-17793
-897
24448
-23168
-12928
-19585
11136
-18561
-21377
-17537
-9089
7552
26239
-18561
-28289
-4225
-13185
3456
-3201
1152
-10881
19328
16000
32128
-11649
-22913
13440
6272
12672
-23424
-2945
9344
31360
30336
-13440
-18049
9856
-17281
31871
29823
9856
4224
10112
2944
3200
-13697
8064
-6785
14464
11136
-13185
6784
14720
16768
12416
-11393
9344
8320
25472
-23168
-16257
-10113
-30337
-31361
1152
-1921
-12417
25984
-23680
24960
-16769
-6785
21376
27264
14720
-15745
14976
-18817
-22657
17535
-641
19840
25984
12416
128
-23681
5504
17536
18816
-385
-28289
3200
23168
-19584
-9856
-12417
10368
-16513
12416
-28032
-24961
-11905
13952
21632
-2176
-18561
9856
6272
-8321
29824
-7553
13696
-24449
-19841
10880
-3969
8832
-897
-29825
25471
-11905
24704
1920
20352
-11137
-24193
18560
-10369
7552
6528
-19329
2688
9856
-14465
-22401
-21377
12672
31104
-32128
-29568
-24193
-2177
4480
-12161
12671
-16001
4480
1920
2944
8832
-17537
128
-14209
-3713
-641
-9601
-10625
4992
7040
-1921
-8321
384
2432
11136
8576
-7809
-12929
3456
19840
26752
128
-1409
15232
-27008
-22656
-21377
-13953
-9857
-8833
7039
-8577
-6017
-4481
-3969
29056
8320
-3713
-10113
-3201
24704
-4993
-5249
4224
-24448
5761
1152
384
6272
-6785
-31105
-1153
-5505
-5761
7552
16000
5760
3968
6784
-22913
-31105
10880
6784
-22657
-12161
-19329
23424
-11649
13184
-7041
-31617
13184
20352
19072
7552
-7297
10368
16256
-10881
-27521
-13953
-2689
3968
11904
-8577
4480
7040
-1409
10368
2176
31360
-1921
-7809
8832
-31617
22655
-1153
1664
3200
-31361
27263
-897
3712
-2689
-3969
-25985
-22657
-2945
-8065
128
-20353
896
-13185
11904
8576
9856
128
-6273
27264
-4737
-16001
-6785
9088
5504
14464
-21889
-4993
11392
1152
-1409
-12673
-16513
-4737
6272
-4225
-17025
-1153
-4737
17024
-7809
-385
-3969
-9345
10880
4224
896
-14721
-6273
6784
7552
20352
-4993
-1665
-1921
-2689
-29569
-17793
-2177
-8321
-19329
27519
-10625
-3457
-21377
-23681
-31361
12928
14464
7040
13696
-14721
8320
13440
8832
11392
1919
-12161
25472
-4481
-13441
-30593
-24449
16256
-2945
25983
-7553
-1665
12160
5760
-6017
-23681
1408
-3457
-9345
128
-21633
-1921
-9345
-5505
-26497
-30337
6528
7296
2688
22399
17023
-4225
-4481
-6785
-6017
27264
14720
-897
-2689
5760
-6785
13696
128
13696
13952
-21120
9344
1664
1920
13696
-4225
9600
-3457
-3969
13952
-10625
-15745
384
128
14976
-2433
11904
9088
-11649
15232
6784
2944
-12929
15232
3200
23679
7552
-4225
-3201
384
17024
640
-12161
-6785
11904
7040
-10369
-9345
9600
-15233
32383
4480
-4481
-13441
-26497
-19841
3712
7040
9856
7808
9600
896
-1665
25472
-20864
-29312
-16513
-6529
13696
-11393
384
-21889
-6529
2432
16256
-26753
-10625
-9089
5760
27008
29568
-13953
-8065
-897
5760
32383
-10881
-10369
10368
20352
20864
-8833
1920
640
-18305
22400
-20609
-16001
21888
25728
-28288
-31361
-20609
-7809
-16513
-28289
-8833
-8065
8320
14464
14720
-17537
-6785
9344
-641
27519
-15489
7808
-6017
5760
-11137
-13185
1152
-6529
6784
12672
-22145
-2177
16512
11392
4224
-22913
-3201
10112
20608
23424
-17793
-4993
11904
27264
-9856
-28033
-7297
-897
9088
-5761
-13441
-3457
-1921
-16001
31871
2432
7808
-10881
-26497
16255
-5505
1664
-129
14720
-19585
128
3456
17536
-4993
8576
-2433
7808
-5505
-19841
16000
-8833
640
10112
-24961
-12161
-1153
128
6016
-15489
-9601
640
-5505
17536
27008
14976
-6529
-2177
