-385
-4225
-23424
-11136
-1921
-2433
32383
8576
-21377
30079
8576
-8577
3456
-24705
-28545
-2945
-7297
11648
-12929
-22657
-1409
20095
14464
384
-22145
-129
-15489
7296
5504
-28545
-4993
-28033
6784
-15745
24447
3200
7550
30080
-29568
30592
-5249
-11649
17280
-8321
31615
-5505
-6273
22144
-12929
-21633
7296
26495
6016
11904
-20865
-1665
-7041
9600
-897
-26753
-9857
29055
17024
640
-29313
-27008
15232
4992
-26241
14464
-10881
5248
-10625
-20097
-14465
-641
6784
-5505
-11905
-32641
-7809
-23425
3456
1664
-13185
7296
-17281
7552
-5505
-10881
-4993
12672
3200
-7809
-18049
7040
-27009
11648
-12161
-6785
-8577
-9857
2432
-18305
-12929
7040
9088
14208
-20609
-8065
2688
30847
1664
-7553
-12673
-3713
-7042
-32128
-10112
-30336
-8321
3712
9088
-21633
-25985
-10881
29055
14976
-14721
-28289
-1921
11904
-4225
13184
896
-8321
-7809
10624
-15233
-9601
-5505
-25985
4224
-21889
-7809
-19841
640
16512
-25729
-7297
-129
-27009
-897
8576
28800
-2177
-7809
17792
-11905
-10369
-3969
-31873
17536
23936
12672
-5505
19839
17024
-6784
23936
1152
4223
1408
18560
1920
4224
-30592
12160
-16257
-32385
-6017
-25729
-3457
25728
10368
-2177
3456
18560
-18561
-23425
6272
-27265
-129
-31616
15232
128
11136
9856
-12417
-8833
5760
6783
7808
28288
11648
3200
29312
24448
3712
-9857
7296
29311
1920
30848
7296
6016
1919
17024
12417
24448
10624
-12673
-897
25216
128
2944
14720
1408
-9857
-26497
1920
11903
2176
-16256
-1409
3712
18048
-4225
-12929
-31105
-5761
17023
1152
27776
-6273
-3457
4736
128
-8833
-22145
-7809
-25473
-3201
6528
-4481
-13441
16768
4480
-18561
-7809
384
9855
7552
24192
-1409
-13953
30847
20864
-23168
4736
-12929
27775
4736
14720
896
-7809
8064
128
-19073
26495
-7297
21376
7552
4224
-3713
-641
-16769
10368
-11137
-7041
1664
-9857
19840
-14209
-7553
2432
14976
10368
-4481
-7809
-3713
-27521
-4481
-7297
-12417
-7297
-3201
384
-12673
-13953
3456
11648
18560
-2689
-385
-2177
7295
-26496
-23680
19072
8832
640
12672
-4737
-6529
-8065
14720
11904
-21633
384
-641
-25985
13440
4224
-4481
-3457
9600
10880
6272
-6273
2176
3968
22656
-6017
3968
1408
-27265
17536
10624
-897
-3201
-4225
24704
12928
-15489
2432
-5249
16512
2688
-14209
4992
10624
5504
28288
-10625
-5505
30591
-21376
1921
17280
-2177
4736
7296
21120
-12929
-1409
32639
10112
12672
-19329
-4225
6528
14464
16768
1152
5504
5504
13440
24960
-18049
-1921
-15745
16768
23936
-1921
-20353
2432
22144
16512
-6017
-6785
-7809
3712
14720
1664
-5249
-30081
10880
5760
-12673
-385
9856
2176
6272
-1921
2944
13695
21120
27520
24960
2176
-26241
7296
896
5248
4992
9856
4480
-6273
-9345
-385
-8065
8064
-5249
-6529
7808
-22401
13696
17536
10368
4480
1664
22656
1152
6016
11904
-4993
4224
-897
2432
14976
-12929
16256
18304
3968
-7297
13696
9600
-5761
-4481
-4737
-1921
5248
12928
-8065
-8577
23935
7040
31360
7296
3200
-29568
-897
5760
-3201
-3713
-2945
11648
-5249
-17793
6528
-2945
5248
3712
-8065
-897
7296
14976
3968
-2433
-10881
-4225
8064
20352
-16001
-641
-21889
11392
-897
-20353
12160
4992
14720
-641
-8833
5760
-15233
19072
17024
-641
6016
-3713
12928
29056
-22401
-3969
-897
19584
25472
7552
3968
-129
12928
23168
-18305
6272
128
11136
-30592
-9601
-1153
10112
14720
6016
12160
-1921
-13953
16512
-15488
-3201
-1921
-17537
21120
12160
-8577
-8577
10880
15744
25472
-7297
9088
-14977
7040
29056
-12929
8832
-3457
-6273
19328
-3201
-3713
-641
10624
22656
-2177
-11137
8575
19328
-14208
13184
-6273
2688
8832
14720
-7041
1920
14464
11136
11392
-16513
4736
-32641
7040
9856
-8833
-13953
-6273
18560
10368
-7041
-6017
9600
-3201
5760
-19585
7552
-5249
14976
32640
4992
-4481
13440
3456
11648
-18049
-5249
9088
4224
14720
-3201
-3201
-28801
8064
4224
-2945
3712
-10625
17280
7040
10112
-8577
128
10368
-9345
-18049
-1921
-12161
14208
7296
-9089
1664
17024
-6273
7296
-2945
2688
1152
17792
4224
-2689
1920
-6017
8576
2176
-5249
-3457
19840
6016
-2433
-13441
4736
15232
9344
5504
3712
8832
-24705
12160
1920
7040
128
5504
15744
5760
-14721
1408
-21121
18304
14464
3712
6272
4480
11648
1408
-16769
12160
-31104
14208
7040
-18561
2688
-1153
9088
11904
3968
-12161
-2689
21632
19072
-7809
-4225
6016
21632
29568
-9601
6784
-11137
14208
21120
-7041
