384
-10113
-2433
31616
8832
16512
31359
3712
-2689
-22913
11136
-24705
18048
-2689
18304
3456
-23937
4224
-32128
4736
4992
-27009
640
6272
-6785
10624
2176
-2433
13184
12160
-9601
29311
-14209
10880
17280
-27520
-4225
15232
10112
19584
-1152
15488
15488
18816
32640
27008
-14209
15744
896
3968
8832
23935
12672
9088
11904
1152
30079
9856
11904
-641
4224
-30593
17536
-9345
-385
-6529
10880
-12673
3712
27775
-12928
-13185
14464
7040
16000
21632
-4225
9600
-18048
21888
17280
9600
128
21632
12928
-7041
-21377
5504
-10625
2432
11136
16000
-9601
-27264
20352
7808
-18305
1920
1152
-1665
128
1920
4480
16512
6016
640
-12929
4480
128
-15489
17792
18816
-15489
25216
9856
14208
-9089
25728
9855
-3457
-10624
3712
11648
9856
-17280
14464
-7041
6784
5760
13440
-8577
-21633
-3457
-28545
-6529
3968
1920
-8065
384
12160
16768
26495
7040
-10625
-10113
17024
-18049
8320
5504
3200
25984
-2433
21632
18048
7296
-13441
21887
20096
-10113
-15489
4992
-17537
12416
-15489
-9089
-31872
-30337
-31360
-13953
-7041
-28032
32383
-20096
-8321
3200
30080
-20097
17536
8320
12672
29056
-13185
14208
640
-1921
-1921
-21633
4480
-19329
-8833
23680
-15745
19584
21632
4736
19072
17279
7808
3456
640
4224
-31873
27008
12416
640
5248
-23425
6272
-9089
-4481
10112
-32385
29568
-3201
128
-27264
-20865
31360
-22657
-6017
-30080
-7553
-23424
10880
10112
-13696
-16257
-29568
23680
11136
18816
-3201
15488
4992
3456
-6529
30847
7808
4480
-13185
-3201
-8833
28032
31104
15744
2176
384
6528
20864
13440
-13185
13183
-32640
-19073
-13697
5760
29823
24448
19072
-12673
6016
-16001
22144
640
8832
-897
-6529
-31104
-24193
-19073
-26752
-12929
-21120
12416
2688
-14720
16000
23936
11136
7040
14720
8576
-4993
16512
15232
21632
-10625
384
15744
12672
-129
-17537
3200
-22913
1920
384
-8577
3456
3968
16768
19072
-24705
-1665
20608
-19841
12160
-20865
4480
16768
-3969
9600
-385
6528
30848
10368
-27009
-29569
21376
23423
-26753
-10112
2176
27008
25984
11904
-32384
30847
25984
-1409
-12161
10112
128
11904
10112
1408
1664
23423
14976
-23169
-20097
2176
-22401
8064
-11393
384
2176
-11649
-129
24704
13696
-9089
-27521
-897
-9089
3968
-7553
32639
2176
8576
640
18560
24447
6784
-22401
-7297
-15233
-17281
1408
-8834
-13441
3713
-10625
18304
18816
-31360
32128
-21633
11648
30080
128
7040
23679
-4225
-8577
13184
10368
21119
-4481
-21121
-23169
1664
-32641
1408
-4993
11392
-5249
-26753
-6273
22655
-2689
-1409
-22145
-3201
-21121
8064
-7553
28031
13696
-25729
-8321
8832
1408
-385
16512
13184
24703
-18305
14720
7039
-23169
-12928
13184
5760
2432
26496
27264
10624
1408
4480
21632
7808
17024
-13953
6016
19328
-2433
640
-4225
19328
16000
-15233
128
-1665
-12161
-4225
-8321
-19073
3968
-6529
-13953
-4225
-7041
-129
-10369
384
640
30847
-385
-30337
5504
7296
-13953
-3713
17024
12672
11135
8831
-12417
-17538
10623
-10112
15744
26496
31872
23936
20352
-20865
6784
1152
-5249
-1665
-30849
5760
-19329
1408
-8577
18815
10880
-16513
-15489
7040
-11137
4736
11904
-10113
-4737
28031
9856
-6529
-18305
-7041
-19585
18304
-14465
-7553
-27521
-8065
31360
10368
2688
-6017
25727
11648
6272
17024
12671
21887
-8577
-18050
14719
-29312
-30337
27264
896
-2689
-32384
-28545
18560
8320
14976
-1921
-10881
5504
-2433
10624
-385
28799
6784
4992
-2689
-24193
-31105
896
-14721
-4481
-7553
11135
-4225
-21889
-9857
-2945
20863
-4993
-14721
-29057
-8577
29311
-7809
7040
6272
-21889
21375
-1409
-2177
-14721
-2178
-32641
-25985
11391
26495
-18048
-12161
22656
-129
5248
30336
-14721
1664
-29312
12928
-7041
-29313
-2433
-20609
-6017
-24449
-26241
4736
-32641
-6785
2944
30079
-3713
-5761
-13697
1408
-11649
10112
4992
-2945
-8065
7807
1408
-4225
-14721
-3713
31871
8832
12928
1408
-13697
24959
14208
16512
-3713
30846
28031
-22657
21630
-9090
-14976
-17537
26240
2176
17024
21888
28799
22656
18560
1152
2176
-19073
5248
-16769
-3201
-3969
8320
1152
-2945
16000
-11905
-29313
-4225
-9601
-20353
-7297
-14465
-6017
-4225
-4737
4736
-21377
3712
29568
-8321
-17793
27519
14208
-23425
-24449
-5249
-13953
384
22912
5760
22398
-32641
27007
-28546
-12162
-12928
7296
16000
2944
9856
18816
4992
11648
6016
19840
16000
16255
-385
-11137
2176
6016
-2433
1408
-12417
10624
-17537
-22913
2432
-1665
1408
-2945
30335
8320
-7297
-1665
