13440
4224
-9856
-3713
-7553
-25984
-21120
31873
11392
-10113
31872
-22144
16257
16256
-1665
15488
13696
5249
-385
-2433
1408
28800
28801
15232
6528
9344
-24193
-17024
11136
-5505
1408
-5505
-27264
-2433
-897
10624
384
3457
2688
-10113
-29824
24704
9345
-641
-4481
20864
-26752
21889
-8065
-3969
21120
20096
15233
-897
-8833
21120
-21632
6785
-4737
-4225
-2689
19840
18561
-2177
4736
-6529
-22657
10112
21120
-13441
15488
-17281
4225
-1153
-129
-24704
25728
1665
-1665
-6785
13440
13696
9345
-8833
1408
-4993
-12417
9601
-5761
5760
27776
-11392
29825
896
8832
1920
24192
11649
-4993
-4225
17280
-27520
-25471
2944
3968
-1409
-9601
1921
5760
1408
21120
26496
-30847
3712
-8065
-27777
19071
8832
1152
-897
-31872
-2432
-18303
6272
6528
-897
21120
-30847
-6785
4224
4736
-23169
641
384
15744
-7041
-5761
31872
-385
-1153
31104
13696
8321
-3201
-897
21376
-8065
9345
2944
-11137
13440
19328
6785
8320
-5505
6016
26240
-22911
4224
-2433
-10881
3968
-6272
11904
896
20864
-9088
-2944
4224
1408
-1665
2432
12673
-385
-3969
8320
16512
25729
20096
-18049
29824
5505
-4991
16256
-15233
-19585
-16769
-20608
-385
-5761
-385
25216
10881
1920
-12161
2176
-24960
31617
4992
-9089
-28289
9087
-16257
-8321
-7809
10112
21888
-30847
11392
-641
-19073
-32641
24960
-4993
896
4736
-32384
12673
-7297
6016
-23425
-29057
29056
-12417
5504
18560
-4992
-13183
-8833
8832
1920
-25216
11137
-10625
-7041
-16769
-13441
897
-11905
-2433
-25985
-11905
-25472
-2689
-1921
18048
6272
-3200
14208
-5505
31359
-3202
-6017
-1153
3456
24192
17024
3713
-897
2944
14720
29824
20353
-3457
896
29567
-9858
11903
-8833
18560
-5505
12672
29057
-6273
384
25472
19072
18561
2688
-385
24192
-18560
-29567
-13441
5248
30848
-6528
-12927
2944
3456
-24449
3199
24448
2944
12928
-1665
13952
-3456
-3201
8064
-24448
385
-2431
7040
-9089
6016
11648
4225
-2689
-7041
14720
4737
23938
-3201
-7809
27775
-21889
9600
2688
3968
-24448
-18304
-15999
17792
-13185
-14721
-17537
10625
2944
-9345
-2689
4224
-11136
2176
-2177
6016
9600
-26495
7040
-2945
384
-1409
16001
-5505
4736
3200
27264
-21375
10880
7040
-18817
18047
7297
7808
4480
-8321
-26753
-13440
1664
11648
18304
13952
5761
-7809
9088
-25729
-20609
19328
4992
-2177
12160
-21888
-13695
-2177
1664
-8577
-19841
22913
-1153
-3713
-897
-27777
-17024
3456
128
10880
-10880
11138
1408
1920
-20609
12927
-30336
128
9344
-8321
1920
-29055
8064
10368
-5761
-18561
-1152
2176
11136
29055
32383
12673
-1153
6784
24960
15488
20097
896
8832
-6786
-10626
-22145
6528
7808
4992
-30849
-17280
12928
-4737
-18049
29311
24448
-1409
-4737
17024
17536
9601
10880
-1921
-641
-12673
2689
4736
10880
29311
20607
-32640
4992
2944
896
19839
-30080
-3457
9600
-6273
-9857
-23424
-4225
8320
-28545
-28545
16768
-4993
2944
19584
-28800
31361
8064
11136
18559
-11393
22144
6016
-9601
-20608
19841
12930
-8065
-2945
-897
6528
-1664
-4993
3200
17024
6528
7809
3712
6784
7296
-9345
7553
7552
12416
16256
-12416
32129
12160
7552
-1665
8320
26241
11392
8576
7040
1664
-13184
19072
-3201
-13441
-11137
9601
3456
-5761
6016
-26753
-11648
-897
-129
19071
16255
30847
2176
-1921
1664
24704
17793
-1921
-4737
19840
-31360
-18815
-897
896
-23169
-6273
13441
2176
128
10624
30592
22657
6528
1920
-10625
-7297
7809
640
4736
1920
21632
25473
5248
-3201
11392
26752
19841
384
-1921
-8065
-22145
-29824
2944
1408
32383
-19585
-29056
-8833
-2177
25215
-22657
3456
-8065
5760
22400
-9089
16513
-12161
-11393
6784
-30080
-31103
-5249
3456
-21121
27007
6528
2688
-6529
25983
-16770
23168
640
-8833
-4737
6272
16769
-4481
-14209
-1921
-29057
-14976
9344
12416
4992
27007
-26240
9600
-10369
-3969
11648
8321
-9601
6784
-9601
15487
-12672
-9601
-129
-7298
-22146
-26497
-10113
6272
7040
-9857
1409
-21377
-2177
-5505
18303
-20096
-129
12928
10880
22144
21121
-2177
7040
-6529
32640
-896
3200
12160
-16001
24959
-10368
2176
9600
-13441
5760
20865
5760
3200
17792
16000
-24703
-9089
1664
-23169
3711
1921
-11649
8576
7552
19072
-30847
-9601
-4737
-9090
-14210
-8321
-3969
7808
27008
21888
-22399
2688
7552
-5505
-15745
27521
11648
13952
9856
-31104
32129
896
10880
1664
-10881
31105
-3457
-2433
32383
-4226
31616
1664
7552
-4993
-12673
-1408
-8065
1664
