1920
-8065
-31616
28545
-3201
-20865
-4225
-7041
-2944
-10625
-24705
-13441
9088
7553
10112
-14465
-25729
26239
-20608
6528
21376
7040
24704
-30847
4736
25728
19072
20609
-24191
14720
-13697
-12929
-9345
-11136
5760
19071
-30849
18815
-9600
-5505
23424
28800
21888
18817
1664
29824
23168
-27264
31361
-9089
-13185
7040
9856
7297
-3457
-22913
-21633
27519
-12672
-8833
7808
-1409
9088
6785
-2433
31104
-1409
20864
9344
3456
-22657
-9089
-21633
-3968
16512
-30336
25216
-24448
-383
-4993
14976
9600
4224
6017
-18049
11392
19840
3456
23937
-6785
16512
-3713
-14721
-8320
2688
-6017
-2177
12928
9857
-2689
-9089
-18305
2431
-23936
6016
-9345
-11137
-24961
-10112
20864
-641
-11393
-29313
-28544
4480
-15233
-6273
24959
-28032
3456
-30592
-29568
31616
-25727
896
5504
4736
16256
32129
8832
-1153
7296
-4225
641
-129
22912
23168
-31616
-31615
-897
-31361
-25985
-23681
-896
-1921
1664
6528
15744
13441
-3457
8320
9856
19328
30337
5504
-3713
-8065
-7041
-8320
12160
-17793
-897
-2945
8065
8832
19071
-28033
2943
-385
7808
-27265
8576
32640
13697
15744
23936
-32128
-27008
-10623
3456
-4737
-14721
-18561
-16768
21888
2688
-2689
-8577
-16256
-7297
-16513
-29057
2687
12160
128
4992
1152
-897
-10880
640
25983
27007
-14209
16512
7808
-29056
23424
-19840
-22911
11392
9088
-14977
-17025
-15744
-7297
-23937
128
11904
1921
-12929
31872
16256
-24448
-28031
-9857
640
4736
18560
3201
-6017
12928
-11649
1408
13441
-5505
896
1920
11392
-25216
-9089
17024
9088
26240
-12928
-11393
-12673
-18049
-9345
-14976
10368
-10625
-7553
-3969
-2432
3200
15488
4992
27776
31617
-1153
-12673
-22657
17791
-18817
-4481
-17025
-12929
14975
-1921
-2945
25984
-3457
-3969
-1152
-11393
25984
27008
-26240
-20095
-9089
15744
6784
-23424
-21375
-7041
-4993
-12417
-2433
-29824
5504
16512
1664
2432
-20352
10368
24703
-15745
-1154
-7553
1664
-24449
-16257
-2433
-384
1664
-25729
-20865
7296
13185
1152
19072
1664
10624
-29311
-641
20607
32127
25727
9088
4224
-129
6528
-11905
-13952
15744
31360
30848
-10368
1922
12160
3456
-897
3968
-13696
-1665
-28289
-7809
-7041
1921
8576
-5761
-897
896
13441
8320
1407
-31617
20095
10112
-7809
896
6784
11392
14209
7296
-6273
1408
19584
28289
4736
-31361
-13185
27775
18560
-16001
-15489
-2945
30079
31616
4480
384
16256
-14209
-13440
-385
23936
13184
29568
23681
1664
6016
11904
14208
-25983
10368
-32641
-14465
25983
-17024
6016
-15233
-12161
-8577
-20096
-11137
-30336
3200
5760
-2432
-8065
-21377
-16257
5759
-25984
8320
18815
-22913
29823
9089
-3713
-12161
-10625
32639
-8576
128
-31873
-19841
30591
26496
3456
-129
14720
18560
22657
12672
-7553
-4481
-5505
6273
384
20095
-16513
8831
31360
384
-16513
-20353
-29057
22144
5248
18304
-2945
-14465
-7040
1920
18304
1920
-10880
-17791
-8833
6784
3968
4736
-11904
-1665
-12929
-10113
19328
-32639
9344
896
-6017
5248
-7296
13184
14719
29055
25471
-27776
12160
-22401
-9345
-18305
-10368
6016
-6529
16256
25984
26753
1920
-24449
-17025
-6273
-20095
-129
-19073
-1665
-27777
-896
12160
13951
-23681
28287
11392
-1921
23679
-22401
23423
-19072
-1409
-5249
-13953
9088
-896
24448
5760
-1921
4224
28289
-8065
-13185
3968
5504
1153
-1409
-23937
-21377
-26753
-7552
-5505
3200
10112
22912
23681
-7041
-9857
-4737
-27265
-29568
-4481
-3457
-10625
24704
31617
7552
-9857
-16257
5248
641
2944
-17025
2432
-2945
3201
1152
-17025
-19073
-21633
-12672
-2177
-19073
-11137
-2177
-4480
6528
1408
-3457
8320
-1920
-385
9856
7552
6016
-1408
-4993
-17025
-32385
10623
-30848
-3713
22144
14208
-3713
11137
-7297
4737
-22144
21633
8066
-4481
20352
-2177
21888
-16256
3712
20864
20352
14208
-9088
-7297
7296
-18049
-11137
8065
-9601
24960
19328
-32128
16769
-897
-8833
2432
1408
-4480
14464
11904
2176
16256
31617
-7297
20352
21120
-2176
31617
-7809
-23425
-23425
-9602
-20096
-19841
6272
10880
24448
-18559
-16769
21888
28544
-10880
23937
-3201
-3201
12160
13184
13697
128
5248
-12929
9088
7553
-2945
22143
25471
-24705
-8064
1664
25215
32383
15231
-29824
-129
-14721
-16001
-9857
30593
5504
-385
-21889
29055
-17024
-10881
10368
-7041
-29825
-12672
-3457
-24193
-4993
4991
-24448
-3713
26239
-29313
7295
641
11136
-5761
-4481
384
-32127
1920
-22145
-11649
22655
-13952
-2689
-24961
-23425
-23681
4993
-10625
-5505
3968
-5249
15489
-5505
-18561
-19841
-10113
16257
-1665
