8575
-24450
-8578
-6018
-8834
18047
-4993
-18305
-23681
-14465
15743
10624
-27521
-17281
-14977
-11137
13440
5248
3712
-15233
-17537
8576
2432
-8577
-16513
-4993
-2177
32383
-12161
6272
5503
10112
-12673
5760
-14209
28799
384
-8065
-1409
-19329
-10113
28288
-1153
8064
25472
-11905
21376
-13185
-3457
1920
21119
12672
-5761
-7041
-1665
-26497
3456
1408
1920
18560
31871
19328
-7553
-6529
18304
7807
19328
-26753
-13441
-12673
31616
-30080
32384
28288
1920
2432
20096
13696
18816
-5505
-14977
12160
9088
12672
8832
-20097
2432
-6785
-3457
15488
-21377
896
-23425
5760
30592
-9857
8320
-14721
-6785
14464
-12929
3200
-3713
-2945
29824
25471
11392
13952
-17025
16768
13952
2176
18560
-3969
10624
27519
-10113
3712
-6785
21632
-27009
22144
4736
11392
23168
-2689
16000
1664
15744
-3713
-29569
-2433
-17793
3968
15488
-21121
1408
7552
-4481
-19329
19583
8576
-16769
-17537
-27009
-6529
16512
-20097
13184
12928
-25729
9856
-11649
-9089
11392
31103
30848
-5761
-13697
8576
-24449
8320
2944
-6529
-18305
21887
384
26752
1664
17024
-10113
-24448
-2177
6784
-27264
-15745
-23680
-7809
2944
18816
25727
15488
7552
-641
-10369
7295
18816
-6017
2432
-10625
-18049
17024
-2945
-3457
-12417
9855
21376
5248
-18817
-9345
-24705
13184
2176
-4737
-897
-6785
27776
14464
2688
9600
-897
9600
4992
6784
-1153
24447
-4225
32384
5504
15232
5504
32384
14720
10624
16512
-16001
-19584
23424
896
11136
3712
12416
-20352
9088
6528
-24193
20608
20864
8832
384
24191
6016
23168
3712
-10113
-10881
11136
7552
9856
10624
16511
17792
-18561
-19329
24959
-6529
7296
23936
14464
2688
-12673
10880
13184
1664
-26497
4479
4480
1152
-9345
14208
12416
31872
20096
18304
17024
-26241
-28288
1920
-4993
25728
-13953
9600
6016
-5505
16000
25727
14208
-11393
640
-28033
25215
9344
-15233
-3969
-12929
29823
8832
-4225
-3713
-14977
-25729
-1409
5760
2688
-385
25983
1408
-385
-19585
-7297
-21633
18304
-3457
5760
-11649
6527
-12673
19072
3200
384
-22657
-26752
4224
-8321
9856
-23169
20864
-6529
3200
-11393
-31361
17280
3712
-13697
12160
16511
18304
-29569
-26241
-18561
29567
4224
-15745
-14977
-12929
-22145
21632
384
-2177
13184
1407
10624
-21377
-14721
-11137
28543
5504
-2433
-6785
384
9087
11392
-18561
-10113
-32641
21887
29055
-3201
8576
-23168
-31361
32384
-12161
6528
10112
-29057
23936
4736
6784
12160
31359
2432
6528
5248
1152
-30593
-2689
-7041
2944
26239
-9345
11648
-19073
-1921
-23681
-29825
-10113
29055
-8577
-26497
-23425
-4737
-1409
3456
29311
29567
7808
-13697
-9345
-8065
-27265
-7553
-12929
5248
3968
11647
-32641
-18817
8320
16768
-15233
17024
14720
10880
-385
-22913
16000
-16769
3200
9088
-20097
384
4480
-7041
6784
-7297
-5249
-14209
1152
11392
-18817
-1921
-31361
-5505
-2177
-29057
-4481
-13953
-14209
-11905
11136
-897
1920
-1921
-16001
15487
8832
23167
-16001
-27777
-23681
-9601
-129
-11905
29055
-3970
18047
-12161
4224
23168
-18049
28544
-1153
4224
-2689
8831
16000
-6529
-14465
-13185
-22145
-3201
1152
5248
-9345
20351
2176
-11649
2688
-15233
31615
17024
14976
-9601
-30337
15743
17280
-11393
-20609
-19585
28031
10624
-2177
-5505
-5505
-26241
21376
8320
1664
-27521
14719
24704
-11905
-15489
-3457
12415
-28801
-10881
6272
23680
-19329
-30080
27008
6016
-16769
-10113
26240
24448
12416
21632
-20865
17536
-7553
-6273
-9601
14975
4480
-12161
-3201
-10625
-27265
4992
-17537
-25985
-1921
23423
128
-17281
-15233
-23425
24191
-2689
-5505
-24961
27775
-13953
-7553
14208
-1665
14208
12671
-3201
-24449
-13953
-17281
-13954
12927
-12673
4736
25472
30079
-30336
17792
8576
-10881
-32129
13696
-10881
384
-11393
24447
384
-8065
-6273
-27009
-32385
-3457
-31361
-15489
-21121
24959
1664
-4993
-2689
-14209
17023
8832
-32641
-19329
-10625
-32641
5248
-27009
-3457
1152
-18305
-9089
-9345
1664
5248
30335
6016
-8577
-10881
2432
-2690
32127
-10881
13184
10880
-16513
-29312
-6785
18560
10368
32127
20608
25216
6528
-2945
18304
-4737
3200
24960
-15232
19583
8576
-16001
-2689
-13697
10623
7552
-11137
-10113
22911
24959
10368
-17537
-21633
2432
-16001
-897
-8577
-7809
-8833
18303
11392
-23169
-7297
3456
-12929
-1409
1408
7808
-21633
2687
24191
8576
7296
22144
-17537
29056
30592
-129
-10881
32639
20096
-17793
3712
-24705
11647
14976
6272
-7297
-29057
19327
9600
-22657
-897
22143
30335
-6785
-23425
-5249
-11137
-27521
2176
-21889
-11649
-21889
