21632
-31105
-8322
-18305
31615
-4993
-27265
-24449
-16001
-30849
5504
-20609
24191
19839
-27777
6016
-27521
-32129
-32641
-20097
-2433
-14465
-12929
14463
-28289
384
-15489
15743
-20353
-27777
12928
28031
-24961
640
29055
-12673
-10113
19839
6527
-1922
-2177
-21121
-24961
-13441
-29313
13952
-22657
30847
27263
-24961
3200
-24961
-17537
-32385
-25217
17280
29567
-27265
-16001
-32385
22400
-29569
-16001
25215
-18049
-5505
7552
19328
21888
11136
-3457
-1665
-26497
7040
-13441
6528
-18817
-32385
6272
-13185
-10113
-19841
-9857
-31617
-25985
13952
-18817
-12929
-28545
-20865
3712
-22913
25983
-17537
-11905
-18305
-20353
-7553
-27777
-10113
-16769
-11905
-27777
-5761
1664
-7553
-9857
27775
-24193
-21377
-27265
-14209
-28033
1152
-18049
-30848
9088
-6018
7551
15999
-7809
-24961
-12929
31615
-25217
3968
-23937
-385
-24961
-20609
-9345
-13697
-24193
-29313
-18305
-1153
-10881
-12929
-15233
-19585
-129
8832
-1921
-12161
24959
-12929
-11137
-19841
-14209
2688
17792
11392
20863
29823
-31361
-897
-8065
-6273
-13697
-3969
19584
-2689
21375
-898
31871
-17280
24448
17535
24191
12415
17024
-6273
896
8575
27263
20608
-16769
-897
9344
9344
-129
1408
30591
3455
27519
4480
-9601
-20864
-12161
6272
13952
-8577
23935
20351
28031
21120
-11905
2944
1920
8832
24192
2688
-13697
22655
-30593
26752
-16769
-21121
-3713
640
-30592
9856
-27265
-13697
-24961
-18048
12928
7295
3967
2431
-30848
-16001
-27521
32383
28287
3456
-25217
18304
-24193
-8577
14208
-19329
-21633
13439
27007
30336
-19329
-2945
8576
4992
27776
-7809
12928
-29057
23167
-6017
-12673
-20096
6784
11136
-30336
14208
-27521
19839
-27009
-5761
3456
20096
-3969
6528
128
3200
-18817
14975
16255
-12928
18048
9343
-28801
4479
-2177
-1153
-7041
-31361
20351
-1409
-3969
2944
-21121
-16769
-12929
-14721
31103
-22913
-13185
-24449
-17537
11648
-28033
-11137
16768
-3457
896
-19841
-4737
4736
-9345
19072
-2177
-10881
-19329
-1153
-24961
5248
-13697
640
11136
2688
-13441
-25985
-7553
-3201
-28801
-3201
6784
-23680
-23680
-22146
-12418
15743
-8833
-9089
3456
-12673
-129
9088
-3969
-12929
27007
-2177
5504
-7041
3200
-15489
-14209
15232
-12673
-10113
-14721
-3713
25728
-385
2176
-16001
9600
12160
-6017
-17537
-19585
-6017
30848
-19841
-26241
-20097
-14209
14976
-9089
-11137
-2689
-12417
17024
4224
-1665
-2433
-19073
-9088
28544
-14978
-13698
-1922
9600
-5249
-7553
-6017
-14977
18560
-10113
6272
-32129
-16513
28032
-9345
-5249
-31361
-5249
16768
-4225
-18561
640
-6017
29312
-5505
128
-29825
-10625
23424
6784
-4737
-18049
-12929
15488
-6785
-11137
-18817
-18561
19072
-8833
3200
-25473
-7041
6016
4736
-22401
4480
-2689
31872
-14720
-11394
9855
4735
11648
-2689
15232
-1921
-12929
20608
-18049
-4481
30591
-5505
-4737
-5249
8320
-13185
-1409
-897
1664
7808
-15233
-22913
18048
4992
3712
2432
-8577
14720
14976
6528
-3457
-641
16256
-1153
-2433
-2433
-17025
-30848
5504
-31361
-23169
-10369
-8065
1408
11648
1408
-24705
3712
-10368
1919
-2946
-7298
-10881
4224
-13697
1152
6784
7040
-13441
28288
1664
-10881
6784
384
-12417
-12673
-17025
13696
-1409
-21121
-7809
-24449
14208
-12417
-3201
-8577
-19841
5504
-6785
3968
-12417
31359
12672
-10881
-11649
-1665
-9601
-641
-3713
-11649
-385
-29313
32640
-16513
18816
-14465
-19585
-28544
1153
-29314
30335
-5506
26496
-20609
-23424
-11905
-10881
29312
-5249
-32129
-13697
-4737
27264
-2689
-12417
-6529
-8833
28800
-10881
-4737
-19073
2432
-30336
-10113
11136
-7809
6784
27520
3456
-16001
10112
-3457
21888
3200
-16001
-3201
-2177
27008
-3969
-19329
8832
5248
-26752
896
-2945
8320
-7553
24960
-14208
-13442
9087
14207
31104
-13953
24448
-29057
-5249
22912
-14977
-10369
-25985
7808
32384
4480
29056
9088
-29568
25472
-6785
-24705
-7041
3200
26496
-7297
-8321
-24193
11392
16000
-7297
23168
-8065
9856
-31872
2176
-16513
-1921
5248
16768
-8577
-1665
-10881
-8833
20608
11136
3200
-7553
-10113
21120
-5504
-9858
14463
-386
7552
-9345
11136
-10369
-385
8064
-1153
9088
8320
-21889
13184
6528
-14977
-5761
-15489
-5761
-18305
-8065
-18049
2176
28288
3200
7808
10880
1920
14464
-9345
-13441
-18817
-11905
11904
17536
-2433
2176
-11649
14464
5504
896
-16257
-12673
10624
-6017
-9345
-1153
-6529
16256
-14208
-12418
15743
-2178
16256
-8833
30080
-17537
-24705
25216
-9857
-385
-25985
-18305
23424
1664
1408
-18561
-11649
30848
-1921
-385
-32385
-2177
-17792
-7297
2432
-24961
9088
-28800
-5505
-897
-11905
-15233
