20353
25729
-17535
-14210
3199
-22913
-3202
9088
-25729
17024
-31617
-12930
-4993
-13185
10368
-15745
28287
-8065
-7297
22400
-12161
-16769
17024
-10625
17280
32127
-17025
-6784
-14977
8064
-11137
8319
29823
-23169
-641
-14977
23423
23936
-11393
-3713
22399
19583
-129
-27520
-6528
-19329
15743
30080
6272
-14976
31871
-1666
14464
7296
21632
-19329
29311
-32640
16256
10880
-11905
-21889
13952
640
3200
-26241
13439
7040
3200
12928
-6273
-24705
12928
24960
10881
-7297
-20609
-30336
-21888
-9088
896
-31361
23936
19328
12160
-1921
-29313
28544
7808
1920
-6785
14975
-26496
21120
22912
-16257
22655
12160
-26241
9856
-13185
15743
14464
27519
-8065
-8833
22911
1152
29568
8320
-21633
-15233
24960
22400
14976
8832
20863
-31104
-3201
29823
-28033
2175
7040
-21632
-2688
-16001
-22657
9088
-12161
27520
-16769
-25217
-22400
-19840
21120
-28545
-14465
14976
-2433
-8577
-16257
18047
-10113
-17025
-4481
-26497
-30593
-29312
-27009
-14721
-13185
18047
21376
-3713
-25984
-4737
-30849
25728
-3713
-6529
-11393
30079
7808
4992
9600
20864
-27521
26496
-6785
4736
-6785
7295
15488
-10881
-640
-7041
32639
8064
13696
4737
-1921
-31105
896
19328
2688
-1409
29055
-10113
5504
10624
-1153
-30337
-24193
12416
30848
-5761
19839
-9089
-641
31872
-3713
-22401
-3457
23167
9088
-16257
7552
-29312
-16001
20096
-10369
-6273
13184
6784
28544
12416
21888
-29056
5504
-2945
-24449
-16513
10112
-26752
3969
-23425
12415
8064
18816
9857
-22401
-1921
-11648
2689
18560
2688
-31873
384
4992
3456
-21377
-21377
6272
24448
18304
-9857
-1409
20864
15488
8320
5248
13183
-19073
-14721
14464
-6529
-15489
-7552
640
19584
-15745
1920
-22145
9600
17536
17536
-18817
8832
13440
-14721
-12929
26495
12416
31104
23169
-16769
21887
13440
28288
15489
-9089
-29057
-10112
-28800
11648
-2433
20095
-3713
-16513
1408
-2433
20095
5504
-1409
8320
-1665
32639
-4993
14464
21888
-17793
-16513
11392
9344
30848
-8577
-25985
20608
14463
896
-9345
8320
10112
-23169
2176
-15232
7552
17536
-19329
8319
2944
32639
-12929
19840
-10112
-10881
-31105
8064
-3969
-14208
-20353
-22145
640
-4225
7552
-1665
28287
10624
30335
1408
384
-21889
-3713
-15489
14720
-3201
-18817
9856
29055
-16257
-14465
29311
-14977
14975
4480
384
-6017
21120
-13697
2432
-9601
9855
-32129
11136
26496
-29056
-27520
-31360
-14209
6271
-11137
16511
-11137
13952
-3968
-19585
27263
-12417
14208
-5504
-16513
-24449
23936
13696
14464
2432
-29057
-22657
-24193
21376
128
-15233
9856
-18049
7040
-16513
-22145
-6785
-4225
25728
-385
-26497
-14209
16768
8832
3200
-12673
-3457
-27521
7296
-6785
-2177
2176
384
21632
-26752
-23936
-8576
29567
13951
-10881
-1409
-6273
21120
19073
-897
14975
-21377
21888
-9344
-5761
-3201
31872
17280
18304
-1153
-12417
11904
-30337
-19329
-14465
1920
16768
4224
8064
-6017
-10881
27776
11904
3456
3712
32384
9600
-19585
6016
1152
-17281
640
20351
-21889
-10113
-385
-17025
24704
-897
-29312
13952
27264
-32129
-5506
-5505
-15489
13952
15232
-16256
-3713
29567
-26753
10368
-31360
-14209
-5249
-16768
10880
15488
-13953
-31105
-12929
6528
11648
-8577
-7553
-25217
-7809
-13697
-22145
-30337
7551
-26497
-18305
-20865
-16769
-8833
8320
-7553
-22145
6784
-32640
4736
4736
-26241
-19585
-897
-18305
-1665
-29568
-31104
-7552
16767
-3458
-10625
-9345
-19841
20096
-19328
-6017
-14465
5248
24960
-26240
640
-15745
-30080
-7297
3968
-1921
-11137
-641
9088
7040
-7809
-20097
-11648
-14977
-14209
7552
-5761
-26241
-6785
-5505
-129
-14209
3968
640
16256
3456
26240
-23936
-13696
-6529
-9089
-23937
4736
-22145
8064
-3200
23936
5249
-4737
-9346
20608
-31361
-10113
17792
-16768
-5505
-14721
11648
25472
6273
17280
-19841
12416
27776
13952
-129
896
13696
-10369
2432
4480
-12161
14208
5760
17024
6784
32639
18816
-11137
13952
8320
-18049
16256
-19329
10624
9856
15232
11905
6784
2944
-5761
-23425
-10880
-15745
-12417
-17536
4224
11649
-26753
-17282
2432
-30849
27264
6528
-20608
-6785
-23425
-12673
18048
-17792
-11649
28288
28033
14464
25984
3456
-23937
28800
14208
14464
6016
22143
-9857
-30849
-16513
640
29823
9856
-11905
-6529
-18561
-28033
-19328
-4481
-1921
-9345
-29313
20864
-5505
-4993
-2433
-31873
24960
18048
15744
-12160
8832
-24448
25727
-11906
-12673
31615
-22657
4736
-27520
2432
16255
7808
23936
28288
-7809
23679
-385
15744
25728
-6785
30591
-11393
-6017
-1921
-13697
-27521
14976
-18049
-1409
-2689
-18561
11136
-32129
23936
