-23168
3969
2944
-10625
-10113
-32640
10369
-6785
640
384
11392
17793
9088
-12161
-2433
12929
-29055
7296
-3713
-12929
3457
-20095
128
-2945
-8577
-22144
10113
7552
1920
6528
17280
8065
18560
-7809
-2433
27007
-2688
-6017
128
-3201
15232
-30847
2176
3200
-4225
-31105
-11392
-13953
5760
-4481
-4737
9857
8576
6784
-10113
-3713
4993
-6273
384
-16257
-17281
-1408
-9857
2432
-8833
-28801
-27264
640
5760
-8065
-9089
3713
10880
8064
-1153
-15233
4993
896
-1921
4224
11648
29313
-11649
-11649
1920
17791
-5760
-9601
128
-9857
-32640
-15999
-2689
1920
-897
-21889
-11648
-4737
6272
8064
-31105
8321
-3969
-2177
8320
17280
-14208
19584
640
1920
-20352
1154
8832
384
128
-642
-4480
-129
-10369
1664
-21121
-7552
3712
1408
-385
20863
31360
384
5504
4992
25728
-29055
1664
-1665
-897
-30593
26496
-2945
12928
17536
27519
-23168
1920
7552
6016
16510
-15745
-6017
-2177
-5761
-24960
-29823
-1921
-8833
15488
8831
22656
10112
-7297
8320
29824
-5247
2176
-6529
7296
20352
10369
2432
-6017
8832
-14465
-10880
14208
-7553
9088
24192
23681
-1409
-11393
17536
-24193
-30592
12416
-13697
12928
9599
-2433
128
-10881
640
6528
5505
-4737
-7553
19328
2176
-26240
2944
-16257
13184
-23681
27520
11136
-3713
6272
24704
-3712
5760
-4481
19328
13184
14209
-9345
6528
8320
-9345
641
-20865
5248
3712
-7297
-17792
-11393
-2433
18304
-3712
-24447
-8577
4224
-897
-31872
-25983
-1409
-5505
8576
20095
16000
-10625
-1665
-2177
-7553
-17024
-14977
128
1920
-25472
13185
5504
-3713
-8065
2688
-8320
10112
128
4480
-1152
25473
-1921
1920
4480
11392
12417
-8577
4992
1152
28800
-21631
-9345
13440
3200
17793
15490
-21121
3712
2432
7040
5761
-9345
-5249
896
-11393
17536
-3969
8576
-641
-32641
-32384
640
6528
-12929
30591
-1152
3456
11136
-14721
7040
26753
-4481
13952
-9089
20096
10369
8320
7040
3968
-5505
11649
5760
-4225
-6785
17791
12416
1920
-385
7040
23423
-14208
-2689
3968
9856
25216
-28287
10624
3456
2432
2688
-4224
12928
-1153
5760
32639
-27008
-4993
3712
14464
-17025
-27520
3456
-8321
2176
14208
-9856
10880
896
-2433
30847
-14720
-6785
4224
-5249
25215
-8832
7808
11648
128
17280
8065
6784
9344
2944
14720
4481
-1409
6016
7552
17023
-11648
-2433
-1409
-897
14976
-28287
640
-1153
9344
21120
31617
-3457
896
7296
-28289
-6272
5760
-1409
1920
19584
-19327
6272
-1921
3456
21887
-12672
-4481
9088
2944
-8833
-896
-9345
9344
640
17023
-22912
8320
17024
128
4736
-9599
-1921
7808
-4481
-28289
-31104
-3201
12160
-9857
12672
-30079
128
9600
2688
-13184
-12927
3968
7296
1408
-11137
-8576
4224
-6529
384
-20864
-12671
3712
-1921
3200
-10882
24960
13952
11904
11136
12672
-2688
-2433
7296
6784
-8065
-28800
-9089
8320
7040
-22913
-10880
-129
12416
4736
29311
-13440
3456
17536
-1409
-31873
8320
896
18560
12928
1920
129
11648
-897
2944
-14209
385
11392
-9601
-4481
-21633
-21376
-129
-385
4736
12416
-28287
1920
9856
7552
1664
25985
16256
14464
4480
-9601
10369
10368
8320
-3713
15231
-13952
-1665
2944
-1665
-30337
-14464
10880
9600
-385
-12673
-5760
-2689
-129
6016
-24960
-30335
-1409
3456
-6529
-641
8321
6272
3968
3456
384
-10880
-1921
8320
4992
-26753
1153
-4993
-641
5760
-23936
23937
-1153
-10369
6272
-30337
-32640
4736
2688
-2433
-8577
-896
4736
640
5504
12928
13441
3200
8320
-897
24192
17281
6272
-4225
-1665
-2177
19329
896
2944
8320
24704
30593
-2945
-7809
-1665
-24960
-32383
-641
-641
3200
-29825
-10368
-17537
-4481
2432
-24449
-4480
-11137
-13697
-4481
19839
-4736
5760
128
1152
-10625
-128
-12929
-129
2176
28032
15745
-6017
-8833
10368
22911
27264
-10881
-12929
896
-11137
12161
11648
5760
14976
-9856
22145
-10113
7552
15232
14207
-8832
-9089
3456
1920
2688
-26495
-16513
3968
4224
-31361
-12416
-4737
-1665
7296
-26753
3969
-6529
12928
1920
29056
9345
-897
11392
1408
16000
-10624
-1665
-5249
9344
-28289
-5504
3968
-2433
16256
6784
19073
-1409
8576
18560
14976
8577
-7041
1408
3712
-9344
-1151
-9857
896
3456
20352
-25983
-7809
1408
11904
28287
129
-5761
10112
128
6016
-30335
1664
17792
-897
18047
-7552
1408
19840
6016
-3712
-15743
-1921
9600
-3713
24959
-5760
-4225
1920
8064
-10370
32640
-4481
1920
-641
-31616
32641
-4225
-2689
-6017
