29055
20864
28800
22912
-11649
-2689
-19328
-11904
6272
11904
-19329
-29056
17536
22400
-19585
-21121
10368
22144
11136
28287
21887
-23424
-8577
4480
31359
28031
-14465
5504
2944
20863
17791
-13441
29312
640
22655
-26753
17792
-18050
-18051
3199
10111
-8577
24960
-6784
-25985
32127
-3713
-8576
-18304
-25729
-22401
-17536
896
21120
-3201
-12417
18304
16000
7296
-20865
-24961
640
-15233
27520
-25217
16512
-21889
-4993
-6785
-1153
-2690
-2433
9089
-22144
-21121
-6529
-9088
-2688
-24704
896
-4481
6529
-14721
10880
-1409
25471
-32384
4480
19328
2176
-17792
3969
24448
-3969
24192
23935
-12928
13696
1152
7040
-23681
-19584
22144
-5505
7040
-22657
10369
16256
11392
13696
-21889
-21120
30080
-2945
-12673
-9090
-16513
16510
32636
22398
-5505
-9856
27008
-10368
6016
-27265
-30336
-28288
-11904
-23681
13439
-9345
30847
-28545
-23425
-16769
1664
-11393
10624
-8321
-7297
-9344
-29568
24960
11904
11648
-13440
-14208
-19840
25472
25471
19584
14208
26495
27007
29312
19841
-9856
-16512
29056
14207
-25216
16255
-31873
-30849
9600
27520
1151
10365
-4226
-6018
12416
1152
2688
-23681
-14720
-19072
13697
17537
-20864
-23169
-4480
-21633
29567
-22145
-5249
10624
18304
-29056
-8321
29823
-27264
-22145
18559
27519
6016
-14208
-11648
-15744
9344
-1410
-32129
-29313
19327
-2946
-5761
27264
-22912
-6784
-16001
-10882
-14977
-20865
7039
2687
-24961
21120
24190
-12420
22142
-10114
-10369
-14465
-23681
17279
22912
6785
22144
19073
-14464
-9346
-13185
21375
15487
11903
-18049
-17792
31616
-6016
-4993
-22401
-19840
16255
9855
-23937
-22656
-30336
-27264
-22912
4736
11647
-28544
-4993
1663
32383
30336
11905
-16768
-19072
25472
22143
28544
-9601
17535
-32385
-8577
1664
-1410
-12164
-29570
-32385
27008
16000
-9857
-29825
-27009
15232
1153
-6016
6272
128
22144
-4481
7040
-30337
-10369
-11648
18304
9600
-15489
-31105
-27521
12160
13696
27775
-2945
11136
29056
7296
-29569
9344
-1408
-24704
7296
-7553
18304
-22656
27520
1920
7296
2688
-18304
-897
9600
30591
15487
-10881
-7299
-15749
7038
12160
25984
28544
-3456
4224
-27265
-32384
-2433
-29824
-897
9600
-8576
-5505
17536
-20865
2944
17792
-7553
6528
-13953
24447
-11137
10624
11136
14463
-27777
-25984
4736
13696
14463
30591
25216
13952
5504
20863
13440
31872
17536
7296
-28545
-9601
20096
-11649
4736
-30849
-22913
17792
382
13436
9598
4224
-27776
-32640
-10368
-12161
1152
19840
16256
-8576
1664
22399
20608
-10113
14720
31615
-25985
-12160
14208
7296
-28033
2176
9088
28544
1920
-24961
-1409
-17024
22656
-4225
-10881
5760
-13952
-897
17280
-11137
-4993
29568
-13185
7040
-13953
15488
29056
21376
26496
-6529
-21377
17280
13950
13180
12414
28287
10368
30592
-16256
4992
-12929
25984
-18049
28544
17536
-6273
-28544
3200
7040
-1665
28544
2945
11648
-641
7808
11136
21888
16256
-6017
-4225
11904
-20096
32128
3968
-3969
-10625
27776
27008
-7553
-21889
-17281
3712
-4993
-5249
-28033
30080
9857
29824
-25729
-8833
-13697
-32384
4478
-13701
28542
-21632
-5248
2177
-29056
7808
4736
-18816
30848
22656
18048
18048
23936
-385
-129
-19329
-17024
-11136
-17792
384
13440
12416
8064
3968
6016
-18305
24448
-10112
19840
-10113
-2689
15232
31616
-28032
10112
1920
4992
-19840
1408
1664
29823
27264
13696
-1409
-7553
-25217
-1409
12416
30078
11388
23934
6016
-23168
26240
-17280
128
23424
-3968
14720
-27008
-6017
32640
-26496
30848
-897
-13697
30848
14208
-23169
-30337
25215
-4481
9088
-20097
7808
-28289
18304
-6272
10112
-10881
-18817
21120
14209
26752
5248
-15233
25472
14720
15488
-6529
-25729
-17280
-2432
-29056
1408
9856
5760
-28032
-1155
6268
28542
13440
-17792
31616
4993
11392
4480
20609
-6529
-28800
640
15743
-8065
-13953
-5249
15487
29056
-18560
9344
21632
-21633
21632
3201
-17793
3712
-18305
-22400
-22144
-11649
-18561
6272
18560
-32128
-19328
20864
2688
8320
-23168
23424
3456
-20865
8832
-16000
28800
13696
-13185
-18817
13952
-27010
31100
-22914
3712
-21632
2689
6273
384
18048
-1920
-11648
-25472
21120
-12929
31616
3712
-7809
31615
-27777
-28544
-20097
-6273
17535
-13185
20096
26240
5504
-18817
-1665
4225
-2945
2176
-21121
24960
-10112
30080
384
-2433
-2689
24704
4736
28288
-22657
-24448
-23168
-4481
-13953
-16257
16000
-21376
25214
27516
-386
14464
-31616
3968
-27776
23424
-16513
32384
-3713
28288
-18817
30336
-10112
-6785
-897
-10113
23424
32128
-4993
-6529
-10369
7040
-6529
-4225
11904
-24193
-6017
25984
3456
10112
-26241
