-2689
24192
-385
-20865
-5761
-5249
30080
17280
3200
-3713
9344
1664
21376
-31104
18304
8320
16768
-6273
-1153
19839
2176
-8833
4224
-4225
31104
640
-10113
-3457
-15745
-20609
2688
19584
3712
-1409
25215
7039
-23938
-19586
895
-27009
28544
16000
13952
12416
31103
17536
-32128
21120
3712
32383
8320
5760
10624
23424
8320
4736
26752
3712
13696
-28545
10624
4480
-1665
26240
-5505
23680
28544
-1408
-29567
1664
25472
-21632
28800
8064
-21121
8832
-24448
22400
-27776
27008
1920
-15489
11136
-29824
-10880
-129
-2945
1664
15744
-14721
-6017
-15488
21120
-9344
14208
3968
1408
1920
9088
18560
-4481
22144
9344
24704
-3201
6784
12928
-4737
22144
1153
3712
3200
-129
14464
-10881
-19586
-31106
24446
13438
-3202
12416
20864
-29568
-22656
26240
1408
384
20864
9856
-9345
11392
-11137
-8321
-9601
-22145
-1665
25472
-641
12416
-9089
6528
16256
16512
19072
24704
29056
31360
-27776
26240
28032
-11649
-16257
-14209
-12929
-9601
10112
-4225
-31616
-21632
-25216
-25729
-32641
-32385
-30337
18560
-6530
7294
-30850
-25730
4223
4992
-9089
-15233
12416
-19585
-31616
-24960
-8064
-24704
-26240
31103
29055
-2689
11136
31616
23680
7552
18560
19840
-7041
-19585
31103
-19841
18560
-1153
28288
20608
20608
27008
21632
-9345
-20609
26495
25471
5247
27008
-1409
4224
28544
5504
-6273
-24705
-19073
-24449
18559
-2434
-12931
8318
22654
1151
11136
384
-9857
-2177
-27265
-9344
-27776
-11904
1409
-14720
-15489
23423
27263
-31873
8319
15488
-32384
21632
14464
10624
-26241
-10113
-24705
8320
8320
17536
19840
24704
-15744
-4225
-18305
-8065
-15745
-17281
4736
24192
29056
31872
14464
1921
-19329
-32385
-14465
-7297
-4737
-2690
-30082
29566
24190
-7042
384
2432
-9345
1920
-17793
21888
-4993
7808
15232
-19072
19840
-2689
-3201
11648
-18561
7296
640
7040
14464
-10113
5248
13952
5504
8064
30335
2944
3712
-8065
-4225
21119
-2433
27776
896
24704
2176
-1153
-29824
17280
-30848
10881
12672
11136
-1921
-12417
-30593
32638
-30594
1150
19838
-18050
29824
-25984
3712
8320
-23425
21376
-23424
9088
31104
12928
11904
-129
-11649
6784
-7041
12160
5248
-11649
-8833
-8833
20864
11648
-17793
30335
-12162
-3969
-9345
-5761
13184
-641
-7041
11392
128
-18305
7295
-641
896
-4481
-385
-10625
6528
-129
9344
6528
8320
25982
17278
19326
1406
24958
22400
8320
23168
14720
22912
15232
20864
14208
7040
-3713
384
-4737
7808
-6273
10624
-6273
-4481
4224
4736
4480
3200
6784
8832
-897
30847
-12161
2432
10368
896
5760
-6529
-11137
4224
1152
-29313
-3713
-23681
-6785
10112
19584
-5249
26752
11648
-641
10879
20606
2942
-387
638
-21122
17280
18560
29312
17280
30079
14208
29056
-32384
30848
-10881
-6785
-11905
9344
-9601
-28289
-11905
-897
10112
30080
-7041
-10625
27264
-1153
-18561
-22401
-2433
29824
5760
4480
1408
-1665
10624
-4737
-3201
-2177
1920
1152
2432
10112
15488
-7041
-7041
-129
18048
-19584
17534
32382
18814
32126
21119
20864
-20608
16256
30848
-16769
5504
-30080
13952
16768
-5505
4224
-6785
-1921
-9089
-12161
6016
-24704
-30080
11136
11648
5504
16000
-1153
-12929
14719
-4225
18816
14464
11904
-26240
6784
24960
5504
-15489
22143
21120
-16513
-10369
-27009
-25729
16768
7040
640
-16513
5248
31102
-10114
25470
24190
10879
20352
29056
18816
7808
12928
17792
11648
9088
-21376
6784
8320
31104
9856
2944
23935
4736
-4481
-8321
7040
28799
128
9600
4480
-4225
21375
-9345
-4481
-2945
15744
5760
-23681
-5249
6272
11648
19072
-897
4224
4992
-2177
-27521
-6785
-13184
11648
15744
-3969
18302
-12418
21118
27774
-13954
10880
-27776
25472
-31872
9600
-6017
26240
23168
-13952
-640
-1153
-30593
-7297
-14465
13952
-8065
5504
1408
25472
-13185
-7297
6016
12416
28032
-25216
4992
18304
2688
-1409
-23169
-6273
19328
7040
3968
-6017
9344
7808
2944
-8577
11392
-8065
-32128
20864
-10625
14976
-31106
-386
-32386
13950
-11906
22144
23168
11136
16512
20096
17280
28032
27520
29824
-24448
7296
-15233
-2945
-22401
-9345
15744
-21889
-17793
-12161
-29313
-5761
28800
2432
-15233
-1665
-5761
1664
-1921
11648
28032
-6017
17280
2688
2176
-897
-2945
-8065
-8065
-5505
-13953
-3713
25216
14976
128
10880
-32642
11903
-22146
26494
-13186
27776
20864
27264
16768
-3201
18048
15232
23936
19584
-129
-1409
-6785
2432
-4993
-27520
4224
3712
25216
-19585
-7553
-897
8576
-1409
-18049
13439
128
2176
4992
-3969
-7553
