-3969
-19073
-14977
-129
-13441
17280
11904
13952
14464
15488
15488
9600
22400
14976
7296
13440
-5761
3968
29056
13440
23936
-6785
15488
5504
25984
10112
3200
25472
8064
15744
11136
-23681
-3969
17024
24960
11904
-13441
24960
-23937
-10881
26240
-12673
25216
2944
16256
18816
-23937
6784
-20353
-11905
15232
-31361
18048
-1409
26496
27520
-20865
-31360
15232
6528
16256
-29825
5504
-15489
-15489
11904
-13697
24704
-16001
-6017
18816
3200
24448
1664
15488
2176
-129
4480
-8833
896
6528
1408
5504
-8065
12160
11648
-2945
14464
-24961
-4737
4224
1920
-2177
10880
1152
3200
1408
3712
-8065
-14465
5760
9088
15232
-18561
-21633
-1409
-1921
4736
21888
13952
-1153
-5505
4992
-28544
7552
8064
-4225
11648
-17793
-17537
11136
-7041
6016
11904
10112
14464
-17537
3968
-7297
5504
16768
-8065
8576
2176
4992
10624
-20609
-11137
27007
-12673
8832
-26497
-3969
-17025
1920
12160
-19329
4992
-1410
30847
-1153
-32641
-9857
7808
7552
11648
-25473
-6273
-27777
-26241
11904
-13953
8064
23168
18816
11648
-29569
7040
21888
21120
14464
-31361
21376
10368
12928
26496
-19841
9856
10112
12160
11392
23167
-5505
384
-6785
6784
29055
1408
-2689
-1665
-1409
31615
-1921
19584
10368
6272
22911
-5761
-6017
-6529
-3713
28543
-9345
-19585
-10113
8832
-28801
2176
-4993
8064
-3201
27263
-13953
8064
-7553
4224
-21633
6016
19584
12928
15744
-15233
20352
11392
-2945
11392
-19585
640
-24960
21888
13440
-15489
24448
-31104
24960
18048
-21889
5248
-27265
-24961
-8833
-25473
-10369
9856
-19841
10368
-11905
10624
20864
14464
14464
-10113
-3713
6272
-7041
2688
-10625
-10625
-26240
32640
3712
-11905
12160
11904
14208
9344
-7297
3456
-27008
13184
8064
-16513
-6529
-20608
30592
24704
-2689
22912
-32640
-29056
18304
-16257
1920
-20353
-4225
-4993
-25729
-15745
27007
-23681
4736
-18305
7808
-9089
-2945
5504
-31105
-23681
9344
12672
384
-28033
-8321
-19328
17792
-7297
-8577
12672
-20609
-16769
1152
-25729
-897
30591
-30849
-897
32383
3968
-6529
-8833
-129
-20097
14976
-6529
23424
-4737
-29313
8320
-15489
-2945
-2945
22911
-6273
-12929
-5249
-385
31871
4992
-25729
-1921
-9089
15743
-13441
896
9344
-11137
16511
-10113
-21633
3456
-11649
-29569
-4737
-22401
-14977
-12929
28031
-14209
-25473
-3457
5248
25215
9088
896
11648
3200
25983
12416
-17281
-3713
17536
-30081
-385
-28545
-9601
13184
-27265
8832
19328
14208
2688
-18049
17024
-10625
7552
384
31103
-1665
384
5504
-11905
-29825
10624
-32129
-17281
-3201
-22401
7808
-15233
-14209
-129
31615
640
-30081
-8065
896
-18561
640
15232
13440
4480
-10625
10624
-1153
-7041
-11393
-17025
-10369
-7809
-6529
8320
-8833
18048
27776
26752
7040
-2433
-2689
-16257
-13953
-1665
-25729
-10369
-7041
17280
-8833
-14977
2688
3199
6527
-2689
-7553
9600
-13953
-13441
9344
-27009
-10369
-11137
-10881
128
-9601
8064
-20353
-16769
-6529
-24705
-6529
8063
-31105
-8833
27263
-13185
-29313
-25985
-7041
-28033
16256
20352
7040
13952
-26753
6528
-24193
-3969
14976
31615
6528
-23681
-10881
9088
-21889
11392
14464
21888
-3969
29311
-12673
-9857
16768
-12673
19583
-32129
-14209
4992
7552
32639
-1665
-25729
-23425
-14977
21375
-20353
-13953
-26241
-16769
16511
-13185
-7553
-2689
-6273
-24193
1920
-1153
7296
896
-31105
2944
18560
14720
-3969
21887
1408
11136
10880
11136
-17793
22400
8576
128
7808
29567
-9089
18816
17024
-9857
19327
-2433
5760
-18561
-2945
-25473
12928
-2433
13184
-7297
28287
-12161
-10881
2432
-1409
20863
10880
6784
-4481
-22401
-21377
20864
13184
-2945
-6529
24959
-7041
-17025
-20353
-7553
-18305
-2177
-20608
16512
-2689
-18049
24960
-26753
-14465
-3201
-18561
5760
-10113
-20353
-8065
-18561
6784
-26241
-25985
-12161
-11137
-2433
-3969
-897
-10625
-14977
-14721
21632
-6017
-8321
-10113
6272
25727
-28289
1920
-1153
3968
-16257
-11649
-10369
-19841
-3457
9344
8064
1920
-7297
14976
24703
-22913
-13953
-1409
8064
17280
9856
-7809
-17025
-4481
-24193
-4737
128
-1153
6784
-21633
-10881
-2177
-4225
10880
-30592
-25728
-8065
-13441
-11137
15488
4736
-6529
-8577
2688
10368
-15233
-10625
-21633
-10881
-6785
-9857
6784
-27521
-12161
-3457
-897
-8321
-29825
1920
24448
17536
-11393
-22145
13952
7552
-4481
-7297
-29825
-8833
-5249
-14465
1664
-13953
32384
30336
25984
10880
-27265
10112
-15745
-14465
-3201
18047
-897
-25216
-31616
-1409
25983
9088
7040
-7553
384
23167
-5761
31359
32383
1152
20863
-13697
6016
-9345
