-12929
-4481
25216
29056
-5248
6784
15232
23168
-32640
-27776
-129
14464
21632
21376
15233
896
28544
29056
32128
4481
1408
14464
12672
14720
27264
-27265
4480
2944
-7297
1664
-11905
11392
-17792
30336
-12672
-20353
-16769
-11138
2431
-2946
-20097
8832
15488
-20096
6017
-16513
23680
-4736
-16768
-21632
-27521
18304
1152
17024
32128
28543
8320
2944
13440
-11392
-18305
15744
-18048
-30336
-26752
-1921
-5505
-11649
-3969
-22657
-6529
11904
14720
18560
27776
-1153
-6529
12416
-30592
30080
1152
17792
25984
21120
13952
2688
6784
-28288
25728
9857
3712
-7297
-5505
1664
4224
16768
16768
6528
15232
13696
1408
7808
5248
1920
-14977
-8065
13696
-385
4224
-16001
-897
9856
-23425
-6273
31871
-18561
-26497
-29314
-6786
27518
-2177
13184
25216
-18560
22912
-9089
20096
-8576
-18304
10625
-24961
-11393
16767
-17025
-21633
-15745
-4737
11392
19584
15744
-16769
4224
20608
26752
29056
-31361
-11137
-20864
-27520
-29824
-27521
-19073
-27009
-23681
21119
-28545
14208
-4224
-17024
-7808
30591
-16001
-16257
-4993
-26240
18303
-5249
1919
9599
-17794
-24961
7296
4736
-6017
31360
31871
7552
-6272
-640
7809
24959
2688
-17537
-19841
-3457
-20865
9600
-15232
-17024
24704
26495
-13953
15231
23935
10880
-23937
8320
-1920
-18304
7041
-32385
-8321
-20609
-31105
-14209
29567
-8577
5761
-6528
-19072
28031
-12929
-31617
-30081
-30849
30847
-17281
25982
-9602
-28802
-25217
-13697
-27521
-29569
-7041
-10369
29568
18048
-21120
30336
-28033
4736
-1410
22655
11903
-23937
-5505
5761
-19072
22401
-14721
-10369
-14721
-23169
4480
-12929
5760
-11904
-7808
5249
-19585
-22145
6784
-13185
24960
-6017
-897
-4224
-13440
-21120
-9601
-4225
-22657
29823
-19841
-27521
-20353
12927
24959
-9090
-10881
19072
2432
-10625
-20097
-12417
5248
28544
31104
29824
-17281
-1665
-31873
-19329
30335
-10369
8576
2432
11648
25472
-20097
-9601
20608
6528
2176
29311
-10881
8576
28544
-29056
-20865
12416
3456
28288
17024
-19329
-6273
24960
14720
27520
31615
-3713
8576
23168
9344
-23425
-1665
6526
-30082
-6275
-27009
5248
26496
25984
-10880
30335
-8065
10880
-29056
-1664
-25729
12928
21632
32640
19072
19839
-20865
-10113
17792
18048
19839
-19073
17280
28288
21632
-22657
128
28800
16768
29568
28799
-15233
12928
18816
-7040
28031
3456
22912
21120
30080
23935
11392
-31873
5504
31871
19839
-11905
19326
3711
383
-16257
14464
6784
16768
6016
-18561
11648
-30336
-15744
-6528
-22913
2944
-12673
-641
23936
32639
-1409
10368
24192
10624
-23937
2176
3200
18048
6528
32383
-5761
7296
14720
-27776
-22913
13440
1408
20096
-3457
-4225
13952
-9601
11136
2432
-24193
-9089
19328
23936
-21888
-23681
3712
-17794
-6018
-15746
-3457
9600
14464
-28544
-17792
-19329
1664
-16257
21376
31360
-2689
13696
-9345
7040
2688
-5249
13184
6272
14720
11392
-17281
-7297
13440
8832
5760
-15233
-3713
10112
17536
24960
-10369
2432
-5761
2688
-641
-18049
6272
-9601
-5761
-17025
-21633
3456
31359
-9857
-8321
-31105
7808
-899
-28034
8318
-32385
10880
17024
-32640
3457
-22657
24960
15744
-29312
-32128
-12673
1920
31871
-11393
24447
27007
-16257
896
19328
-32640
31871
-8833
12672
12160
20352
26239
-9089
-13697
10112
29312
22399
-13953
-30592
30080
2177
-18561
6016
1920
5248
-10369
-32641
-2945
-18561
9600
384
19839
-11393
-14210
-2434
4734
-14977
22144
-30592
-32640
-25472
-31617
6272
18560
20096
-21888
-25729
1664
-31872
10624
13440
30335
12416
30335
-16513
-22401
20863
-12161
30592
-27776
-10112
22655
-5249
-13441
-4481
13952
-30337
8576
-3713
12416
-26752
-19329
-2689
-29825
-17025
-13697
-25729
-7553
22912
20352
22144
-16513
13184
-29058
-4482
-13186
-21633
1152
-22144
32384
11393
-19329
-6273
20608
32384
1153
-641
12672
-12417
-19841
-897
-20097
-15233
-1152
-24448
8577
-12673
-9601
32384
25216
-2944
-4225
-4993
-28545
-8065
-16769
-17793
-17793
24192
-25728
1153
-6785
6528
-5249
-7041
27775
-1665
13184
-13952
-25472
9601
-12929
-14721
20351
18815
-1666
-2177
6528
-11904
-10112
10113
5504
13440
25472
-27520
-7296
-17281
-12417
-21377
-12673
6016
-13953
-5249
22912
11136
-27264
-9089
-1921
25728
9856
22144
-23937
-17025
-7297
6272
28032
-15489
-2689
7808
3456
17280
-11905
3456
-24192
25472
17280
-28033
-9089
8832
8064
18560
-21121
16512
-19074
-898
1150
-13697
15232
-3457
23936
32640
27007
3712
8064
22912
13696
32639
18560
-3969
2688
6016
28799
-897
-385
9344
23680
8575
-21377
-30848
29568
-14464
31871
-4993
28800
-31616
-18560
