-8065
2176
-4993
640
-1921
8064
1664
-16513
12160
1152
-8321
14208
-12673
4480
896
-9089
13184
-6017
-2945
-3457
-4993
128
-10625
12160
-897
4736
7040
-3457
-6017
384
-5761
-4993
5248
-5505
-9089
640
-10369
128
384
-3969
4736
384
-2689
2432
-3713
-10881
-8065
-641
3456
-2689
-8577
2432
-9601
2944
2944
-12161
-6785
-5505
6528
-5761
-13441
-8321
640
8320
-11137
-14465
3712
13696
-17025
9344
128
10624
384
-5761
1408
-6785
2176
-3713
9600
-4737
-129
640
3968
-1153
4992
384
-4481
13696
-8065
9344
6272
-9857
-1409
-641
2688
4736
-6273
-897
3968
10112
6784
2432
1152
-3201
9856
-1153
4480
9088
-2689
6528
5504
-4225
1152
-7297
-641
1152
5248
-15745
-11393
-4737
3712
4736
-3457
1664
-8577
8576
-4481
12160
-3713
-9089
7552
2688
9088
6528
-7809
10880
-4225
896
-2177
-8833
6528
13696
13440
4480
-8321
11136
19072
11136
11136
-5505
6272
2432
-1921
7040
-3457
6016
16000
4480
5248
-7041
-897
2176
4480
1152
-3457
13696
5760
-7297
-2177
-385
7808
-2177
4992
-897
2176
17792
-10369
9600
-16001
-12673
3968
-1921
-9857
-2689
-8321
18560
4736
-8065
-8833
4992
7808
1664
3456
-3457
-1409
5760
-14465
-11137
-7809
-4481
14208
-4993
-13185
-3457
6272
18560
-11905
2688
-3969
4736
7296
-13697
-15489
2688
8064
5248
-13697
-13185
-15489
-3457
6272
-13953
-4737
8832
2176
4992
-2689
-5761
896
6272
3712
1152
-3457
1408
-9857
-1153
7040
-12417
-7041
-9857
-15489
-1409
-4225
3968
8576
-3457
-3713
896
-2689
-7553
1152
2176
2944
-13185
640
-1153
5248
-1665
1152
-2433
11136
6528
2432
14720
-11393
-9089
-2689
2176
4224
-7041
-8065
-5249
-2177
3712
-12929
-9089
-10113
-3713
-1665
-12161
-14721
128
-13441
6784
2944
-3201
-7297
-11137
4736
-5761
128
-14465
-2689
3200
13696
-12929
-9089
-4481
-1153
1152
8832
2432
-897
-4481
-4737
15232
-15745
-2433
-1153
4736
5504
-3713
-9857
-385
4736
2944
-385
-2177
-2433
-1409
3200
-11905
3712
-9601
-2945
2688
-10881
-2945
8576
6528
-385
-13185
-7041
-7553
-2433
2688
-11649
-2433
-2945
896
-4225
-15489
10880
-2945
-12929
-1409
-11137
1920
1664
1408
14208
-16257
1408
384
-9857
1664
-13697
-6529
6784
-9601
3712
-19585
11904
-2945
-3201
6272
-21889
9600
3712
-13953
-641
-1409
7552
1152
-9601
7040
5504
6528
384
-9089
2944
7040
9344
-1409
-4737
3968
5248
3200
4992
5248
1408
1408
6784
2944
1920
4224
-2945
2432
7552
-5249
4224
-8577
-641
1152
-8065
3456
-7553
-6785
9856
896
-5505
-11137
-2945
5760
-4225
-385
2176
-385
1664
8832
-4993
-5249
2944
7808
4992
1408
2176
13184
10880
-2945
3200
15232
-4481
-4225
5248
2176
-1921
6784
4480
4736
16512
-7553
4992
9600
1408
10368
1664
896
-4993
7808
128
6784
-11137
-6785
10624
-7809
10368
128
1408
-7809
6784
10368
-1921
3712
1152
2688
6016
-4737
128
-15489
4992
6528
-4481
-8833
-4737
5760
19584
-1665
-4993
-1409
896
24448
-897
1408
11136
-6017
13696
-897
5248
-3713
640
11392
-385
6272
6016
4736
9856
7552
-2177
5248
-2945
4736
10112
-2689
12416
-4481
12928
-1665
2688
6016
-1921
5248
13184
-17025
12928
10368
7552
2944
-2433
5504
5248
1920
8832
-4481
13952
15488
9600
8320
5760
7808
11136
14208
384
-10625
11648
-4481
4736
12928
-2945
7296
3200
-3969
4736
-897
-1153
-5249
1152
4224
2688
-4225
1920
4992
-3969
3200
-7553
5504
19840
11648
6272
384
1408
8832
4736
-1153
-6017
5760
8064
4992
-6785
-9601
-6785
640
896
-2433
-12929
-6273
1152
-9345
-13697
5248
8832
-4993
-5249
-2433
-1921
1920
-2689
-1153
-8065
-19841
1920
-3969
-3457
-5761
-1409
384
-3969
-1665
-5761
-14721
11392
-10113
-9857
-5505
-10625
7808
-2945
-129
1664
1664
9600
-897
-2945
-2689
-13185
19072
-3713
-15233
-8065
-4225
-4481
-14209
-8065
-12673
-385
1408
-2945
2432
-13953
-6785
4480
-4225
-6273
-9345
-1153
12672
-4225
-6529
-5761
-385
9088
3200
-3969
-5249
-1153
-897
-5505
-6529
-17281
-2177
9856
-1409
-14721
-3457
-129
3456
3712
-385
-7041
-3713
4224
128
3968
-4481
4736
-2945
-129
8576
-15745
4480
-4225
7040
16000
-1921
11904
-5761
13184
4480
4480
14720
2176
4224
2176
-10369
-641
4992
14976
7040
-15745
-1153
-8321
-4993
-6529
1152
10368
-1153
3456
-1921
128
10880
