-15999
16767
29823
27263
-642
25728
9344
-6529
-14721
-7553
28544
-385
19840
-12929
6016
-26496
16768
16256
-9857
12928
10368
-25217
-4481
-28801
-385
-2177
15232
6528
-21377
3200
23424
4992
19072
-24449
-897
22400
30847
-2690
10111
13951
-4737
-18049
-7808
-31617
24960
-2945
24448
-12672
12416
18304
-29824
-14721
18816
7552
5504
4736
-31616
8576
20351
5504
14208
-6273
-385
31103
21632
5760
-1153
16512
31871
16512
-5504
-18304
-128
-4992
29824
31616
5760
-22656
30080
19328
-14464
31871
-1665
384
14208
17024
5504
128
-23169
6784
-3456
3200
-13697
-9857
7808
13952
6016
-7809
-14977
896
-32384
-17025
9600
-20609
-5505
30080
12672
9600
4224
7552
-23168
-12161
-1921
-27521
2944
21889
-19073
383
24447
17279
-17025
-29568
-9088
8576
29824
7296
-31872
-19840
2432
20096
-20096
-13185
10368
6528
2176
-16001
-10369
-385
-8321
7040
18304
-30848
26752
-29057
-5505
-10881
-25729
-21121
-27777
16000
-24704
-13185
11392
-12417
9344
14464
-14209
15232
-11137
31360
27520
1664
-12161
-14209
7808
16001
22400
11647
2943
-32129
3968
31872
-11904
384
-28288
12928
28544
-14464
8832
-29056
-5761
5760
6016
32127
19072
20352
17024
10368
-897
15488
-14208
29568
30080
-15489
6528
18560
6784
28288
-7297
22400
-28288
4992
17792
-15489
4224
-1665
28544
29056
24191
25472
-7040
-17793
9600
-12673
11136
-4480
14720
12159
12159
-26497
-3457
-14208
-13952
-9345
-20864
-26752
-26752
-10624
21376
-25472
-3712
-21888
28544
6784
18816
20352
4480
29056
23935
22912
-27264
-18817
-16001
-20609
4480
6528
16512
18816
23935
21632
-23936
-20608
10368
-14977
9088
-27776
3968
6528
-19585
18048
27520
23679
-2945
24703
22400
-10367
31359
18303
-29057
-20097
-9344
-3457
-6016
15744
31872
19072
-32384
-17280
5504
-26496
-1153
-4993
21888
-5505
26752
29568
-13441
128
-10881
1152
-24704
17280
17280
-17281
3968
385
16256
32384
-8065
-2689
-26240
-19840
7552
-9089
1408
-31360
7040
1408
-10113
-5505
-27265
-26241
6784
8831
19584
32129
4224
21119
15487
-19073
11904
18304
-6784
23424
-28288
-4993
16768
30848
-31361
28544
12672
11392
28800
32127
22400
9600
14464
10368
-13953
10880
16256
8064
10624
-30593
11392
-5504
2688
20352
-7809
6784
31360
-14721
9344
-9857
896
-29824
26239
384
-18817
7808
16256
384
11904
-24961
4736
9857
-3969
28287
23423
-25217
32640
-14721
-16000
-27521
32640
29568
19328
-4480
8832
19072
15232
896
27264
-12673
7808
32128
16768
22144
32127
-11137
-29312
-22657
-2433
-15745
8064
24704
31359
11136
-26753
-3201
-20096
-25217
-6785
-6785
-4737
-1664
-31360
13696
-14465
-10113
21120
7296
2688
-14977
9344
30081
24447
27519
27775
-20097
-27264
28800
-11904
22144
26240
-16256
-22912
-1408
27008
7040
19585
20096
-27008
-7553
-8065
1408
32127
-13441
-30593
-5761
18560
-24961
11648
32127
9856
-11905
-11649
-23425
10367
2432
28544
-28801
-10881
-641
-2433
-8833
-13185
-10369
-20865
7040
7040
2944
-5505
-4993
-641
2945
-3457
16255
-18561
-31873
-30592
32128
-17024
-4993
29824
1408
20864
18560
-2945
23680
28032
-28032
20352
6784
-6785
-25984
-19841
-641
-5761
8320
-22656
-25729
-18049
30335
7040
8064
29056
4736
-11649
10368
24960
11648
-18817
-19585
3200
26752
-9857
-13185
-12929
23936
20352
-16769
-25985
-6785
21120
-10880
30336
-28545
13951
-8833
4992
-12160
-8064
-19329
29824
-7041
14720
30848
27775
24192
-8321
-9088
25472
16767
21632
-2689
4480
-20609
25983
7552
27776
27264
11136
-30593
7296
-26752
7552
1920
-29313
-2689
19072
10624
-16001
26495
-2433
-10368
-11137
-14721
-12929
-6785
-27776
13439
-9857
23935
-5505
6273
-19841
32127
6015
-19841
1664
-7809
3457
-20097
29824
-17281
1920
30592
31615
31360
1152
4736
17536
-18305
4224
-1664
-13697
13440
-14465
-11137
-32128
-1921
-641
28287
8320
17024
-8833
-17537
-28801
4736
-28288
13696
19840
20351
4480
-20864
-18305
-9345
-26497
3456
-4993
-21121
-22657
11391
20608
24705
-17281
-22913
-22145
-9345
-31616
14464
-14720
6528
-29312
31616
-16001
18816
-10625
20864
-26240
29568
10624
-11905
10880
-8064
8064
-10369
-12161
8320
30592
-31104
5248
32639
-9089
-3712
2176
2688
8832
-6785
17024
18304
-15489
32639
640
-9856
-24705
-385
-21889
3712
-1664
29567
-22145
-14977
6784
-17792
-19585
29055
15743
-7041
-24448
-24192
-4992
4992
18304
-641
-25728
-10624
-27777
22400
29825
28800
27776
-32640
-3457
-2433
27264
12672
28287
1152
-29056
18048
8320
-1921
-2945
-24704
19072
4480
21375
-641
